,ABCs,Alveolar macrophages,Classical monocytes,Cycling,Cycling T&NK,DC1,DC2,Erythroid,Erythrophagocytic macrophages,GC_B (I),ILC3,Intermediate macrophages,Intestinal macrophages,MAIT,MNP/B doublets,MNP/T doublets,Mast cells,Megakaryocytes,Memory B cells,NK_CD16+,NK_CD56bright_CD16-,Naive B cells,Nonclassical monocytes,Plasma cells,Plasmablasts,Pre-B,Pro-B,Progenitor,T/B doublets,T_CD4/CD8,Teffector/EM_CD4,Tem/emra_CD8,Tfh,Tgd_CRTAM+,Tnaive/CM_CD4,Tnaive/CM_CD4_activated,Tnaive/CM_CD8,Tregs,Trm/em_CD8,Trm_Th1/Th17,Trm_gut_CD8,pDC
NOC2L,0.0,0.0,0.0,0.0,0.0,0.0,0.0,0.35589665,0.0,0.18155362,0.0,0.0,0.0,0.0,0.0,0.0,0.0,0.0,0.0,0.0,0.0,0.0,0.0,0.0,0.35221487,0.0,0.0,0.0,0.0,0.0,0.0,0.0,0.0,0.0,0.0,0.0,0.0,0.0,0.0,0.0,0.0,0.0
HES4,0.0,0.0,0.0,0.0,0.0,0.0,0.0,0.0,0.0,0.0,0.0,0.0,0.0,0.0,0.0,0.0,0.0,0.0,0.0,0.0,0.0,0.0,0.6349925,0.0,0.0,0.0,0.0,0.0,0.0,0.0,0.0,0.0,0.0,0.0,0.0,0.0,0.0,0.0,0.0,0.0,0.0,0.0
ISG15,0.0,0.0,0.0,0.0,0.6649183,0.37913528,0.4026517,0.0,0.0,0.0,0.0,0.0,0.0,0.0,0.0,0.0,0.0,0.0,0.0,0.0,0.0,0.0,0.75853544,0.0,0.16684455,0.0,0.0,0.0,0.0,0.0,0.0,0.0,0.0,0.0,0.0,0.0,0.0,0.0,0.0,0.0,0.0,0.0
SDF4,0.0,0.0,0.0,0.0,0.7194738,0.48802102,0.42581785,0.3702239,0.0,0.3953033,0.6301467,0.8423759,0.7257168,0.0,0.0,0.0,0.0,0.0,0.0,0.0,0.0,0.0,0.0,0.59538877,0.75909,0.0,0.0,0.24053186,0.0,0.0,0.0,0.0,0.0,0.0,0.0,0.0,0.0,0.0,0.0,0.0,0.0,0.0
UBE2J2,0.0,0.0,0.0,0.0,0.0,0.0,0.0,0.49158195,0.0,0.18155362,0.0,0.0,0.0,0.0,0.0,0.0,0.0,0.0,0.0,0.0,0.0,0.0,0.0,0.0,0.28227392,0.0,0.0,0.0,0.0,0.0,0.0,0.0,0.0,0.0,0.0,0.0,0.0,0.0,0.0,0.0,0.0,0.0
INTS11,0.0,0.0,0.0,0.0,0.0,0.0,0.0,0.31817955,0.0,0.0,0.0,0.0,0.5578004,0.0,0.0,0.0,0.0,0.0,0.0,0.0,0.0,0.0,0.0,0.0,0.20178393,0.0,0.0,0.0,0.0,0.0,0.0,0.0,0.0,0.0,0.0,0.0,0.0,0.0,0.0,0.0,0.0,0.0
AURKAIP1,0.58264226,0.0,0.5743331,0.97621775,0.93200135,0.55245733,0.78409743,1.0049509,0.0,0.8481529,0.0,0.72981226,0.44090223,0.0,0.9916867,0.0,0.0,0.0,0.0,0.0,0.0,0.0,0.6991255,0.69396484,1.455223,0.0,0.0,0.7180986,0.0,0.0,0.0,0.0,0.0,0.0,0.0,0.0,0.0,0.0,0.0,0.0,0.0,0.71969026
CCNL2,0.0,0.0,0.0,0.0,0.0,0.0,0.0,0.0,0.0,0.0,0.0,0.0,0.0,0.0,0.0,0.0,0.0,0.0,0.0,0.0,0.0,0.0,0.0,0.0,0.14780025,0.0,0.0,0.0,0.0,0.0,0.0,0.0,0.0,0.0,0.0,0.0,0.0,0.0,0.0,0.0,0.0,0.0
MRPL20,0.0,0.0,0.0,0.7136992,0.4173964,0.5955348,0.7148044,1.1239042,0.0,0.25902426,0.5784484,0.0,0.7458428,0.0,0.0,0.0,0.0,0.0,0.0,0.0,0.0,0.0,0.53062785,0.3859262,0.9055958,0.0,0.0,0.793731,0.0,0.0,0.0,0.0,0.0,0.0,0.0,0.0,0.0,0.0,0.0,0.0,0.0,0.6995391
ATAD3B,0.0,0.0,0.0,0.0,0.0,0.0,0.0,0.13451539,0.0,0.0,0.0,0.0,0.0,0.0,0.0,0.0,0.0,0.0,0.0,0.0,0.0,0.0,0.0,0.0,0.14813367,0.0,0.0,0.0,0.0,0.0,0.0,0.0,0.0,0.0,0.0,0.0,0.0,0.0,0.0,0.0,0.0,0.0
ATAD3A,0.0,0.0,0.0,0.0,0.0,0.0,0.0,0.52916855,0.0,0.0,0.0,0.0,0.0,0.0,0.0,0.0,0.0,0.0,0.0,0.0,0.0,0.0,0.0,0.0,0.28265542,0.0,0.0,0.0,0.0,0.0,0.0,0.0,0.0,0.0,0.0,0.0,0.0,0.0,0.0,0.0,0.0,0.0
SSU72,0.74198973,0.0,0.5369066,0.6622701,0.6754541,0.8145584,0.7961055,0.7952603,0.0,0.6774324,0.0,0.6602513,0.0,0.0,0.7355936,0.0,0.0,0.70098853,0.0,0.0,0.0,0.0,0.65872073,0.28604156,0.69959646,0.0,0.0,0.7058089,0.0,0.0,0.7708372,0.9584256,0.0,0.9224262,0.84211284,0.0,0.8409486,0.8366231,0.0,0.8588138,0.0,0.58051264
CDK11B,0.0,0.0,0.0,0.0,0.0,0.0,0.0,0.0,0.0,0.18155362,0.0,0.0,0.0,0.0,0.0,0.0,0.0,0.0,0.0,0.0,0.0,0.0,0.0,0.0,0.1931466,0.0,0.0,0.0,0.0,0.0,0.0,0.0,0.0,0.0,0.0,0.0,0.0,0.0,0.0,0.0,0.0,0.0
SLC35E2B,0.0,0.0,0.0,0.0,0.0,0.0,0.0,0.0,0.0,0.18083665,0.0,0.0,0.0,0.0,0.0,0.0,0.0,0.0,0.0,0.0,0.0,0.0,0.0,0.0,0.0,0.0,0.0,0.0,0.0,0.0,0.0,0.0,0.0,0.0,0.0,0.0,0.0,0.0,0.0,0.0,0.0,0.0
CDK11A,0.0,0.0,0.0,0.0,0.0,0.0,0.0,0.0,0.0,0.0,0.0,0.0,0.0,0.0,0.0,0.0,0.0,0.0,0.0,0.0,0.0,0.0,0.0,0.0,0.12564816,0.0,0.0,0.0,0.0,0.0,0.0,0.0,0.0,0.0,0.0,0.0,0.0,0.0,0.0,0.0,0.0,0.0
NADK,0.0,0.0,0.0,0.0,0.0,0.0,0.0,0.19369827,0.0,0.18155362,0.0,0.0,0.0,0.0,0.0,0.0,0.0,0.0,0.0,0.0,0.0,0.0,0.0,0.0,0.0,0.0,0.0,0.0,0.0,0.0,0.0,0.0,0.0,0.0,0.0,0.0,0.0,0.0,0.0,0.0,0.0,0.6210139
GNB1,0.0,0.0,0.9031017,1.1083734,0.79380286,0.65910083,0.86296415,0.30914012,0.0,0.6587094,0.96516603,1.4655683,1.1682736,0.0,0.0,0.0,0.0,0.0,0.0,0.0,0.0,0.0,0.9293694,0.0,0.607712,0.0,0.0,0.6710469,0.0,0.0,0.0,0.0,0.0,0.0,0.0,0.0,0.0,0.0,0.0,0.0,0.0,0.9929061
FAAP20,0.57448566,0.0,0.0,0.4822922,0.5426229,0.5072514,0.5909688,0.3251022,0.0,0.6028327,0.0,0.0,0.5578004,0.0,0.0,0.0,0.0,0.0,0.0,0.0,0.0,0.0,0.0,0.18200545,0.24767917,0.0,0.0,0.49954355,0.0,0.0,0.0,0.0,0.0,0.0,0.0,0.0,0.0,0.0,0.0,0.0,0.0,0.6996912
RER1,0.0,0.0,0.0,0.4568704,0.685462,0.28951037,0.49061,0.49959043,0.0,0.5456267,0.0,0.68302804,0.5578004,0.0,0.0,0.0,0.0,0.0,0.0,0.0,0.0,0.0,0.0,0.40317002,0.82021767,0.0,0.0,0.2579639,0.0,0.0,0.0,0.0,0.0,0.0,0.0,0.0,0.0,0.0,0.0,0.0,0.0,0.5440018
TNFRSF14,0.0,0.0,0.0,0.0,0.0,0.37093928,0.0,0.0,0.0,0.0,0.0,0.0,0.5578004,0.0,0.0,0.0,0.0,0.0,0.0,0.0,0.0,0.0,0.6404995,0.19436675,0.16472894,1.0356917,0.0,0.0,0.0,0.0,0.0,0.0,0.0,0.0,0.0,0.0,0.0,0.0,0.0,0.0,0.0,0.0
PRXL2B,0.0,0.0,0.0,0.0,0.0,0.0,0.0,0.10911779,0.0,0.0,0.0,0.0,0.0,0.0,0.0,0.0,0.0,0.0,0.0,0.0,0.0,0.0,0.0,0.0,0.0,0.0,0.0,0.0,0.0,0.0,0.0,0.0,0.0,0.0,0.0,0.0,0.0,0.0,0.0,0.0,0.0,0.0
SMIM1,0.0,0.0,0.0,0.0,0.0,0.0,0.0,1.0085938,0.0,0.0,0.0,0.0,0.0,0.0,0.0,0.0,0.0,0.23773134,0.0,0.0,0.0,0.0,0.0,0.0,0.0,0.0,0.0,0.0,0.0,0.0,0.0,0.0,0.0,0.0,0.0,0.0,0.0,0.0,0.0,0.0,0.0,0.0
LRRC47,0.0,0.0,0.0,0.0,0.0,0.0,0.0,0.21756232,0.0,0.0,0.0,0.0,0.0,0.0,0.0,0.0,0.0,0.0,0.0,0.0,0.0,0.0,0.0,0.0,0.0,0.0,0.0,0.0,0.0,0.0,0.0,0.0,0.0,0.0,0.0,0.0,0.0,0.0,0.0,0.0,0.0,0.0
C1orf174,0.0,0.0,0.0,0.0,0.0,0.0,0.0,0.310349,0.0,0.0,0.0,0.0,0.0,0.0,0.0,0.0,0.0,0.0,0.0,0.0,0.0,0.0,0.0,0.0,0.0,0.0,0.0,0.0,0.0,0.0,0.0,0.0,0.0,0.0,0.0,0.0,0.0,0.0,0.0,0.0,0.0,0.0
KCNAB2,0.0,0.0,0.0,0.30824283,0.081745006,0.0,0.47268915,0.0,0.0,0.18083665,0.0,0.5104259,0.0,0.0,0.0,0.0,0.0,0.0,0.0,0.0,0.0,0.0,0.61806726,0.0,0.1146783,0.0,0.0,0.15203539,0.0,0.0,0.0,0.0,0.0,0.0,0.0,0.0,0.0,0.0,0.0,0.0,0.0,0.0
RPL22,2.8473804,2.6333194,2.5371618,2.6815603,2.1436849,2.984903,2.8967695,3.0747442,2.569243,2.7551599,2.7176223,2.3258057,2.617107,2.815324,2.6962764,2.8537786,2.6982656,2.2432966,2.9402225,2.2999456,2.5625343,3.0249724,2.4759617,1.4871929,2.461896,2.650701,2.8298316,3.0807796,2.6982574,0.0,3.1522906,2.5837634,3.1222706,2.6246686,3.3993268,3.1001952,3.3343031,2.977092,2.601071,2.7497427,2.97997,2.942994
ICMT,0.0,0.0,0.0,0.0,0.0,0.0,0.0,0.14053446,0.0,0.0,0.0,0.0,0.0,0.0,0.0,0.0,0.0,0.0,0.0,0.0,0.0,0.0,0.0,0.0,0.0,0.0,0.0,0.0,0.0,0.0,0.0,0.0,0.0,0.0,0.0,0.0,0.0,0.0,0.0,0.0,0.0,0.0
ACOT7,0.0,0.0,0.0,0.0,0.46659034,0.0,0.0,0.22421369,0.0,0.0,0.0,0.0,0.0,0.0,0.0,0.0,0.0,0.0,0.0,0.0,0.0,0.0,0.0,0.0,0.0,0.0,0.0,0.0,0.0,0.0,0.0,0.0,0.0,0.0,0.0,0.0,0.0,0.0,0.0,0.0,0.0,0.0
TNFRSF25,0.0,0.0,0.0,0.0,0.0,0.0,0.0,0.0,0.0,0.0,0.6301467,0.0,0.0,0.0,0.0,0.0,0.0,0.0,0.0,0.0,0.0,0.0,0.0,0.0,0.0,0.0,0.0,0.0,0.0,0.0,0.0,0.0,0.0,0.0,0.0,0.0,0.0,0.0,0.0,0.0,0.0,0.0
NOL9,0.0,0.0,0.0,0.0,0.0,0.0,0.0,0.0,0.0,0.3953033,0.0,0.0,0.0,0.0,0.0,0.0,0.0,0.0,0.0,0.0,0.0,0.0,0.0,0.0,0.0,0.0,0.0,0.0,0.0,0.0,0.0,0.0,0.0,0.0,0.0,0.0,0.0,0.0,0.0,0.0,0.0,0.0
DNAJC11,0.0,0.0,0.0,0.0,0.0,0.0,0.0,0.15667476,0.0,0.0,0.0,0.0,0.0,0.0,0.0,0.0,0.0,0.0,0.0,0.0,0.0,0.0,0.0,0.0,0.0,0.0,0.0,0.0,0.0,0.0,0.0,0.0,0.0,0.0,0.0,0.0,0.0,0.0,0.0,0.0,0.0,0.0
CAMTA1,0.0,0.0,0.0,0.0,0.0,0.57750386,0.41449797,0.24494746,0.0,0.23875955,0.0,0.4963503,0.0,0.0,0.0,0.0,0.0,1.1767813,0.0,0.0,0.0,0.0,0.0,0.0,0.40135774,0.0,0.0,0.22146878,0.0,0.0,0.0,0.0,0.0,0.0,0.0,0.0,0.0,0.0,0.0,0.0,0.0,0.0
VAMP3,0.0,0.0,0.0,0.0,0.0,0.0,0.16297461,0.0,0.0,0.0,0.0,0.5950968,0.44090223,0.0,0.0,0.0,0.0,0.0,0.0,0.0,0.0,0.0,0.5193707,0.0,0.0,0.0,0.0,0.0,0.0,0.0,0.0,0.0,0.0,0.0,0.0,0.0,0.0,0.0,0.0,0.0,0.0,0.0
PARK7,0.90114295,0.0,0.8148039,1.2418017,1.5382524,1.1867929,1.3746547,1.5796964,1.5061562,1.0980103,0.0,1.054872,0.91374826,0.97565055,0.0,0.7878905,0.8399536,1.7648673,0.8403523,1.2140648,1.1275623,0.0,1.0189018,0.6320404,1.5923318,1.0356917,0.935398,1.2209612,0.8392457,0.0,0.91942215,1.1137724,0.89837277,1.1018226,0.8911868,0.8882762,0.9027092,1.1440619,1.1212475,0.94867206,0.9434675,2.0131001
RERE,0.0,0.0,0.0,0.0,0.0,0.0,0.0,0.0,0.0,0.3953033,0.67302287,0.0,0.44090223,0.0,0.0,0.0,0.0,0.0,0.0,0.0,0.0,0.0,0.0,0.0,0.12525262,0.0,0.0,0.0,0.0,0.0,0.0,0.0,0.0,0.0,0.0,0.0,0.0,0.0,0.0,0.0,0.0,0.5399058
ENO1,0.958277,1.2975402,1.9208848,2.5715284,1.87093,1.6857836,1.8307776,0.8802541,1.7602026,1.4616671,1.3675416,2.1775575,1.6924675,0.96155846,0.0,1.6938705,1.221945,1.9942454,0.86609215,1.2202574,1.1538562,0.0,1.4121175,0.34784165,1.7863389,0.0,1.0581769,2.403277,0.95679414,0.0,0.98406994,1.1154928,0.8965647,1.0307882,0.958277,1.0158279,0.9542333,1.1062706,1.0392697,0.9571884,0.0,1.2575243
SLC25A33,0.0,0.0,0.0,0.0,0.0,0.38905048,0.0,0.0,0.0,0.18083665,0.0,0.0,0.0,0.0,0.0,0.0,0.0,0.0,0.0,0.0,0.0,0.0,0.0,0.0,0.0,0.0,0.0,0.0,0.0,0.0,0.0,0.0,0.0,0.0,0.0,0.0,0.0,0.0,0.0,0.0,0.0,0.0
CLSTN1,0.0,0.0,0.0,0.0,0.0,0.0,0.0,0.0,0.0,0.0,0.0,0.0,0.0,0.0,0.0,0.0,0.0,0.0,0.0,0.0,0.0,0.0,0.0,0.0,0.1146783,0.0,0.0,0.0,0.0,0.0,0.0,0.0,0.0,0.0,0.0,0.0,0.0,0.0,0.0,0.0,0.0,0.0
CTNNBIP1,0.0,0.0,0.0,0.0,0.0,0.4165121,0.3664031,0.0,0.0,0.0,0.0,0.0,0.44090223,0.0,0.0,0.0,0.0,0.0,0.0,0.0,0.0,0.0,0.0,0.0,0.0,0.0,0.0,0.0,0.0,0.0,0.0,0.0,0.0,0.0,0.0,0.0,0.0,0.0,0.0,0.0,0.0,0.0
RBP7,0.0,0.0,0.0,0.0,0.0,0.0,0.0,0.0,0.0,0.0,0.0,0.0,0.44090223,0.0,0.0,0.0,0.0,0.0,0.0,0.0,0.0,0.0,0.0,0.0,0.0,0.0,0.0,0.0,0.0,0.0,0.0,0.0,0.0,0.0,0.0,0.0,0.0,0.0,0.0,0.0,0.0,0.0
PGD,0.0,0.0,1.5839082,1.4636805,0.0,0.27226898,0.5444695,1.049644,0.0,0.18155362,0.0,1.2353609,0.44090223,0.0,0.0,0.0,1.02002,0.7660577,0.0,0.0,0.0,0.0,0.76716393,0.0,0.20380595,0.0,0.0,0.7813796,0.0,0.0,0.0,0.0,0.0,0.0,0.0,0.0,0.0,0.0,0.0,0.0,0.0,0.56974435
CENPS,0.0,0.0,0.0,0.0,0.0,0.0,0.0,0.1552586,0.0,0.0,0.0,0.0,0.0,0.0,0.0,0.0,0.0,0.0,0.0,0.0,0.0,0.0,0.0,0.0,0.0,0.0,0.0,0.0,0.0,0.0,0.0,0.0,0.0,0.0,0.0,0.0,0.0,0.0,0.0,0.0,0.0,0.0
DFFA,0.0,0.0,0.0,0.0,0.0,0.0,0.0,0.0,0.0,0.0,0.0,0.0,0.0,0.0,0.0,0.0,0.0,0.0,0.0,0.0,0.0,0.0,0.0,0.0,0.15287328,0.0,0.0,0.0,0.0,0.0,0.0,0.0,0.0,0.0,0.0,0.0,0.0,0.0,0.0,0.0,0.0,0.0
TARDBP,0.0,0.0,0.0,0.3621567,0.0,0.0,0.0,0.3905276,0.0,0.21446666,0.0,0.0,0.0,0.0,0.0,0.0,0.0,0.0,0.0,0.0,0.0,0.0,0.0,0.0,0.30059022,0.0,0.0,0.36964273,0.0,0.0,0.0,0.0,0.0,0.0,0.0,0.0,0.0,0.0,0.0,0.0,0.0,0.0
SRM,0.0,0.0,0.0,0.0,0.0,0.40578204,0.41449797,1.3450791,0.0,0.0,0.0,0.0,0.0,0.0,0.0,0.0,0.0,0.0,0.0,0.0,0.0,0.0,0.0,0.88755536,1.7141079,0.0,0.0,0.74200535,0.0,0.0,0.0,0.0,0.0,0.0,0.0,0.0,0.0,0.0,0.0,0.0,0.0,0.5742817
EXOSC10,0.0,0.0,0.0,0.0,0.0,0.0,0.0,0.24865727,0.0,0.23875955,0.0,0.0,0.0,0.0,0.0,0.0,0.0,0.0,0.0,0.0,0.0,0.0,0.0,0.0,0.13528816,0.0,0.0,0.0,0.0,0.0,0.0,0.0,0.0,0.0,0.0,0.0,0.0,0.0,0.0,0.0,0.0,0.0
MAD2L2,0.0,0.0,0.0,0.0,0.72613096,0.0,0.3689735,0.36510786,0.0,0.44826725,0.0,0.0,0.0,0.0,0.0,0.0,0.0,0.0,0.0,0.0,0.0,0.0,0.0,0.0,0.19805485,0.0,0.0,0.0,0.0,0.0,0.0,0.0,0.0,0.0,0.0,0.0,0.0,0.0,0.0,0.0,0.0,0.0
AGTRAP,0.0,0.0,0.9959737,0.9225621,0.0,0.0,0.3259039,0.19697851,0.0,0.0,0.0,0.5221987,0.0,0.0,0.0,0.0,0.0,0.0,0.0,0.0,0.0,0.0,0.7427542,0.0,0.0,0.0,0.0,0.0,0.0,0.0,0.0,0.0,0.0,0.0,0.0,0.0,0.0,0.0,0.0,0.0,0.0,0.0
ENSG00000285646,0.0,0.0,0.0,0.0,0.0,0.0,0.0,0.0,0.0,0.0,0.0,0.0,0.0,0.0,0.0,0.0,0.0,0.0,0.0,0.0,0.0,0.0,0.0,0.0,0.1759403,0.0,0.0,0.0,0.0,0.0,0.0,0.0,0.0,0.0,0.0,0.0,0.0,0.0,0.0,0.0,0.0,0.0
KIAA2013,0.0,0.0,0.0,0.0,0.0,0.0,0.0,0.0,0.0,0.0,0.0,0.0,0.0,0.0,0.0,0.0,0.0,0.0,0.0,0.0,0.0,0.0,0.0,0.0,0.23757933,0.0,0.0,0.0,0.0,0.0,0.0,0.0,0.0,0.0,0.0,0.0,0.0,0.0,0.0,0.0,0.0,0.0
TNFRSF1B,0.6719898,0.0,1.2194164,0.4291445,0.85594714,0.0,0.98693776,0.0,0.0,0.0,0.0,1.3198661,1.4048783,0.0,0.0,0.0,0.0,0.0,0.0,1.117773,0.0,0.0,1.8773024,0.0,0.0,0.0,0.0,0.0,0.0,0.0,0.0,0.9824468,0.0,0.8977833,0.0,0.0,0.0,0.8211333,0.0,0.0,0.0,0.0
VPS13D,0.0,0.0,0.0,0.0,0.0,0.0,0.0,0.0,0.0,0.0,0.0,0.0,0.44090223,0.0,0.0,0.0,0.0,0.0,0.0,0.0,0.0,0.0,0.0,0.0,0.0,0.0,0.0,0.0,0.0,0.0,0.0,0.0,0.0,0.0,0.0,0.0,0.0,0.0,0.0,0.0,0.0,0.0
PRDM2,1.1722982,0.0,0.0,0.0,0.30298394,0.0,0.3044914,0.0,0.0,0.41463724,0.0,0.0,0.0,0.0,1.3148127,0.0,0.0,0.0,1.0455129,0.0,0.0,0.0,0.0,0.12102996,0.24997354,0.0,0.0,0.0,0.13517354,0.0,0.0,0.0,0.0,0.0,0.0,0.0,0.0,0.0,0.0,0.0,0.0,0.0
EFHD2,0.0,0.80773175,1.4990323,1.3286517,1.8504,1.3393235,1.4231329,0.0,0.0,0.65150476,0.3526248,1.7219245,0.0,0.0,1.1548164,0.7008349,0.0,0.0,0.0,1.967121,1.3964676,0.0,1.3806028,0.0,0.25929803,0.0,0.0,0.35938707,0.6338272,0.0,0.0,1.2951288,0.0,0.0,0.0,0.0,0.0,0.0,0.0,0.94596577,0.0,0.6682662
DDI2,0.0,0.0,0.0,0.0,0.0,0.0,0.0,0.22423387,0.0,0.0,0.0,0.0,0.0,0.0,0.0,0.0,0.0,0.0,0.0,0.0,0.0,0.0,0.0,0.0,0.0,0.0,0.0,0.0,0.0,0.0,0.0,0.0,0.0,0.0,0.0,0.0,0.0,0.0,0.0,0.0,0.0,0.0
UQCRHL,0.0,0.0,0.0,0.0,0.0,0.0,0.0,0.0,0.0,0.0,0.0,0.0,0.44090223,0.0,0.0,0.0,0.0,0.0,0.0,0.0,0.0,0.0,0.0,0.0,0.0,0.0,0.0,0.0,0.0,0.0,0.0,0.0,0.0,0.0,0.0,0.0,0.0,0.0,0.0,0.0,0.0,0.0
SPEN,0.0,0.0,0.0,0.2713699,0.21284354,0.0,0.48867783,0.15539156,0.0,0.0,0.0,0.5073828,0.91374826,0.0,0.0,0.0,0.0,0.0,0.0,0.0,0.0,0.0,0.0,0.0,0.30367142,0.0,0.0,0.27998537,0.0,0.0,0.0,0.0,0.0,0.0,0.0,0.0,0.0,0.0,0.0,0.0,0.0,0.0
SZRD1,0.0,0.0,0.0,0.0,0.5755279,0.0,0.0,0.25071904,0.0,0.21446666,0.0,0.0,0.0,0.0,0.6868571,0.0,0.0,0.0,0.0,0.0,0.0,0.0,0.0,0.0,0.23856735,0.0,0.0,0.0,0.0,0.0,0.0,0.0,0.0,0.0,0.0,0.0,0.0,0.0,0.0,0.0,0.0,0.0
NECAP2,0.0,0.0,0.0,0.0,0.0,0.0,0.0,0.37212613,0.0,0.0,0.0,0.0,0.0,0.0,0.0,0.0,0.0,0.0,0.0,0.0,0.0,0.0,0.0,0.0,0.0,0.0,0.0,0.0,0.0,0.0,0.0,0.0,0.0,0.0,0.0,0.0,0.0,0.0,0.0,0.0,0.0,0.0
NBPF1,0.0,0.0,0.0,0.0,0.0,0.0,0.0,0.0,0.0,0.0,0.0,0.0,0.5578004,0.0,0.0,0.0,0.0,0.0,0.0,0.0,0.0,0.0,0.0,0.0,0.0,0.0,0.0,0.0,0.0,0.0,0.0,0.0,0.0,0.0,0.0,0.0,0.0,0.0,0.0,0.0,0.0,0.0
ENSG00000238142,0.0,0.0,0.0,0.0,0.0,0.0,0.0,0.0,0.0,0.0,0.0,0.0,0.44090223,0.0,0.0,0.0,0.0,0.0,0.0,0.0,0.0,0.0,0.0,0.0,0.0,0.0,0.0,0.0,0.0,0.0,0.0,0.0,0.0,0.0,0.0,0.0,0.0,0.0,0.0,0.0,0.0,0.0
ATP13A2,0.0,0.0,0.0,0.0,0.0,0.0,0.0,0.0,0.0,0.0,0.0,0.0,0.0,0.0,0.0,0.0,0.0,0.0,0.0,0.0,0.0,0.0,0.0,0.0,0.0,0.0,0.0,0.0,0.0,0.0,0.0,0.0,0.0,0.0,0.0,0.0,0.0,0.0,0.0,0.0,0.0,0.6796274
SDHB,0.0,0.0,0.0,0.30184117,0.31191373,0.40578204,0.55155104,0.6027173,0.0,0.0,0.0,0.5073828,0.0,0.0,0.0,0.0,0.0,0.0,0.0,0.0,0.0,0.0,0.5475426,0.0,0.62534213,0.0,0.0,0.27833727,0.0,0.0,0.0,0.0,0.0,0.0,0.0,0.0,0.0,0.0,0.0,0.0,0.0,0.0
RCC2,0.0,0.0,0.0,0.55079305,0.37607574,0.0,0.6596643,0.40277502,0.0,0.49282485,0.0,0.0,0.0,0.0,0.0,0.0,0.0,0.0,0.0,0.0,0.0,0.0,0.0,0.0,0.31360656,0.0,0.0,0.4912863,0.0,0.0,0.0,0.0,0.0,0.0,0.0,0.0,0.0,0.0,0.0,0.0,0.0,0.0
UBR4,0.0,0.0,0.0,0.0,0.0,0.0,0.0,0.13972999,0.0,0.0,0.0,0.0,0.0,0.0,0.7355936,0.0,0.0,0.0,0.0,0.0,0.0,0.0,0.0,0.0,0.0,0.0,0.0,0.0,0.0,0.0,0.0,0.0,0.0,0.0,0.0,0.0,0.0,0.0,0.0,0.0,0.0,0.0
MRTO4,0.0,0.0,0.0,0.0,0.0,0.0,0.0,0.62640435,0.0,0.0,0.0,0.0,0.0,0.0,0.0,0.0,0.0,0.0,0.0,0.0,0.0,0.0,0.0,0.0,0.31577328,0.0,0.0,0.18233567,0.0,0.0,0.0,0.0,0.0,0.0,0.0,0.0,0.0,0.0,0.0,0.0,0.0,0.0
AKR7A2,0.0,0.0,0.0,0.0,0.6583644,0.52941227,0.44801056,0.27594322,0.0,0.23380059,0.0,0.0,0.0,0.0,0.0,0.0,0.0,0.5390776,0.0,0.0,0.0,0.0,0.0,0.0,0.22572826,0.0,0.0,0.23937027,0.0,0.0,0.0,0.0,0.0,0.0,0.0,0.0,0.0,0.0,0.0,0.0,0.0,0.52511096
CAPZB,1.1102121,0.0,1.3490105,1.2803775,1.4693058,1.2353032,1.2999816,0.7290099,1.7832339,1.3073857,0.0,1.7425656,0.7257168,1.0378547,0.8421502,0.4661695,0.9506283,1.9869663,0.90066695,1.2308517,1.0680727,0.0,1.5723815,0.0,0.6677885,0.0,1.0764471,0.975891,1.1674936,0.0,1.0597762,1.1584761,0.9351158,1.1274915,0.9517368,1.0371331,1.0214238,1.1404297,1.1373982,0.9602629,1.1326704,1.0448238
MICOS10,0.0,1.0522969,0.8352902,1.1726575,0.9992151,0.8435441,0.99618894,1.4158405,1.6543459,0.71897805,0.48630244,0.90413547,0.97920024,0.0,0.0,0.0,0.0,0.8371464,0.0,0.0,0.0,0.0,1.0533526,0.32146513,1.0749512,0.0,0.0,0.9830639,0.13517354,0.0,0.8190001,0.0,0.0,0.0,0.88353884,0.30913767,0.0,0.7808338,0.0,0.0,0.0,0.7538547
CDA,0.0,0.0,0.43496883,0.0,0.0,0.0,0.0,0.0,0.0,0.0,0.0,0.4254868,0.0,0.0,0.0,0.0,0.0,0.0,0.0,0.0,0.0,0.0,0.0,0.0,0.0,0.0,0.0,0.0,0.0,0.0,0.0,0.0,0.0,0.0,0.0,0.0,0.0,0.0,0.0,0.0,0.0,0.0
DDOST,0.0,0.0,0.0,0.49115193,0.7443318,0.8421878,0.6524383,0.73322463,0.0,0.25902426,0.0,0.5073828,0.44090223,0.0,0.0,0.0,0.0,0.0,0.0,0.0,0.0,0.0,0.0,0.81982833,1.1766407,0.0,0.0,0.6904061,0.0,0.0,0.0,0.0,0.0,0.0,0.0,0.0,0.0,0.0,0.0,0.0,0.0,0.8951498
HP1BP3,0.886296,0.0,0.52575195,1.116256,1.4713141,0.53241324,0.742913,0.89402366,0.0,1.0842395,0.89209247,0.72303134,0.0,0.89587796,0.7355936,0.0,0.7298175,0.0,0.8083399,1.0526813,0.8996694,0.0,0.71930945,0.29114863,0.611635,0.0,0.0,0.83541226,0.38989025,0.0,0.8151898,1.1141847,0.8872192,1.1027628,0.8361783,0.9403199,0.8351424,0.90419376,1.0754282,0.94867206,0.0,0.7785042
EIF4G3,0.0,0.0,0.0,0.0,0.0,0.0,0.42777815,0.0,0.0,0.0,0.0,0.0,0.0,0.0,0.0,0.0,0.0,0.0,0.0,0.0,0.0,0.0,0.0,0.0,0.1146783,0.0,0.0,0.0,0.0,0.0,0.0,0.0,0.0,0.0,0.0,0.0,0.0,0.0,0.0,0.0,0.0,0.0
ECE1,0.0,0.0,0.0,0.0,0.0,0.0,0.0,0.0,0.0,0.0,0.0,0.0,0.0,0.0,0.6868571,0.0,0.0,0.0,0.0,0.0,0.0,0.0,0.0,0.0,0.18132702,0.0,0.0,0.0,0.0,0.0,0.0,0.0,0.0,0.0,0.0,0.0,0.0,0.0,0.0,0.0,0.0,0.0
USP48,0.0,0.0,0.0,0.62087286,0.30769852,0.0,0.36097383,0.5257802,0.0,0.47349092,0.0,0.0,0.0,0.0,0.0,0.0,0.0,0.0,0.0,0.0,0.0,0.0,0.0,0.43063086,0.6612344,0.0,0.0,0.55598915,0.0,0.0,0.0,0.0,0.0,0.0,0.0,0.0,0.0,0.0,0.0,0.0,0.0,0.0
CDC42,1.3673235,1.8035929,1.860375,1.7615755,1.7858672,1.2762874,1.6587431,1.0038526,0.65453154,1.2206062,1.7348344,1.7531948,1.4347595,1.3460244,1.3681959,1.6571765,1.5288291,1.6378739,1.2905107,1.8115621,1.6149541,1.2556274,1.7987735,0.4320575,1.1718366,1.3942034,1.2824671,1.3063788,1.5269378,0.0,1.5212224,1.6790802,1.5477672,1.6000912,1.4813883,1.1517003,1.3942974,1.5679882,1.5636945,1.3195478,1.5562723,1.1976229
C1QA,0.0,2.6603582,0.0,0.0,0.0,0.0,0.0,0.0,3.3579407,0.0,0.0,0.0,3.6835556,0.0,1.9251993,0.0,0.0,0.0,0.0,0.0,0.0,0.0,0.76865256,0.0,0.0,0.0,0.0,0.0,0.0,0.0,0.0,0.0,0.0,0.0,0.0,0.0,0.0,0.0,0.0,0.0,0.0,0.0
C1QC,0.0,2.4545443,0.0,0.0,0.0,0.0,0.0,0.0,2.796047,0.0,0.0,0.0,3.626857,0.0,2.0670288,0.0,0.0,0.0,0.0,0.0,0.0,0.0,0.0,0.0,0.0,0.0,0.0,0.0,0.0,0.0,0.0,0.0,0.0,0.0,0.0,0.0,0.0,0.0,0.0,0.0,0.0,0.0
C1QB,0.0,2.4764698,0.0,0.0,0.0,0.0,0.0,0.0,3.135783,0.0,0.0,0.0,3.4298832,0.0,1.3681959,0.0,0.0,0.0,0.0,0.0,0.0,0.0,0.0,0.0,0.0,0.0,0.0,0.0,0.0,0.0,0.0,0.0,0.0,0.0,0.0,0.0,0.0,0.0,0.0,0.0,0.0,0.0
KDM1A,0.0,0.0,0.0,0.0,0.0,0.0,0.0,0.46045524,0.0,0.18083665,0.0,0.0,0.0,0.0,0.0,0.0,0.0,0.0,0.0,0.0,0.0,0.0,0.0,0.0,0.18766053,0.0,0.0,0.2055898,0.0,0.0,0.0,0.0,0.0,0.0,0.0,0.0,0.0,0.0,0.0,0.0,0.0,0.0
HNRNPR,0.8109302,0.0,0.0,1.1268144,1.4076122,0.64742905,0.6915261,1.2173197,0.0,0.6334858,0.72809076,0.72981226,0.0,0.0,0.0,0.0,0.0,0.0,0.62643063,0.0,0.88182867,0.0,0.6064014,0.16441134,1.0646558,0.0,0.9506155,1.0522367,0.7946085,0.0,0.72166914,0.8744782,0.0,0.8295296,0.0,0.6972728,0.0,0.6410071,0.0,0.0,0.0,0.90773726
E2F2,0.0,0.0,0.0,0.0,0.0,0.0,0.0,0.0,0.0,0.44057786,0.0,0.0,0.0,0.0,0.0,0.0,0.0,0.0,0.0,0.0,0.0,0.0,0.0,0.0,0.14045735,0.0,0.0,0.0,0.0,0.0,0.0,0.0,0.0,0.0,0.0,0.0,0.0,0.0,0.0,0.0,0.0,0.0
ID3,0.0,0.0,0.0,0.0,0.0,0.0,0.0,0.0,0.0,0.18083665,0.0,0.0,0.0,0.0,0.0,0.0,0.0,0.0,0.0,0.0,0.0,0.0,0.0,0.0,0.0,0.0,0.0,0.0,0.0,0.0,0.0,0.0,0.0,0.0,0.0,0.0,0.0,0.0,0.0,0.0,0.0,0.0
RPL11,3.9616964,3.1630042,3.0492437,3.050332,3.0270243,3.827096,3.702487,3.772899,3.0337827,3.3257465,3.7825968,3.247187,3.4133816,3.725791,3.8270316,3.6563063,3.3867168,2.9015677,4.0751295,3.18963,3.515571,3.917231,3.4277527,2.350612,3.307933,3.5487952,3.725711,3.6964102,3.7525208,2.0568485,4.176347,3.4937897,4.0851326,3.4756231,4.3538084,4.0076313,4.152758,3.9691153,3.5915127,3.7625685,3.908739,3.7506294
ELOA,0.0,0.0,0.0,0.0,0.0,0.0,0.0,0.0,0.0,0.0,0.0,0.0,0.0,0.0,0.0,0.0,0.0,0.0,0.0,0.0,0.0,0.0,0.0,0.0,0.17393991,0.0,0.0,0.0,0.0,0.0,0.0,0.0,0.0,0.0,0.0,0.0,0.0,0.0,0.0,0.0,0.0,0.0
PITHD1,0.0,0.0,0.0,0.0,0.6276746,0.0,0.0,0.6908055,0.0,0.0,0.0,0.0,0.0,0.0,0.0,0.0,0.0,0.0,0.0,0.0,0.0,0.0,0.0,0.0,0.17878182,0.0,0.0,0.0,0.0,0.0,0.0,0.0,0.0,0.0,0.0,0.0,0.0,0.0,0.0,0.0,0.0,0.0
LYPLA2,0.0,0.0,0.0,0.0,0.0,0.0,0.32453808,0.14955862,0.0,0.18083665,0.0,0.0,0.0,0.0,0.0,0.0,0.0,0.0,0.0,0.0,0.0,0.0,0.0,0.0,0.0,0.0,0.0,0.0,0.0,0.0,0.0,0.0,0.0,0.0,0.0,0.0,0.0,0.0,0.0,0.0,0.0,0.0
FUCA1,0.0,0.0,0.0,0.0,0.0,0.48604932,0.0,0.0,0.0,0.0,0.0,0.0,0.0,0.0,0.0,0.0,0.0,0.0,0.0,0.0,0.0,0.0,0.0,0.0,0.0,0.0,0.0,0.0,0.0,0.0,0.0,0.0,0.0,0.0,0.0,0.0,0.0,0.0,0.0,0.0,0.0,0.0
PNRC2,0.6262727,0.0,0.0,0.5621623,0.753408,0.5137493,0.40982887,0.6774742,0.0,0.72047806,0.0,0.0,0.0,0.0,0.77814996,0.0,0.0,0.0,0.0,0.0,0.0,0.0,0.4712029,0.0,0.20931143,0.0,0.0,0.49636966,0.0,0.0,0.0,0.0,0.0,0.0,0.0,0.0,0.0,0.0,0.0,0.0,0.0,0.0
SRSF10,0.92434573,0.0,0.0,1.017998,1.4186513,0.65338784,0.6672891,0.9725716,0.0,1.4017837,0.77548546,0.5221987,0.7458428,0.76134855,1.0902166,0.0,0.7340854,0.0,0.87415254,0.68054044,0.89337015,1.0191548,0.0,0.20344815,0.88393867,1.0368743,1.4311959,1.0044411,0.87322736,0.0,0.76971537,0.0,0.82227576,0.0,0.8620411,0.8337042,0.8173726,0.7259921,0.0,0.7768153,0.0,0.95251846
RCAN3,0.0,0.0,0.0,0.0,0.0,0.0,0.0,0.0,0.0,0.0,0.0,0.0,0.0,0.0,0.0,0.0,0.0,0.0,0.0,0.0,0.0,0.0,0.0,0.0,0.0,0.0,0.0,0.0,0.0,0.0,0.8762746,0.0,0.90691435,0.0,0.929744,0.8735174,0.91267604,0.928307,0.0,0.0,0.0,0.0
SRRM1,1.126152,0.0,1.0488117,1.3368461,1.5508425,1.0569707,1.2597411,1.2798371,0.0,1.0105228,1.1428969,1.0545062,1.8290203,1.173608,1.3148127,0.0,1.1616704,0.0,1.0635552,1.3076837,1.2799313,1.252763,1.062516,0.31557232,1.0147616,1.3129469,1.031539,1.2303371,1.146367,0.0,1.1583263,1.3521001,1.2281411,1.3028827,1.1234862,1.0062708,1.1395619,1.1600024,1.2837865,1.1702245,1.270175,1.2408969
CLIC4,0.0,0.0,0.0,0.0,0.0,0.0,0.0,0.0,0.0,0.18083665,0.0,0.0,0.0,0.0,0.0,0.0,0.0,0.21492904,0.0,0.0,0.0,0.0,0.0,0.28604156,0.36329395,0.0,0.0,0.0,0.0,0.0,0.0,0.0,0.0,0.0,0.0,0.0,0.0,0.0,0.0,0.0,0.0,0.0
RUNX3,0.0,0.0,0.0,0.0,1.4540868,0.0,0.0,0.0,0.0,0.0,0.0,0.0,0.0,1.1050535,0.0,0.0,0.0,0.0,0.0,1.5142696,1.5666871,0.0,0.0,0.0,0.0,0.0,0.0,0.0,0.0,0.0,0.8010584,1.3403752,0.0,1.6094464,0.0,0.0,0.823924,0.0,1.3563104,0.99511296,1.2383103,0.0
SYF2,0.8425265,0.0,0.74012184,0.6417742,0.8084269,0.55245733,0.8269157,0.43321717,0.0,0.95752645,0.6301467,0.0,0.0,0.0,1.1810663,0.26000655,0.0,0.0,0.8209908,1.0171784,0.8661887,1.009189,0.7815203,0.0,0.43104085,1.3843678,1.2402272,0.62044406,0.43726647,0.0,0.8441106,0.9809855,0.7257168,0.0,0.9171617,0.0,0.86713064,0.9675199,0.0,0.8588138,0.0,0.88844
RSRP1,1.2168176,0.0,0.6659979,0.4868096,1.5424353,0.5034041,0.7275926,0.3023484,0.0,0.8468152,1.4725955,0.0,0.91374826,1.2052343,0.0,0.0,0.67222714,0.0,1.0742849,1.8487519,1.7354596,1.1509604,0.8230473,0.2366023,0.33617535,0.0,1.3541749,0.47049233,0.78829825,1.8276424,1.0108538,1.1829473,1.0612571,1.2010815,0.99420035,0.760676,0.853672,1.0365614,1.2324271,1.1305358,1.1338125,1.1427152
TMEM50A,0.0,0.0,0.5670718,0.6246465,0.8743907,0.4580726,0.71294373,0.6098178,0.0,0.18083665,0.0,0.8635058,0.5578004,0.0,0.0,0.0,0.0,1.0470877,0.0,0.81288,0.0,0.0,0.76968426,0.25752866,0.7011676,0.0,0.0,0.44928002,0.0,0.0,0.7150443,1.0198343,0.0,0.8632061,0.0,0.0,0.0,0.0,0.8953636,0.0,0.0,0.9056552
LDLRAP1,0.0,0.0,0.0,0.0,0.0,0.0,0.0,0.0,0.0,0.0,0.0,0.0,0.0,0.0,0.0,0.0,0.0,0.1232791,0.0,0.0,0.0,0.0,0.0,0.0,0.0,0.0,0.0,0.0,0.0,0.0,0.0,0.0,0.0,0.0,0.783281,0.0,0.0,0.0,0.0,0.0,0.0,0.0
STMN1,0.0,0.0,0.0,1.5731683,3.1205487,0.0,0.0,2.1059625,0.0,1.7530353,0.0,0.0,0.0,0.0,0.0,0.0,1.1021702,0.0,0.0,0.0,0.0,0.0,0.0,0.0,1.2845893,2.0245183,1.495822,1.8262212,0.0,0.0,0.0,0.0,0.0,0.0,0.0,0.0,0.0,0.0,0.0,0.0,0.0,1.6913433
ZNF593,0.0,0.0,0.0,0.0,0.0,0.0,0.3044914,0.5035292,0.0,0.25902426,0.0,0.0,0.44090223,0.0,0.0,0.0,0.0,0.0,0.0,0.0,0.0,0.0,0.0,0.33253083,0.6129047,0.0,0.0,0.45597562,0.0,0.0,0.0,0.0,0.0,0.0,0.0,0.0,0.0,0.0,0.0,0.0,0.0,0.0
SH3BGRL3,2.280696,3.1809704,3.2737188,2.8413835,2.740769,2.1038628,3.1008792,0.41975847,2.9520574,1.7658633,2.1346803,3.5363536,2.814411,2.3684235,2.017609,2.7784677,1.7933804,3.585746,1.9290876,2.6649683,2.1476297,1.7193415,3.2762053,0.648233,1.4218193,1.5686115,2.194031,1.5991731,2.1473927,0.0,2.3539276,2.8093486,2.0853262,2.2958517,1.7402697,1.8595486,1.9204623,2.5659838,2.5079978,2.4816434,2.2542408,2.4753058
UBXN11,0.0,0.0,0.0,0.0,0.0,0.0,0.0,0.0,0.0,0.0,0.0,0.0,0.7458428,0.0,0.0,0.0,0.0,0.0,0.0,0.0,0.0,0.0,0.0,0.0,0.0,0.0,0.0,0.0,0.0,0.0,0.0,0.0,0.0,0.0,0.0,0.0,0.0,0.0,0.0,0.0,0.0,0.0
CD52,2.9779274,1.8897898,0.80609965,0.0,1.3110852,0.38395348,1.2622178,0.0,0.0,2.3049455,1.5681885,1.4059621,0.0,2.042117,2.6541944,1.2178642,0.0,0.0,2.7425628,0.0,0.0,2.7651205,2.0281925,0.0,0.5265167,1.143465,1.6065642,0.0,1.9092433,0.0,2.3498566,2.6490505,1.9858663,1.2569761,1.8341134,1.9316791,1.9834299,2.4779685,1.6877365,2.1632557,2.107866,0.6259962
HMGN2,1.1074452,0.0,1.0781394,2.6949325,2.8064103,1.0569707,1.2983141,2.1857831,1.4104536,2.9113195,0.7733425,1.3130223,1.141807,1.0806729,0.6868571,1.3225355,1.7196009,1.5792489,1.1159794,1.2343236,1.0937696,1.3593132,1.4735601,0.32185125,1.8928963,1.2537799,0.0,2.0786386,1.5322586,0.0,1.0811875,1.158851,1.2467245,1.1403582,1.3302605,1.004286,0.97565055,1.2235496,1.1205508,1.0793885,1.0877972,1.4870937
RPS6KA1,0.0,0.0,0.0,0.4036348,0.0,0.2875488,0.50117546,0.24865727,0.0,0.0,0.0,0.0,0.0,0.0,0.0,0.0,0.0,0.0,0.0,0.0,0.0,0.0,0.0,0.0,0.0,0.0,0.0,0.0,0.0,0.0,0.0,0.0,0.0,0.0,0.0,0.0,0.0,0.0,0.0,0.0,0.0,0.0
ARID1A,0.0,0.0,0.59555364,0.78818804,0.66071546,0.37521976,0.69831187,0.18440516,0.0,0.6774324,0.0,0.0,0.44090223,0.0,0.7355936,0.0,0.0,0.0,0.0,0.0,0.0,0.0,0.0,0.0,0.30944383,0.0,0.0,0.50745785,0.0,0.0,0.0,0.0,0.0,0.0,0.0,0.0,0.0,0.0,0.0,0.0,0.0,0.5003035
NUDC,0.0,0.0,0.0,0.54274416,0.9713723,0.37093928,0.62200767,1.2640142,0.0,0.49529564,0.0,0.3987304,1.141807,0.0,0.0,0.0,0.0,0.0,0.0,0.0,0.0,0.0,0.0,0.22381054,0.8311355,0.0,0.0,0.7118375,0.0,0.0,0.0,0.0,0.0,0.0,0.0,0.0,0.0,0.0,0.0,0.0,0.0,0.5780914
SYTL1,0.51613474,0.0,0.0,0.0,0.6253626,0.0,0.0,0.0,0.0,0.0,0.0,0.0,0.0,0.0,0.0,0.0,0.0,0.0,0.0,0.0,0.0,0.0,0.0,0.20557177,0.0,0.0,0.0,0.0,0.0,0.0,0.0,0.0,0.0,0.0,0.0,0.0,0.0,0.0,0.0,0.0,0.0,0.0
WASF2,0.92434573,0.0,0.68944293,0.7278432,0.7836684,0.38905048,0.84484196,0.44391942,0.0,0.7058399,0.7733425,0.8840804,0.0,0.0,0.8421502,0.0,0.0,0.54997945,0.82428586,0.0,0.0,0.0,1.0380316,0.0,0.33412886,1.5338671,1.8263296,0.5519991,0.0,0.0,0.0,0.0,0.0,0.0,0.0,0.0,0.0,0.0,0.0,0.0,0.0,0.946844
AHDC1,0.0,0.0,0.0,0.0,0.0,0.0,0.0,0.0,0.0,0.18083665,0.0,0.0,0.0,0.0,0.0,0.0,0.0,0.0,0.0,0.0,0.0,0.0,0.0,0.0,0.0,0.0,0.0,0.0,0.0,0.0,0.0,0.0,0.0,0.0,0.0,0.0,0.0,0.0,0.0,0.0,0.0,0.0
FGR,0.8650553,0.0,1.4324085,1.0228589,0.0,0.50819945,1.067602,0.0,0.0,0.0,0.0,1.4407998,0.0,0.0,0.0,0.0,0.0,0.0,0.0,0.0,0.0,0.0,1.3944345,0.0,0.0,0.0,0.0,0.0,0.0,0.0,0.0,0.0,0.0,0.0,0.0,0.0,0.0,0.0,0.0,0.0,0.0,0.0
IFI6,0.0,0.0,0.0,0.0,0.45496407,0.0,0.0,0.0,0.0,0.0,0.0,0.4254868,0.0,0.0,0.0,0.0,0.0,0.0,0.0,0.0,0.0,0.0,0.0,0.0,0.0,0.0,0.0,0.0,0.0,0.0,0.0,0.0,0.0,0.0,0.0,0.0,0.0,0.0,0.0,0.0,0.0,0.0
STX12,0.0,0.0,0.0,0.0,0.0,0.40235615,0.3546848,0.0,0.0,0.23380059,0.0,0.5046885,0.0,0.0,0.0,0.0,0.0,0.0,0.0,0.0,0.0,0.0,0.0,0.0,0.0,0.0,0.0,0.0,0.0,0.0,0.0,0.0,0.0,0.0,0.0,0.0,0.0,0.0,0.0,0.0,0.0,0.0
THEMIS2,0.0,0.0,0.8552041,0.22415555,0.0,0.28305006,0.6865629,0.0,0.0,0.0,0.0,0.965619,0.97920024,0.0,0.7355936,0.0,0.0,0.0,0.0,0.0,0.0,0.0,1.0570931,0.0,0.15978293,0.0,0.0,0.0,0.0,0.0,0.0,0.0,0.0,0.0,0.0,0.0,0.0,0.0,0.0,0.0,0.0,0.662302
RPA2,0.0,0.0,0.0,0.0,0.8713536,0.27226898,0.0,0.48149386,0.0,0.18155362,0.0,0.0,0.0,0.0,0.0,0.0,0.0,0.0,0.0,0.0,0.0,0.0,0.0,0.0,0.39137512,0.0,0.0,0.0,0.0,0.0,0.0,0.0,0.0,0.0,0.0,0.0,0.0,0.0,0.0,0.0,0.0,0.0
DNAJC8,0.7233591,0.0,0.0,0.8724878,1.0426868,0.3828968,0.7941844,1.0216075,0.0,1.0925946,0.0,0.6602513,0.44090223,0.0,0.0,0.0,0.0,0.5670539,0.0,0.0,0.0,0.0,0.5486841,0.20959322,0.6589163,0.0,0.0,0.70449233,0.0,0.0,0.0,0.88183796,0.0,0.0,0.0,0.0,0.0,0.0,0.0,0.0,0.0,0.7628201
ATP5IF1,0.84913063,0.8188347,0.73356235,1.092556,1.392927,0.77582276,0.9296278,2.4235117,0.0,0.47349092,1.0573997,0.7063019,0.44090223,1.0437782,1.0902166,0.0,0.7943181,1.2271408,0.869467,1.1982402,1.1206205,0.0,0.74205077,0.7156851,1.413949,0.0,0.0,1.2077765,0.5341084,0.0,0.92142123,1.0879928,0.9733906,1.1458145,0.95837605,0.33094135,0.91608083,1.1265746,1.1363918,0.9941467,1.0810587,0.9400265
PHACTR4,0.0,0.0,0.0,0.0,0.0,0.0,0.0,0.0,0.0,0.0,0.0,0.0,0.0,0.0,0.0,0.0,0.0,0.0,0.0,0.0,0.0,0.0,0.0,0.0,0.0,0.0,0.0,0.2018599,0.0,0.0,0.0,0.0,0.0,0.0,0.0,0.0,0.0,0.0,0.0,0.0,0.0,0.0
RCC1,0.0,0.0,0.0,0.0,0.0,0.0,0.0,0.33012676,0.0,0.0,0.0,0.0,0.0,0.0,0.0,0.0,0.0,0.0,0.0,0.0,0.0,0.0,0.0,0.0,0.19805485,0.0,0.0,0.0,0.0,0.0,0.0,0.0,0.0,0.0,0.0,0.0,0.0,0.0,0.0,0.0,0.0,0.0
SNHG3,0.0,0.0,0.0,0.0,0.0,0.28412688,0.3762196,0.82785237,0.0,0.0,0.0,0.0,0.0,0.0,0.0,0.0,0.0,0.0,0.0,0.0,0.0,0.0,0.0,0.0,0.35061786,0.0,0.0,0.96667796,0.0,0.0,0.0,0.0,0.0,0.0,0.75919586,0.0,0.0,0.0,0.0,0.0,0.0,0.0
TRNAU1AP,0.0,0.0,0.0,0.0,0.0,0.0,0.0,0.0,0.0,0.18155362,0.0,0.0,0.0,0.0,0.0,0.0,0.0,0.0,0.0,0.0,0.0,0.0,0.0,0.0,0.16684455,0.0,0.0,0.0,0.0,0.0,0.0,0.0,0.0,0.0,0.0,0.0,0.0,0.0,0.0,0.0,0.0,0.0
SNHG12,0.0,0.0,0.0,0.0,0.0,0.0,0.0,0.12816697,0.0,0.23875955,0.0,0.0,0.5578004,0.0,0.6868571,0.0,0.0,0.0,0.0,0.0,0.0,0.0,0.0,0.0,0.12207285,0.0,0.0,0.0,0.0,0.0,0.0,0.0,0.0,0.0,0.0,0.0,0.0,0.0,0.0,0.0,0.0,0.0
TAF12,0.0,0.0,0.0,0.0,0.0,0.0,0.3044914,0.0,0.0,0.18083665,0.0,0.0,0.0,0.0,0.0,0.0,0.0,0.0,0.0,0.0,0.0,0.0,0.0,0.0,0.23792577,0.0,0.0,0.0,0.0,0.0,0.0,0.0,0.0,0.0,0.0,0.0,0.0,0.0,0.0,0.0,0.0,0.0
GMEB1,0.0,0.0,0.0,0.0,0.0,0.0,0.0,0.0,0.0,0.44826725,0.0,0.0,0.0,0.0,0.0,0.0,0.0,0.0,0.0,0.0,0.0,0.0,0.0,0.0,0.0,0.0,0.0,0.0,0.0,0.0,0.0,0.0,0.0,0.0,0.0,0.0,0.0,0.0,0.0,0.0,0.0,0.0
YTHDF2,0.0,0.0,0.0,0.324906,0.4221918,0.40235615,0.49061,0.48475897,0.0,0.49282485,0.0,0.0,0.5578004,0.0,0.0,0.0,0.0,0.0,0.0,0.0,0.0,0.0,0.0,0.0,0.44339252,0.0,0.0,0.5035309,0.0,0.0,0.0,0.0,0.0,0.0,0.0,0.0,0.0,0.0,0.0,0.0,0.0,0.7103058
EPB41,0.0,0.0,0.0,0.0,0.61069,0.0,0.3869771,0.35780138,0.0,0.36239028,0.59476876,0.0,0.0,0.0,0.0,0.0,0.0,0.0,0.0,0.0,0.0,0.0,0.0,0.0,0.15630423,0.0,0.0,0.0,0.0,0.0,0.0,0.0,0.0,0.0,0.0,0.0,0.0,0.8576395,0.0,0.0,0.0,0.0
SRSF4,0.0,0.0,0.5594659,0.8180977,0.95291126,0.52941227,0.711568,0.72404075,0.0,0.7380967,0.0,0.47305363,0.0,0.0,0.0,0.0,0.0,0.0,0.0,0.0,0.0,0.0,0.53367263,0.2612567,0.6741333,0.0,0.0,0.6181004,0.0,0.0,0.0,0.0,0.0,0.0,0.0,0.0,0.0,0.0,0.0,0.0,0.0,0.6812401
MECR,0.0,0.0,0.0,0.0,0.0,0.0,0.0,0.1495519,0.0,0.0,0.0,0.0,0.0,0.0,0.0,0.0,0.0,0.0,0.0,0.0,0.0,0.0,0.0,0.0,0.0,0.0,0.0,0.0,0.0,0.0,0.0,0.0,0.0,0.0,0.0,0.0,0.0,0.0,0.0,0.0,0.0,0.0
LAPTM5,2.6274521,2.4764698,2.3596473,2.0116024,1.168159,1.6233416,2.187481,0.66924715,2.2561588,1.5600262,1.105459,2.7708912,1.6924675,1.7280437,3.0774934,1.8969784,1.8339384,0.06408184,2.4670386,1.3299536,1.2356496,2.990003,2.5283253,0.0,0.8785391,3.4974852,3.4162529,1.205106,2.0711977,0.0,1.5429773,1.2733157,1.4978855,1.196063,1.4914927,1.7079053,1.6096513,1.6461594,1.3122282,1.6866597,1.675807,1.5013876
PUM1,0.0,0.0,0.0,0.36844203,0.0,0.0,0.367315,0.14513557,0.0,0.0,0.5784484,0.0,0.0,0.0,0.0,0.0,0.0,0.0,0.0,0.0,0.0,0.0,0.0,0.0,0.16634938,0.0,0.0,0.37248388,0.0,0.0,0.0,0.0,0.0,0.0,0.0,0.0,0.0,0.0,0.0,0.0,0.0,0.0
SNRNP40,0.0,0.0,0.0,0.0,0.4682775,0.0,0.35920435,0.68797106,0.0,0.36239028,0.0,0.0,0.0,0.0,0.0,0.0,0.0,0.0,0.0,0.0,0.0,0.0,0.0,0.0,0.30593717,0.0,0.0,0.26221168,0.0,0.0,0.0,0.0,0.0,0.0,0.0,0.0,0.0,0.0,0.0,0.0,0.0,0.0
ZCCHC17,0.0,0.0,0.0,0.0,0.17212096,0.0,0.0,0.2336039,0.0,0.18155362,0.0,0.0,0.0,0.0,0.0,0.0,0.0,0.4460132,0.0,0.0,0.0,0.0,0.0,0.0,0.1966314,0.0,0.0,0.0,0.0,0.0,0.0,0.0,0.0,0.0,0.0,0.0,0.0,0.0,0.0,0.0,0.0,0.0
PEF1,0.0,0.0,0.0,0.0,0.0,0.0,0.33295542,0.30011302,0.0,0.0,0.0,0.0,0.0,0.0,0.0,0.0,0.0,0.0,0.0,0.0,0.0,0.0,0.0,0.0,0.17043604,0.0,0.0,0.0,0.0,0.0,0.0,0.0,0.0,0.0,0.0,0.0,0.0,0.0,0.0,0.0,0.0,0.0
PTP4A2,0.8650553,1.0205148,1.6131856,1.3057926,1.3563643,1.7713598,1.3755906,1.3450791,0.0,1.2537913,0.67302287,1.3710771,0.5578004,1.071752,0.0,1.1266451,1.3596711,0.9739531,0.979997,1.1874418,1.0598407,0.0,1.7170901,0.40345857,1.0979195,1.6827934,1.409537,1.003476,0.26702702,0.0,0.9974834,1.4556597,1.0980792,1.5365744,0.9130331,0.8368124,0.86362475,1.077596,1.4218193,1.2156482,1.2362267,1.0672674
KHDRBS1,0.9578313,0.6586133,0.60229766,1.0671016,1.2039907,0.9254782,0.9641359,1.2082272,0.0,1.3158288,1.2193325,0.7784047,0.0,0.0,1.1548164,0.0,0.94244975,0.0,0.979997,0.0,0.907578,0.0,0.81106985,0.17477192,0.75641245,1.5063162,1.3518347,1.1291409,0.8010234,0.0,0.8386308,0.9564972,0.78386027,1.0160527,0.9220593,0.9216971,0.91045076,0.9577819,0.9542333,1.0079719,1.0412813,0.89510703
KPNA6,0.0,0.0,0.0,0.0,0.0,0.0,0.0,0.0,0.0,0.0,0.0,0.0,0.5578004,0.0,0.0,0.0,0.0,0.0,0.0,0.0,0.0,0.0,0.0,0.0,0.0,0.0,0.0,0.0,0.0,0.0,0.0,0.0,0.0,0.0,0.0,0.0,0.0,0.0,0.0,0.0,0.0,0.0
TXLNA,0.0,0.0,0.0,0.0,0.0,0.0,0.0,0.0,0.0,0.0,0.0,0.0,0.0,0.0,0.0,0.0,0.0,0.0,0.0,0.0,0.0,0.0,0.0,0.0,0.17338812,0.0,0.0,0.0,0.0,0.0,0.0,0.0,0.0,0.0,0.0,0.0,0.0,0.0,0.0,0.0,0.0,0.0
CCDC28B,0.0,0.0,0.0,0.0,0.1159071,0.0,0.0,0.24205172,0.0,0.18083665,0.0,0.0,0.0,0.0,0.0,0.0,0.0,0.0,0.0,0.0,0.0,0.0,0.0,0.0,0.0,0.0,0.0,0.0,0.0,0.0,0.0,0.0,0.0,0.0,0.0,0.0,0.0,0.0,0.0,0.0,0.0,0.0
EIF3I,0.72478276,0.0,0.0,0.6838031,0.84496814,0.69288063,0.8827622,1.2568853,0.0,1.0257457,0.5784484,0.6449004,0.91374826,0.0,0.8421502,0.0,0.0,0.0,0.0,0.0,0.0,0.0,0.60481536,0.2366023,0.8871504,0.0,0.9045438,0.87788457,0.0,0.0,0.77290285,0.0,0.0,0.0,0.8118341,0.7424415,0.70027256,0.7154714,0.0,0.0,0.0,0.79616535
LCK,0.0,0.0,0.0,0.0,0.7413312,0.0,0.0,0.0,0.0,0.0,0.0,0.0,0.0,1.1961434,0.0,0.0,0.0,0.0,0.0,0.9933967,0.7527276,0.0,0.0,0.0,0.0,0.0,0.0,0.0,0.0,0.0,1.0537754,1.2761943,1.0647304,1.2278006,0.99640435,1.1499332,1.150665,1.4761573,1.3170087,1.0938352,1.1596017,0.0
HDAC1,0.0,0.0,0.0,0.0,0.75370574,0.0,0.4026517,0.44154525,0.0,0.8970875,0.0,0.0,0.0,0.0,0.0,0.0,0.0,0.0,0.0,0.0,0.0,0.0,0.0,0.0,0.31360656,0.0,0.0,0.2878906,0.0,0.0,0.0,0.0,0.0,0.0,0.0,0.0,0.0,0.0,0.0,0.0,0.0,0.0
MARCKSL1,0.0,0.0,0.0,0.0,0.0,1.1561577,0.0,0.70273316,0.0,0.0,0.0,0.0,0.0,0.0,0.0,0.0,0.0,0.0,0.0,0.0,0.0,0.0,0.0,0.0,0.0,1.1425625,0.0,0.0,0.0,0.0,0.0,0.0,0.0,0.0,0.0,0.0,0.0,0.0,0.0,0.0,0.0,0.7383777
BSDC1,0.0,0.0,0.0,0.0,0.0,0.0,0.0,0.1951735,0.0,0.0,0.0,0.0,0.0,0.0,0.0,0.0,0.0,0.0,0.0,0.0,0.0,0.0,0.0,0.0,0.0,0.0,0.0,0.0,0.0,0.0,0.0,0.0,0.0,0.0,0.0,0.0,0.0,0.0,0.0,0.0,0.0,0.0
ZBTB8OS,0.0,0.0,0.0,0.0,0.0,0.0,0.0,0.13309887,0.0,0.36239028,0.0,0.0,0.0,0.0,0.0,0.0,0.0,0.0,0.0,0.0,0.0,0.0,0.0,0.27354294,0.59102863,0.0,0.0,0.0,0.0,0.0,0.0,0.0,0.0,0.0,0.0,0.0,0.0,0.0,0.0,0.0,0.0,0.0
RBBP4,0.0,0.0,0.0,0.6319965,0.90358186,0.48802102,0.50117546,1.1401764,0.0,1.1606998,0.0,0.5073828,0.44090223,0.0,0.0,0.0,0.0,0.27050906,0.0,0.0,0.0,0.0,0.0,0.21983844,0.6365854,1.0627761,0.0,0.77358603,0.48759604,0.0,0.0,0.0,0.0,0.0,0.0,0.0,0.0,0.0,0.0,0.0,0.0,0.8190033
YARS1,0.0,0.0,0.0,0.0,0.0,0.0,0.0,0.5097701,0.0,0.0,0.0,0.0,0.0,0.0,0.0,0.0,0.0,0.0,0.0,0.0,0.0,0.0,0.0,0.0,0.5027708,0.0,0.0,0.21138825,0.0,0.0,0.0,0.0,0.0,0.0,0.0,0.0,0.0,0.0,0.0,0.0,0.0,0.0
AK2,0.0,0.0,0.0,0.48352095,0.35714477,0.27226898,0.44636363,0.9541351,0.0,0.5734832,0.0,0.0,0.0,0.0,0.0,0.0,0.0,0.0,0.0,0.0,0.0,0.0,0.0,0.0,0.3683824,0.0,0.0,0.7427109,0.0,0.0,0.0,0.0,0.0,0.0,0.0,0.0,0.0,0.0,0.0,0.0,0.0,0.0
PHC2,0.0,0.0,0.8398255,0.5665276,0.0,0.0,0.33851904,0.0,0.0,0.0,0.0,1.0393877,0.91374826,0.0,0.0,0.0,0.0,0.0,0.0,0.0,0.0,0.0,0.45842952,0.0,0.0,0.0,0.0,0.0,0.0,0.0,0.0,0.0,0.0,0.0,0.0,0.0,0.0,0.0,0.0,0.0,0.0,0.0
SMIM12,0.0,0.0,0.0,0.0,0.0,0.34549886,0.0,0.16928208,0.0,0.0,0.0,0.0,0.0,0.0,0.0,0.0,0.0,0.0,0.0,0.0,0.0,0.0,0.0,0.0,0.17043604,0.0,0.0,0.0,0.0,0.0,0.0,0.0,0.0,0.0,0.0,0.0,0.0,0.0,0.0,0.0,0.0,0.0
SFPQ,0.9556099,0.0,1.1802454,1.6099424,1.5159432,1.2325418,1.2958797,1.556863,0.0,1.4412397,1.553327,0.64906085,1.4347595,1.1088495,1.449307,0.8498967,1.4776242,0.0,1.1472075,1.1859394,1.345289,1.2967672,0.86729133,0.3859262,1.0696979,1.8307711,1.9802835,1.5006883,1.1870055,0.0,0.9493514,0.9804648,1.0641084,1.1566058,0.97869885,1.3354464,0.97626895,1.1066768,1.092253,1.2524059,1.2159821,1.473083
ZMYM4,0.0,0.0,0.0,0.0,0.0,0.0,0.0,0.0,0.0,0.18083665,0.0,0.0,0.0,0.0,0.0,0.0,0.0,0.0,0.0,0.0,0.0,0.0,0.0,0.0,0.0,0.0,0.0,0.0,0.0,0.0,0.0,0.0,0.0,0.0,0.0,0.0,0.0,0.0,0.0,0.0,0.0,0.0
KIAA0319L,0.0,0.0,0.0,0.0,0.0,0.0,0.0,0.0,0.0,0.18155362,0.0,0.0,0.0,0.0,0.0,0.0,0.0,0.0,0.0,0.0,0.0,0.0,0.0,0.0,0.0,0.0,0.0,0.0,0.0,0.0,0.0,0.0,0.0,0.0,0.0,0.0,0.0,0.0,0.0,0.0,0.0,0.0
PSMB2,0.0,0.0,0.0,0.71027863,0.9269446,0.4580726,0.6652854,0.95790553,0.0,0.4977838,0.0,0.0,0.0,0.0,0.0,0.0,0.0,0.0,0.0,0.0,0.0,0.0,0.4997503,0.25047913,1.2634846,0.0,0.0,0.67524886,0.0,0.0,0.0,0.0,0.0,0.0,0.0,0.0,0.0,0.0,0.0,0.0,0.0,0.6670352
CLSPN,0.0,0.0,0.0,0.5565355,1.0884826,0.0,0.0,0.44933093,0.0,0.7635357,0.0,0.0,0.0,0.0,0.0,0.0,0.0,0.0,0.0,0.0,0.0,0.0,0.0,0.0,0.4499066,0.0,0.0,0.0,0.0,0.0,0.0,0.0,0.0,0.0,0.0,0.0,0.0,0.0,0.0,0.0,0.0,0.0
TRAPPC3,0.0,0.0,0.0,0.0,0.0,0.0,0.43283626,0.36111876,0.0,0.44826725,0.0,0.0,0.0,0.0,0.0,0.0,0.0,0.0,0.0,0.0,0.0,0.0,0.0,0.14303318,0.47365287,0.0,0.0,0.0,0.0,0.0,0.0,0.0,0.0,0.0,0.0,0.0,0.0,0.0,0.0,0.0,0.0,0.0
MAP7D1,0.0,0.0,0.0,0.0,0.48452514,0.442071,0.4363086,0.0,0.0,0.0,0.0,0.3987304,0.0,0.0,0.0,0.0,0.0,0.0,0.0,0.0,0.0,0.0,0.0,0.0,0.0,0.0,0.0,0.0,0.0,0.0,0.0,0.0,0.0,0.0,0.0,0.0,0.0,0.0,0.0,0.0,0.0,0.50742555
THRAP3,0.8109302,0.0,0.0,0.7429739,1.2894776,0.4224942,0.86301696,0.85974264,0.0,0.57238364,0.9341768,0.5221987,0.0,0.0,0.0,0.0,0.85989726,0.0,0.0,1.0337516,0.88659185,0.0,0.58768046,0.20578405,0.8389611,1.0399802,0.935398,0.75638044,0.19114219,0.0,0.0,0.8707478,0.0,0.835185,0.0,0.0,0.0,0.0,0.0,0.0,0.0,0.7009123
LSM10,0.0,0.0,0.0,0.0,0.0,0.41057968,0.44636363,0.18598735,0.0,0.0,0.0,0.0,0.0,0.0,0.0,0.0,0.0,0.0,0.0,0.0,0.0,0.0,0.35914332,0.25018308,0.45707923,0.0,0.0,0.0,0.0,0.0,0.0,0.0,0.0,0.0,0.0,0.0,0.0,0.0,0.0,0.0,0.0,0.506348
MRPS15,0.0,0.0,0.0,0.0,0.40387306,0.3431283,0.5444695,1.0280498,0.0,0.0,0.0,0.0,0.0,0.0,0.0,0.0,0.0,0.0,0.0,0.0,0.0,0.0,0.0,0.24504398,0.85791314,0.0,0.0,0.45044369,0.0,0.0,0.0,0.0,0.0,0.0,0.0,0.0,0.0,0.0,0.0,0.0,0.0,0.0
CSF3R,0.0,0.0,1.2842209,0.60228026,0.0,0.0,0.47691563,0.0,0.0,0.0,0.0,0.72303134,0.0,0.0,0.0,0.0,0.0,0.0,0.0,0.0,0.0,0.0,0.0,0.0,0.0,0.0,0.0,0.33405998,0.0,0.0,0.0,0.0,0.0,0.0,0.0,0.0,0.0,0.0,0.0,0.0,0.0,0.0
ZC3H12A,0.0,0.0,0.0,0.0,0.0,0.0,0.0,0.0,0.0,0.0,0.0,0.0,0.0,0.0,0.0,0.0,0.0,0.0,0.0,0.0,0.0,0.0,0.0,0.0,0.0,0.0,0.0,0.0,0.0,0.0,0.0,0.0,0.0,0.0,0.0,0.0,0.0,0.0,0.0,0.6491481,0.0,0.0
MEAF6,0.470424,0.0,0.0,0.0,0.6281724,0.2875488,0.33851904,0.4150623,0.0,0.4977838,0.0,0.0,0.0,0.0,0.0,0.0,0.0,0.0,0.0,0.0,0.0,0.0,0.0,0.0,0.12564816,0.0,0.0,0.0,0.0,0.0,0.0,0.0,0.0,0.0,0.0,0.0,0.0,0.0,0.0,0.0,0.0,0.0
GNL2,0.0,0.0,0.0,0.0,0.0,0.0,0.0,0.35840407,0.0,0.0,0.0,0.0,0.0,0.0,0.0,0.0,0.0,0.0,0.0,0.0,0.0,0.0,0.0,0.0,0.17058174,0.0,0.0,0.0,0.0,0.0,0.0,0.0,0.0,0.0,0.0,0.0,0.0,0.0,0.0,0.0,0.0,0.0
CDCA8,0.0,0.0,0.0,0.0,0.7154175,0.0,0.0,0.15596467,0.0,0.18083665,0.0,0.0,0.0,0.0,0.0,0.0,0.0,0.0,0.0,0.0,0.0,0.0,0.0,0.0,0.0,0.0,0.0,0.0,0.0,0.0,0.0,0.0,0.0,0.0,0.0,0.0,0.0,0.0,0.0,0.0,0.0,0.0
YRDC,0.0,0.0,0.0,0.0,0.0,0.0,0.0,0.097133525,0.0,0.18083665,0.0,0.0,0.0,0.0,0.0,0.0,0.0,0.0,0.0,0.0,0.0,0.0,0.0,0.0,0.14103276,0.0,0.0,0.0,0.0,0.0,0.0,0.0,0.0,0.0,0.0,0.0,0.0,0.0,0.0,0.0,0.0,0.0
C1orf122,0.0,0.0,0.0,0.0,0.0,0.0,0.0,0.0,0.0,0.0,0.0,0.0,0.0,0.0,0.0,0.0,0.0,0.0,0.0,0.0,0.0,0.0,0.0,0.12958227,0.27262,0.0,0.0,0.0,0.0,0.0,0.0,0.0,0.0,0.0,0.0,0.0,0.0,0.0,0.0,0.0,0.0,0.0
SF3A3,0.0,0.0,0.0,0.0,0.0,0.0,0.3996023,0.5926213,0.0,0.3953033,0.0,0.0,0.0,0.0,0.0,0.0,0.0,0.0,0.0,0.0,0.0,0.0,0.0,0.0,0.44615608,0.0,0.0,0.4359767,0.0,0.0,0.0,0.0,0.0,0.0,0.0,0.0,0.0,0.0,0.0,0.0,0.0,0.0
UTP11,0.0,0.0,0.0,0.0,0.0,0.0,0.0,0.21530977,0.0,0.0,0.0,0.0,0.0,0.0,0.0,0.0,0.0,0.0,0.0,0.0,0.0,0.0,0.0,0.0,0.23725653,0.0,0.0,0.0,0.0,0.0,0.0,0.0,0.0,0.0,0.0,0.0,0.0,0.0,0.0,0.0,0.0,0.0
MYCBP,0.0,0.0,0.0,0.0,0.0,0.34146005,0.37851083,0.48565206,0.0,0.18083665,0.0,0.0,0.0,0.0,0.0,0.0,0.0,0.0,0.0,0.0,0.0,0.0,0.0,0.0,0.5265167,0.0,0.0,0.0,0.0,0.0,0.0,0.0,0.0,0.0,0.0,0.0,0.0,0.0,0.0,0.0,0.0,0.0
AKIRIN1,0.0,0.0,0.0,0.0,0.0,0.38905048,0.47691563,0.18431313,0.0,0.78208816,0.0,0.0,0.0,0.0,0.0,0.0,0.0,0.0,0.0,0.0,0.0,0.0,0.0,0.0,0.20240685,0.0,0.0,0.17359743,0.0,0.0,0.0,0.0,0.0,0.0,0.0,0.0,0.0,0.0,0.0,0.0,0.0,0.674698
NDUFS5,0.845777,1.2975402,1.0757463,1.3150291,1.1745098,0.85325944,1.0242468,1.9246993,1.1037867,0.6324817,0.9013167,1.6552165,1.1757209,1.0570728,0.77814996,1.1343846,0.8867693,2.0016394,0.0,1.085,0.97823286,0.0,1.1793103,0.6465233,1.5166221,0.0,0.0,1.4627464,0.19114219,0.0,1.0467676,1.0974803,1.0397422,1.1130857,1.0184762,0.9572884,1.0115213,1.1145515,1.121108,1.0188154,0.9242541,0.9857054
MACF1,0.6719898,0.0,0.4845845,0.62655735,1.1189171,0.0,0.47691563,0.0,0.0,0.49282485,1.1892662,0.0,0.7257168,0.9004487,0.6868571,0.0,0.6487297,0.0,0.0,1.191336,1.0549941,0.0,0.54331815,0.0,0.24736819,0.0,0.0,0.68174565,0.0,1.7752846,0.68044376,1.0470675,0.0,0.9735464,0.0,0.0,0.0,0.0,0.0,0.7013468,0.0,0.0
PABPC4,0.57448566,0.0,0.0,0.4377705,0.0,0.66842306,0.694751,1.1982695,0.0,0.18083665,0.48630244,0.6602513,0.0,0.0,0.0,0.0,0.17859715,0.0,0.0,0.0,0.0,0.0,0.922776,0.46840417,0.8128563,0.0,0.0,0.6560859,0.0,0.0,0.0,0.0,0.0,0.0,0.0,0.0,0.0,0.0,0.0,0.0,0.0,0.0
PPIE,0.0,0.0,0.0,0.0,0.0,0.0,0.0,0.31672123,0.0,0.41463724,0.0,0.0,0.0,0.0,0.0,0.0,0.0,0.0,0.0,0.0,0.0,0.0,0.0,0.0,0.27334732,0.0,0.0,0.0,0.0,0.0,0.0,0.0,0.0,0.0,0.0,0.0,0.0,0.0,0.0,0.0,0.0,0.0
CAP1,0.8779965,0.0,1.6519864,1.7871842,1.5493457,1.486058,1.5757756,0.19369827,1.267622,1.207802,0.9341768,1.1174961,1.141807,1.027951,0.9916867,0.77453846,1.0601586,1.8564329,0.8696697,1.2616732,1.0958865,0.0,1.5434115,0.2007839,0.7538993,0.0,0.0,0.87350225,0.7245959,0.0,0.90358186,1.1504436,0.8962212,1.128622,0.899669,0.8908828,0.89837277,1.0822185,1.0999475,0.9702251,1.1338125,1.2075517
PPT1,0.0,0.0,0.876336,0.9137943,0.0,1.7259908,0.77093077,0.19736072,0.0,0.0,0.0,1.0545062,0.0,0.0,0.0,0.0,0.0,0.0,0.0,0.0,0.0,0.0,0.94806665,0.0,0.20406052,0.0,0.0,0.4706909,0.0,0.0,0.0,0.0,0.0,0.0,0.0,0.0,0.0,0.0,0.0,0.0,0.0,0.0
ZMPSTE24,0.0,0.0,0.0,0.0,0.0,0.0,0.0,0.0,0.0,0.21446666,0.0,0.0,0.0,0.0,0.0,0.0,0.0,0.0,0.0,0.0,0.0,0.0,0.0,0.0,0.0,0.0,0.0,0.0,0.0,0.0,0.0,0.0,0.0,0.0,0.0,0.0,0.0,0.0,0.0,0.0,0.0,0.0
SMAP2,1.0454499,0.0,0.9929419,0.526829,0.8094747,0.0,1.3811415,0.4221367,0.0,0.5045114,1.2193325,1.1472063,1.4643317,1.0277203,1.449307,0.0,0.0,0.0,1.6376356,1.096727,1.2338932,1.8626367,1.5143042,0.7306762,0.8638175,1.0675079,1.5437008,0.18728277,1.1088517,0.0,1.111989,1.0667262,1.1382626,1.247078,1.1818883,1.0143714,1.2817144,1.4317614,1.1143222,1.2034364,0.8953636,0.5420274
NFYC,0.0,0.0,0.0,0.0,0.0,0.0,0.2934634,0.13736913,0.0,0.0,0.0,0.0,0.0,0.0,0.0,0.0,0.0,0.0,0.0,0.0,0.0,0.0,0.0,0.0,0.1759403,0.0,0.0,0.0,0.0,0.0,0.0,0.0,0.0,0.0,0.0,0.0,0.0,0.0,0.0,0.0,0.0,0.0
CITED4,0.0,0.0,0.0,0.61410105,0.0,0.0,0.33295542,0.0,0.0,0.0,0.0,0.0,0.0,0.0,0.0,0.0,0.0,0.0,0.0,0.0,0.0,0.0,0.0,0.0,0.0,0.0,0.0,0.0,0.0,0.0,0.0,0.0,0.0,0.0,0.84437525,0.0,0.0,0.0,0.0,0.0,0.0,0.0
CTPS1,0.0,0.0,0.0,0.0,0.40083867,0.0,0.0,0.14745966,0.0,0.3960203,0.0,0.0,0.0,0.0,0.0,0.0,0.0,0.0,0.0,0.0,0.0,0.0,0.0,0.0,0.1802879,0.0,0.0,0.0,0.0,0.0,0.0,0.0,0.0,0.0,0.0,0.0,0.0,0.0,0.0,0.0,0.0,0.0
SCMH1,0.0,0.0,0.0,0.0,0.0,0.0,0.0,0.0,0.0,0.18083665,0.0,0.0,0.0,0.0,0.0,0.0,0.0,0.0,0.0,0.0,0.0,0.0,0.0,0.0,0.0,0.0,0.0,0.0,0.0,0.0,0.0,0.0,0.0,0.0,0.0,0.0,0.0,0.0,0.0,0.0,0.0,0.0
PPCS,0.0,0.0,0.0,0.0,0.0,0.28951037,0.43482453,0.1873608,0.0,0.0,0.0,0.0,0.0,0.0,0.0,0.0,0.0,0.0,0.0,0.0,0.0,0.0,0.17070061,0.0,0.12638117,0.0,0.0,0.0,0.0,0.0,0.0,0.0,0.0,0.0,0.0,0.0,0.0,0.0,0.0,0.0,0.0,0.0
PPIH,0.0,0.0,0.0,0.0,0.0,0.0,0.0,0.7292745,0.0,0.6324817,0.0,0.0,0.0,0.0,0.0,0.0,0.0,0.0,0.0,0.0,0.0,0.0,0.0,0.0,0.31120902,0.0,0.0,0.22518742,0.0,0.0,0.0,0.0,0.0,0.0,0.0,0.0,0.0,0.0,0.0,0.0,0.0,0.0
YBX1,1.9995451,2.7784677,1.8182145,2.2036366,2.3551893,2.0693886,2.432976,3.1596851,2.9879107,2.4884667,1.7712249,2.605201,2.6702008,1.685704,1.9251993,2.1304195,1.5430588,2.6592364,1.8650923,1.759233,1.6958067,1.9465104,2.6456456,1.0162776,2.4239078,1.7058532,1.7345462,2.3210645,1.9727682,0.0,1.7902334,1.7063967,1.6087983,1.7573947,1.6487556,1.6029956,1.7044618,1.8242558,1.6788144,1.6493213,1.5992758,1.9315714
SVBP,0.0,0.0,0.0,0.0,0.0,0.2875488,0.0,0.1972709,0.0,0.18083665,0.0,0.0,0.0,0.0,0.0,0.0,0.0,0.0,0.0,0.0,0.0,0.0,0.0,0.0,0.0,0.0,0.0,0.0,0.0,0.0,0.0,0.0,0.0,0.0,0.0,0.0,0.0,0.0,0.0,0.0,0.0,0.0
SLC2A1,0.0,0.0,0.0,0.0,0.0,0.0,0.0,0.07640275,0.0,0.18083665,0.0,0.0,0.0,0.0,0.0,0.0,0.0,0.0,0.0,0.0,0.0,0.0,0.0,0.0,0.0,0.0,0.0,0.0,0.0,0.0,0.0,0.0,0.0,0.0,0.0,0.0,0.0,0.0,0.0,0.0,0.0,0.0
EBNA1BP2,0.0,0.0,0.0,0.0,0.0,0.0,0.0,0.8802541,0.0,0.18155362,0.0,0.0,0.0,0.0,0.0,0.0,0.0,0.0,0.0,0.0,0.0,0.0,0.0,0.0,0.65820134,0.0,0.0,0.28232712,0.0,0.0,0.0,0.0,0.0,0.0,0.0,0.0,0.0,0.0,0.0,0.0,0.0,0.0
CDC20,0.0,0.0,0.0,0.0,0.0,0.0,0.0,0.6638537,0.0,0.0,0.0,0.0,0.0,0.0,0.0,0.0,0.0,0.0,0.0,0.0,0.0,0.0,0.0,0.0,0.31360656,0.0,0.0,0.0,0.0,0.0,0.0,0.0,0.0,0.0,0.0,0.0,0.0,0.0,0.0,0.0,0.0,0.0
ELOVL1,0.0,0.0,0.0,0.0,0.0,0.40235615,0.3865379,0.40969265,0.0,0.0,0.0,0.0,0.0,0.0,0.0,0.0,0.0,0.0,0.0,0.0,0.0,0.0,0.0,0.0,0.0,0.0,0.0,0.0,0.0,0.0,0.0,0.0,0.0,0.0,0.0,0.0,0.0,0.0,0.0,0.0,0.0,0.0
MED8,0.0,0.0,0.0,0.0,0.0,0.0,0.0,0.36860895,0.0,0.0,0.0,0.0,0.0,0.0,0.0,0.0,0.0,0.0,0.0,0.0,0.0,0.0,0.0,0.0,0.30593717,0.0,0.0,0.0,0.0,0.0,0.0,0.0,0.0,0.0,0.0,0.0,0.0,0.0,0.0,0.0,0.0,0.0
DPH2,0.0,0.0,0.0,0.0,0.0,0.0,0.0,0.23102878,0.0,0.0,0.0,0.0,0.0,0.0,0.0,0.0,0.0,0.0,0.0,0.0,0.0,0.0,0.0,0.0,0.0,0.0,0.0,0.0,0.0,0.0,0.0,0.0,0.0,0.0,0.0,0.0,0.0,0.0,0.0,0.0,0.0,0.0
ATP6V0B,0.8779965,1.8443311,1.5752919,1.6260881,0.76529306,1.0603105,1.3636297,0.7211257,0.0,0.21446666,0.0,1.5917552,1.1757209,0.0,0.6868571,0.90920967,0.9116404,0.0,0.66850996,0.0,0.0,0.0,1.4241501,0.75942266,1.2685019,1.3892694,0.0,1.0723212,0.49882692,0.0,0.0,0.0,0.0,0.0,0.0,0.0,0.0,0.0,0.0,0.0,0.0,1.2889087
DMAP1,0.0,0.0,0.0,0.0,0.0,0.0,0.0,0.0,0.0,0.0,0.0,0.0,0.0,0.0,0.0,0.0,0.0,0.0,0.0,0.0,0.0,0.0,0.0,0.0,0.12525262,0.0,0.0,0.0,0.0,0.0,0.0,0.0,0.0,0.0,0.0,0.0,0.0,0.0,0.0,0.0,0.0,0.0
ERI3,0.0,0.0,0.0,0.0,0.0,0.0,0.0,0.46561325,0.0,0.0,0.0,0.0,0.0,0.0,0.0,0.0,0.0,0.0,0.0,0.0,0.0,0.0,0.0,0.0,0.13803001,0.0,0.0,0.0,0.0,0.0,0.0,0.0,0.0,0.0,0.0,0.0,0.0,0.0,0.0,0.0,0.0,0.0
RNF220,0.0,0.0,0.0,0.0,0.0,0.0,0.0,0.24260345,0.0,0.18155362,0.0,0.0,0.0,0.0,0.0,0.0,0.0,0.0,0.0,0.0,0.0,0.0,0.0,0.0,0.0,0.0,0.0,0.22204426,0.0,0.0,0.0,0.0,0.0,0.0,0.0,0.0,0.0,0.0,0.0,0.0,0.0,0.0
ARMH1,0.0,0.0,0.0,0.0,0.0,0.0,0.0,0.0,0.0,0.0,0.0,0.0,0.0,0.0,0.0,0.0,0.0,0.0,0.0,0.0,0.0,0.0,0.0,0.0,0.0,0.0,0.0,0.48135114,0.0,0.0,0.0,0.0,0.0,0.0,0.0,0.0,0.0,0.0,0.0,0.0,0.0,0.75676465
RPS8,4.1384516,3.0294108,3.293947,3.52292,2.931114,4.136582,3.7182412,4.181383,3.2438588,3.7358632,3.59036,3.446909,3.8960452,3.7700315,4.101997,3.678142,3.5334342,2.6818628,4.2064056,3.0409245,3.4636445,4.1204095,3.491879,2.813748,3.5280604,3.5995002,3.8538299,4.12645,3.7069113,1.8672471,4.1779675,3.45947,4.0427203,3.467753,4.3789587,4.190318,4.214493,3.960825,3.569047,3.7898536,3.7529395,3.9146783
PLK3,0.0,0.0,0.0,0.0,0.0,0.0,0.0,0.0,0.0,0.0,0.0,0.8635058,0.0,0.0,0.0,0.0,0.0,0.0,0.0,0.0,0.0,0.0,0.0,0.0,0.0,0.0,0.0,0.0,0.0,0.0,0.0,0.0,0.0,0.0,0.0,0.0,0.0,0.0,0.0,0.0,0.0,0.0
EIF2B3,0.0,0.0,0.0,0.0,0.0,0.0,0.0,0.29783472,0.0,0.0,0.0,0.0,0.0,0.0,0.0,0.0,0.0,0.0,0.0,0.0,0.0,0.0,0.0,0.0,0.1720261,0.0,0.0,0.0,0.0,0.0,0.0,0.0,0.0,0.0,0.0,0.0,0.0,0.0,0.0,0.0,0.0,0.0
UROD,0.0,0.0,0.0,0.0,0.0,0.0,0.3384496,1.6728463,0.0,0.0,0.0,0.0,0.0,0.0,0.0,0.0,0.0,1.0107542,0.0,0.0,0.0,0.0,0.0,0.0,0.12207285,0.0,0.0,0.46323147,0.0,0.0,0.0,0.0,0.0,0.0,0.0,0.0,0.0,0.0,0.0,0.0,0.0,0.0
HPDL,0.0,0.0,0.0,0.0,0.0,0.0,0.0,0.13638774,0.0,0.0,0.0,0.0,0.0,0.0,0.0,0.0,0.0,0.0,0.0,0.0,0.0,0.0,0.0,0.0,0.0,0.0,0.0,0.0,0.0,0.0,0.0,0.0,0.0,0.0,0.0,0.0,0.0,0.0,0.0,0.0,0.0,0.0
PRDX1,0.8779965,1.2975402,0.872406,0.9593189,0.54259264,0.5955348,0.7647091,1.4326056,2.3682797,1.3183097,0.0,1.054872,1.5203841,0.0,0.0,0.0,0.5453268,0.9538028,0.0,0.0,0.0,0.0,0.8858355,0.8561568,1.7706854,1.3969741,1.4625027,1.1320922,0.70950496,0.0,0.71445805,0.0,0.0,0.0,0.0,0.0,0.0,0.7882829,0.0,0.0,0.0,0.7137402
AKR1A1,0.0,0.0,0.0,0.3596487,0.0,0.49875098,0.49004585,0.20543616,0.0,0.18155362,0.0,0.79289067,0.0,0.0,0.0,0.0,0.0,0.0,0.0,0.0,0.0,0.0,0.5215323,0.6588832,0.75626326,0.0,0.0,0.5631583,0.0,0.0,0.0,0.0,0.0,0.0,0.0,0.0,0.0,0.0,0.0,0.0,0.0,0.7264606
NASP,0.0,0.0,0.0,1.0661489,1.4764186,0.38905048,0.50117546,1.3334273,0.0,1.0070283,0.0,0.0,0.0,0.0,0.0,0.0,0.56538093,0.0,0.0,0.0,0.0,0.0,0.0,0.0,1.2003775,0.0,0.9506155,1.3121006,0.0,0.0,0.0,0.0,0.0,0.0,0.0,0.0,0.0,0.0,0.0,0.0,0.0,0.6258739
GPBP1L1,0.0,0.0,0.0,0.0,0.0,0.0,0.0,0.16873805,0.0,0.23380059,0.0,0.0,0.7257168,0.0,0.0,0.0,0.0,0.0,0.0,0.0,0.0,0.0,0.0,0.0,0.0,0.0,0.0,0.0,0.0,0.0,0.0,0.0,0.0,0.0,0.0,0.0,0.0,0.0,0.0,0.0,0.0,0.0
TMEM69,0.0,0.0,0.0,0.0,0.0,0.0,0.0,0.0,0.0,0.21446666,0.0,0.0,0.0,0.0,0.0,0.0,0.0,0.0,0.0,0.0,0.0,0.0,0.0,0.0,0.0,0.0,0.0,0.0,0.0,0.0,0.0,0.0,0.0,0.0,0.0,0.0,0.0,0.0,0.0,0.0,0.0,0.0
LRRC41,0.0,0.0,0.0,0.0,0.0,0.0,0.0,0.2382333,0.0,0.0,0.0,0.0,0.0,0.0,0.0,0.0,0.0,0.0,0.0,0.0,0.0,0.0,0.0,0.0,0.0,0.0,0.0,0.0,0.0,0.0,0.0,0.0,0.0,0.0,0.0,0.0,0.0,0.0,0.0,0.0,0.0,0.0
UQCRH,1.6011695,1.3184105,1.4659526,1.6942782,1.5426642,1.5078782,1.6576347,2.1022654,1.8233821,1.8437064,1.3675416,1.3130223,1.141807,1.081445,1.1810663,1.563396,1.489082,2.3849943,1.5180185,1.225713,1.2778261,1.2440813,1.2589355,1.008451,2.3326292,1.1023977,1.4311959,1.8808427,1.4203761,0.0,1.1645827,1.194456,1.0678525,1.1546681,1.2823731,1.0088568,1.3472872,1.2396166,1.1549652,1.079645,1.1051886,1.254283
ATPAF1,0.0,0.0,0.0,0.0,0.0,0.0,0.0,0.33012676,0.0,0.4153542,0.0,0.0,0.0,0.0,0.0,0.0,0.0,0.0,0.0,0.0,0.0,0.0,0.0,0.0,0.13167544,0.0,0.0,0.0,0.0,0.0,0.0,0.0,0.0,0.0,0.0,0.0,0.0,0.0,0.0,0.0,0.0,0.0
EFCAB14,0.0,0.0,0.0,0.0,0.0,0.0,0.34136593,0.0,0.0,0.0,0.0,0.0,0.0,0.0,0.0,0.0,0.0,0.0,0.0,0.0,0.0,0.0,0.0,0.0,0.0,0.0,0.0,0.0,0.0,0.0,0.0,0.0,0.0,0.0,0.0,0.0,0.0,0.0,0.0,0.0,0.0,0.0
TAL1,0.0,0.0,0.0,0.0,0.0,0.0,0.0,0.35840407,0.0,0.0,0.0,0.0,0.0,0.0,0.0,0.0,0.0,0.36801174,0.0,0.0,0.0,0.0,0.0,0.0,0.0,0.0,0.0,0.0,0.0,0.0,0.0,0.0,0.0,0.0,0.0,0.0,0.0,0.0,0.0,0.0,0.0,0.0
CMPK1,0.5894627,0.0,0.0,0.0,0.3504487,0.4580726,0.367315,0.52233124,0.0,0.44826725,0.392094,0.0,0.0,0.0,0.0,0.0,0.0,0.72649384,0.0,0.0,0.0,0.0,0.0,0.17308275,0.32550788,0.0,0.0,0.31359696,0.0,0.0,0.7458136,0.0,0.0,0.0,0.0,0.76171744,0.7965511,0.0,0.0,0.0,0.0,0.57605094
FAF1,0.0,0.0,0.0,0.0,0.0,0.0,0.0,0.25649914,0.0,0.18155362,0.0,0.0,0.0,0.0,0.0,0.0,0.0,0.0,0.0,0.0,0.0,0.0,0.0,0.0,0.13131355,0.0,0.0,0.0,0.0,0.0,0.0,0.0,0.0,0.0,0.0,0.0,0.0,0.0,0.0,0.0,0.0,0.0
CDKN2C,0.0,0.0,0.0,0.0,0.47838467,0.0,0.0,0.0,0.0,0.0,0.0,0.0,0.0,0.0,0.0,0.0,0.0,0.0,0.0,0.0,0.0,0.0,0.0,0.0,0.0,0.0,0.0,0.0,0.0,0.0,0.0,0.0,0.0,0.0,0.0,0.0,0.0,0.0,0.0,0.0,0.0,0.0
RNF11,0.0,0.0,0.0,0.0,0.0,0.0,0.0,0.0,0.0,0.0,0.0,0.0,0.0,0.0,0.0,0.0,0.0,0.46463445,0.0,0.0,0.0,0.0,0.0,0.0,0.0,0.0,0.0,0.0,0.0,0.0,0.0,0.0,0.0,0.0,0.0,0.0,0.0,0.0,0.0,0.0,0.0,0.53806937
EPS15,0.0,0.0,0.0,0.0,0.0,0.0,0.29905957,0.36935025,0.0,0.0,0.0,0.0,0.7257168,0.0,0.0,0.0,0.0,0.0,0.0,0.0,0.0,0.0,0.0,0.0,0.17043604,0.0,0.0,0.0,0.0,0.0,0.0,0.0,0.0,0.0,0.0,0.0,0.0,0.0,0.0,0.0,0.0,0.0
OSBPL9,0.0,0.0,0.0,0.0,0.0,0.3828968,0.0,0.22030284,0.0,0.0,0.0,0.0,0.44090223,0.0,0.0,0.0,0.0,0.0,0.0,0.0,0.0,0.0,0.0,0.0,0.22705108,0.0,0.0,0.0,0.0,0.0,0.0,0.0,0.0,0.0,0.0,0.0,0.0,0.0,0.0,0.0,0.0,0.0
NRDC,0.0,0.0,0.0,0.25347003,0.54670703,0.47506863,0.49061,0.44154525,0.0,0.8969919,0.0,0.4963503,0.0,0.0,0.0,0.0,0.0,0.680353,0.0,0.0,0.0,0.0,0.0,0.39798272,0.58235437,0.0,0.0,0.34616625,0.0,0.0,0.0,0.0,0.0,0.0,0.0,0.0,0.0,0.0,0.0,0.0,0.0,0.7124677
TXNDC12,0.0,0.0,0.0,0.36459067,0.0,0.34146005,0.36281422,0.0,0.0,0.0,0.0,0.0,0.0,0.0,0.0,0.0,0.0,0.0,0.0,0.0,0.0,0.0,0.0,0.0,0.37458456,0.0,0.0,0.18774414,0.0,0.0,0.0,0.0,0.0,0.0,0.0,0.0,0.0,0.0,0.0,0.0,0.0,0.0
BTF3L4,0.0,0.0,0.0,0.0,0.0,0.38395348,0.36281422,0.4857403,0.0,0.7565536,0.0,0.0,0.0,0.0,0.0,0.0,0.0,0.0,0.0,0.0,0.0,0.0,0.0,0.0,0.2975178,0.0,0.0,0.19294405,0.0,0.0,0.0,0.0,0.0,0.0,0.0,0.0,0.0,0.0,0.0,0.0,0.0,0.0
ORC1,0.0,0.0,0.0,0.0,0.0,0.0,0.0,0.0,0.0,0.4195962,0.0,0.0,0.0,0.0,0.0,0.0,0.0,0.0,0.0,0.0,0.0,0.0,0.0,0.0,0.0,0.0,0.0,0.0,0.0,0.0,0.0,0.0,0.0,0.0,0.0,0.0,0.0,0.0,0.0,0.0,0.0,0.0
PRPF38A,0.0,0.0,0.0,0.0,0.4191305,0.0,0.36281422,0.3484845,0.0,0.36239028,0.0,0.0,0.0,0.0,0.0,0.0,0.0,0.0,0.0,0.0,0.0,0.0,0.0,0.0,0.24767917,0.0,0.0,0.31546384,0.0,0.0,0.0,0.0,0.0,0.0,0.0,0.0,0.0,0.0,0.0,0.0,0.0,0.0
TUT4,0.8109302,0.0,0.0,0.0,0.6236131,0.0,0.0,0.0,0.0,0.47349092,0.0,0.0,0.0,0.0,0.0,0.0,0.0,0.0,0.0,0.0,0.0,0.0,0.0,0.0,0.17393991,0.0,0.0,0.061772577,0.0,0.0,0.0,0.0,0.0,0.0,0.0,0.0,0.0,0.0,0.0,0.0,0.0,0.70858014
GPX7,0.0,0.0,0.0,0.0,0.0,0.0,0.0,0.0,0.0,0.0,0.0,0.0,0.0,0.0,0.0,0.0,0.0,0.0,0.0,0.0,0.0,0.0,0.0,0.0,0.17517093,0.0,0.0,0.0,0.0,0.0,0.0,0.0,0.0,0.0,0.0,0.0,0.0,0.0,0.0,0.0,0.0,0.0
SCP2,0.0,0.4366376,0.0,0.57901835,0.8627157,0.41900888,0.6652854,0.29719716,0.0,0.47349092,0.0,0.0,0.97920024,0.0,0.0,0.0,0.0,0.46217924,0.0,0.0,0.0,0.0,0.4744839,0.0,0.3875177,0.0,0.0,0.43327916,0.0,0.0,0.0,0.0,0.0,0.0,0.0,0.0,0.0,0.0,0.0,0.0,0.0,0.59814066
CZIB,0.0,0.0,0.0,0.0,0.0,0.0,0.0,0.19918287,0.0,0.0,0.0,0.0,0.0,0.0,0.0,0.0,0.0,0.0,0.0,0.0,0.0,0.0,0.0,0.0,0.0,0.0,0.0,0.0,0.0,0.0,0.0,0.0,0.0,0.0,0.0,0.0,0.0,0.0,0.0,0.0,0.0,0.0
MAGOH,0.0,0.0,0.0,0.0,0.86020935,0.34115425,0.5683462,0.8852662,0.0,0.18155362,0.0,0.0,0.0,0.0,0.0,0.0,0.0,0.0,0.0,0.0,0.0,0.0,0.0,0.0,0.40787116,0.0,0.0,0.4133048,0.0,0.0,0.0,0.0,0.0,0.0,0.0,0.0,0.0,0.0,0.0,0.0,0.0,0.6280608
ENSG00000230138,0.0,0.0,0.0,0.0,0.0,0.0,0.0,0.0,0.0,0.0,0.0,0.0,0.0,0.0,0.0,0.0,0.0,0.0,0.0,0.0,0.0,0.0,0.0,0.0,0.0,0.0,0.0,0.0,0.0,0.0,0.0,0.0,0.0,0.0,0.0,0.0,0.0,0.0,0.0,0.0,0.0,0.9863148
IFT25,0.0,0.0,0.0,0.0,0.7792021,0.3977822,0.3259039,0.4413076,0.0,0.62309736,0.0,0.0,0.0,0.0,0.0,0.0,0.0,0.0,0.0,0.0,0.0,0.0,0.0,0.0,0.57831943,0.0,0.0,0.0,0.0,0.0,0.0,0.0,0.0,0.0,0.0,0.0,0.0,0.0,0.0,0.0,0.0,0.0
TMEM59,0.7556761,0.0,0.72555184,0.7130773,0.9848577,0.8300034,0.824463,0.8489393,0.0,0.4153542,0.9341768,1.0209692,0.44090223,0.753289,0.0,0.0,0.0,0.0,0.0,1.0787475,0.8196397,0.0,0.8338698,1.3166996,1.0511713,0.0,0.0,0.6936977,0.7345717,0.0,0.84913063,1.1003487,0.8062368,1.0436608,0.8043552,0.8835846,0.78606504,0.934646,1.0610101,0.8565465,0.9984566,1.1002185
MRPL37,0.0,0.0,0.0,0.0,0.0,0.34549886,0.32769254,1.1185544,0.0,0.0,0.0,0.0,0.0,0.0,0.0,0.0,0.0,0.0,0.0,0.0,0.0,0.0,0.0,0.0,0.6365854,0.0,0.0,0.47251856,0.0,0.0,0.0,0.0,0.0,0.0,0.0,0.0,0.0,0.0,0.0,0.0,0.0,0.0
SSBP3,0.0,0.0,0.0,0.0,0.4057582,0.0,0.0,0.21364279,0.0,0.0,0.0,0.0,0.0,0.0,0.0,0.0,0.0,0.0,0.0,0.0,0.0,0.0,0.0,0.0,0.0,0.0,0.0,0.0,0.0,0.0,0.0,0.0,0.0,0.0,0.0,0.0,0.0,0.0,0.0,0.0,0.0,0.0
JUN,1.8387872,1.2975402,0.96548474,1.3203818,3.0485895,0.65910083,1.4650563,0.0,0.0,1.5654495,3.185392,1.4307922,1.5547979,3.4974954,2.9991453,2.32429,1.9697797,0.0,2.3687844,3.1907825,3.1317894,2.5683715,1.0388565,2.8411062,1.6022633,2.133792,2.2505853,1.4428041,2.3581924,2.1496089,2.8894362,2.12472,3.334817,2.5498524,2.830564,3.9816852,2.4300206,2.8178577,2.839409,3.5640335,3.7722723,1.5628784
NFIA,0.0,0.0,0.0,0.0,0.0,0.0,0.0,0.981207,0.0,0.0,0.0,0.0,0.0,0.0,0.0,0.0,0.0,0.0,0.0,0.0,0.0,0.0,0.0,0.0,0.0,0.0,0.0,0.0,0.0,0.0,0.0,0.0,0.0,0.0,0.0,0.0,0.0,0.0,0.0,0.0,0.0,0.0
TM2D1,0.0,0.0,0.0,0.0,0.0,0.0,0.0,0.0,0.0,0.4532262,0.0,0.0,0.0,0.0,0.0,0.0,0.0,0.0,0.0,0.0,0.0,0.0,0.0,0.0,0.113108404,0.0,0.0,0.0,0.0,0.0,0.0,0.0,0.0,0.0,0.0,0.0,0.0,0.0,0.0,0.0,0.0,0.0
USP1,0.0,0.0,0.0,0.6622701,1.0178922,0.2875488,0.0,0.53983116,0.0,0.42880017,0.0,0.0,0.0,0.0,0.7355936,0.0,0.0,0.0,0.0,0.0,0.0,0.0,0.0,0.0,0.44274735,0.0,0.0,0.4705593,0.0,0.0,0.0,0.0,0.0,0.0,0.0,0.0,0.0,0.0,0.0,0.0,0.0,0.0
ATG4C,0.0,0.0,0.0,0.0,0.0,0.0,0.0,0.0,0.0,0.18083665,0.0,0.0,0.0,0.0,0.0,0.0,0.0,0.0,0.0,0.0,0.0,0.0,0.0,0.0,0.0,0.0,0.0,0.0,0.0,0.0,0.0,0.0,0.0,0.0,0.0,0.0,0.0,0.0,0.0,0.0,0.0,0.0
ITGB3BP,0.0,0.0,0.0,0.0,0.0,0.0,0.0,0.14745966,0.0,0.18083665,0.0,0.0,0.0,0.0,0.0,0.0,0.0,0.0,0.0,0.0,0.0,0.0,0.0,0.0,0.17878182,0.0,0.0,0.0,0.0,0.0,0.0,0.0,0.0,0.0,0.0,0.0,0.0,0.0,0.0,0.0,0.0,0.0
JAK1,1.2050706,0.0,0.93572736,0.79402936,1.554504,0.86937743,1.0562158,0.14484286,0.0,0.9056965,1.1892662,0.90413547,1.3831153,1.5170417,1.3681959,0.0,0.57552946,0.7663616,1.2732232,1.9328251,2.0102024,1.247078,1.0096573,0.32349488,0.53279656,1.3670175,1.4101219,0.49027872,1.1723752,0.0,1.1126741,1.3076837,1.1982402,1.5547245,0.97683644,1.012425,1.0276052,1.2386584,1.43411,1.1937344,1.2266064,1.0363032
LEPROT,0.0,0.0,0.7191498,0.0,0.0,0.0,0.4043847,0.49542162,0.0,0.36239028,0.0,0.3987304,0.0,0.0,0.0,0.0,0.0,0.58091444,0.0,0.0,0.0,0.0,0.53949404,0.0,0.0,0.0,0.0,0.4094079,0.0,0.0,0.0,0.0,0.0,0.0,0.0,0.0,0.0,0.0,0.0,0.0,0.0,0.49602446
PDE4B,0.0,0.0,0.0,0.0,0.0,0.9467374,0.0,0.0,0.0,0.23875955,0.0,0.5367148,1.5203841,0.0,1.3768444,0.0,0.0,0.0,0.90001893,0.0,0.0,1.1338125,0.0,0.340474,0.32989597,0.0,1.0581769,0.0,0.19933298,0.0,0.0,0.0,0.0,0.0,0.0,0.0,0.0,0.0,0.0,0.9034945,0.0,0.4897924
MIER1,0.0,0.0,0.0,0.49365163,0.6340153,0.0,0.42818734,0.29783472,0.0,0.0,0.0,0.0,0.0,0.0,0.7355936,0.0,0.0,0.0,0.0,0.0,0.0,0.0,0.0,0.0,0.18442562,0.0,0.0,0.37348324,0.0,0.0,0.0,0.0,0.0,0.0,0.0,0.0,0.0,0.0,0.0,0.0,0.0,0.0
SERBP1,1.2932063,0.0,0.9453639,1.4066584,1.4368751,1.2325418,1.2586422,2.107659,0.0,1.8672473,1.2911952,0.8423759,0.5578004,1.089758,1.1548164,1.0507423,0.9553361,1.2415409,0.9419858,1.2363133,1.2830852,1.0051078,0.8842283,0.42772248,1.6472869,1.4268506,1.3541749,1.740699,0.6920109,0.0,0.96016335,1.0738401,0.93202466,1.1371825,0.9783879,0.9385132,1.0842869,1.106406,1.0606395,0.96738505,0.0,1.3711505
GADD45A,0.0,0.0,0.0,0.0,0.0,0.0,0.0,0.19160235,0.0,0.0,0.0,0.0,0.0,0.0,0.0,0.0,0.0,0.0,0.0,0.0,0.0,0.0,0.0,0.0,0.0,0.0,0.0,0.0,0.0,0.0,0.0,0.0,0.0,0.0,0.0,0.0,0.0,0.0,0.0,0.0,0.0,0.0
SRSF11,1.0128595,0.6834405,0.7567855,1.032994,1.2762845,0.82469076,1.0025887,1.0649518,0.0,0.47256014,1.2238884,0.82655406,0.91374826,0.9248045,1.1810663,0.0,0.8062613,0.69787395,0.9764595,1.1953392,1.2106507,0.0,0.6165058,0.41601986,0.9355273,1.2383835,0.99275464,1.1064997,0.8332709,0.0,0.8872192,1.0976799,0.93202466,1.1070156,0.89386725,0.9578317,0.90894425,0.95817786,1.09529,1.0334016,0.74956125,1.1311629
ZRANB2,0.0,0.0,0.0,0.0,0.6005105,0.3139043,0.47691563,0.43713537,0.0,0.9137148,0.59476876,0.0,0.7257168,0.0,0.0,0.0,0.0,0.0,0.0,0.0,0.78838205,0.0,0.0,0.30662262,0.55391383,0.0,0.0,0.5315391,0.0,0.0,0.0,0.0,0.0,0.0,0.0,0.0,0.0,0.0,0.0,0.0,0.0,0.83728486
NEGR1,0.0,0.0,0.0,0.0,0.0,0.34549886,0.0,0.0,0.0,0.0,0.0,0.0,0.0,0.0,0.0,0.0,0.0,0.0,0.0,0.0,0.0,0.0,0.0,0.0,0.0,0.0,0.0,0.0,0.0,0.0,0.0,0.0,0.0,0.0,0.0,0.0,0.0,0.0,0.0,0.0,0.0,0.0
TYW3,0.0,0.0,0.0,0.0,0.0,0.0,0.0,0.27594322,0.0,0.0,0.0,0.0,0.0,0.0,0.0,0.0,0.0,0.0,0.0,0.0,0.0,0.0,0.0,0.0,0.21339111,0.0,0.0,0.0,0.0,0.0,0.0,0.0,0.0,0.0,0.0,0.0,0.0,0.0,0.0,0.0,0.0,0.0
ACADM,0.0,0.0,0.0,0.0,0.0,0.0,0.0,0.31567276,0.0,0.23380059,0.0,0.0,0.0,0.0,0.0,0.0,0.0,0.0,0.0,0.0,0.0,0.0,0.0,0.0,0.48392653,0.0,0.0,0.0,0.0,0.0,0.0,0.0,0.0,0.0,0.0,0.0,0.0,0.0,0.0,0.0,0.0,0.0
RABGGTB,0.0,0.0,0.0,0.0,0.0,0.41900888,0.37851083,0.27569824,0.0,0.18155362,0.0,0.0,0.0,0.0,0.0,0.0,0.0,0.0,0.0,0.0,0.0,0.0,0.0,0.0,0.23451747,0.0,0.0,0.0,0.0,0.0,0.0,0.0,0.0,0.0,0.0,0.0,0.0,0.0,0.0,0.0,0.0,0.0
PIGK,0.0,0.0,0.0,0.0,0.0,0.0,0.0,0.0,0.0,0.0,0.0,0.0,0.0,0.0,0.0,0.0,0.0,0.0,0.0,0.0,0.0,0.0,0.0,0.0,0.13131355,0.0,0.0,0.0,0.0,0.0,0.0,0.0,0.0,0.0,0.0,0.0,0.0,0.0,0.0,0.0,0.0,0.0
USP33,0.0,0.0,0.0,0.0,0.0,0.0,0.0,0.0,0.0,0.23380059,0.0,0.0,0.0,0.0,0.0,0.0,0.0,0.0,0.0,0.0,0.0,0.0,0.0,0.0,0.0,0.0,0.0,0.0,0.0,0.0,0.0,0.0,0.0,0.0,0.0,0.0,0.0,0.0,0.0,0.0,0.0,0.0
NEXN,0.0,0.0,0.0,0.0,0.0,0.0,0.0,0.0,0.0,0.0,0.0,0.0,0.0,0.0,0.0,0.0,0.0,0.31977934,0.0,0.0,0.0,0.0,0.0,0.0,0.0,0.0,0.0,0.0,0.0,0.0,0.0,0.0,0.0,0.0,0.0,0.0,0.0,0.0,0.0,0.0,0.0,0.0
FUBP1,0.0,0.0,0.0,0.31014222,0.64804024,0.3431283,0.33419082,0.4934838,0.0,0.44826725,0.0,0.0,0.44090223,0.0,0.0,0.0,0.0,0.0,0.0,0.0,0.0,0.0,0.0,0.0,0.40395418,0.0,0.0,0.3376678,0.0,0.0,0.0,0.0,0.0,0.0,0.0,0.0,0.0,0.0,0.0,0.0,0.0,0.0
DNAJB4,0.0,0.0,0.0,0.0,0.0,0.0,0.0,0.0,0.0,0.0,0.0,0.0,0.0,0.0,0.0,0.0,0.0,0.0,0.0,0.0,0.0,0.0,0.0,0.0,0.0,0.0,0.0,0.0,0.0,0.0,0.0,0.0,0.0,0.0,0.0,0.9005393,0.0,0.0,0.0,0.0,0.0,0.0
ENSG00000273338,0.0,0.0,0.0,0.0,0.0,0.0,0.0,0.0,0.0,0.0,0.0,0.0,0.0,0.0,0.0,0.0,0.0,0.0,0.0,0.0,0.0,0.0,0.0,0.0,0.30593717,0.0,0.0,0.0,0.0,0.0,0.0,0.0,0.0,0.0,0.0,0.0,0.0,0.0,0.0,0.0,0.0,0.573008
LINC01781,0.0,0.0,0.0,0.0,0.0,0.0,0.0,0.0,0.0,0.0,0.0,0.0,0.0,0.0,0.0,0.0,0.0,0.0,0.83960134,0.0,0.0,0.0,0.0,0.0,0.0,0.0,0.0,0.0,0.0,0.0,0.0,0.0,0.0,0.0,0.0,0.0,0.0,0.0,0.0,0.0,0.0,0.0
PRKACB,0.0,0.0,0.0,0.0,0.58604705,0.0,0.0,0.0,0.0,0.21446666,0.0,0.0,0.0,0.0,0.0,0.0,0.0,0.2896741,0.0,0.0,0.0,0.0,0.0,0.0,0.0,0.0,0.0,0.0,0.0,0.0,0.0,0.0,0.0,0.97089016,0.0,0.0,0.0,0.0,0.0,0.0,0.0,0.0
RPF1,0.0,0.0,0.0,0.0,0.0,0.0,0.0,0.0,0.0,0.18083665,0.0,0.0,0.0,0.0,0.0,0.0,0.0,0.0,0.0,0.0,0.0,0.0,0.0,0.0,0.21754807,0.0,0.0,0.0,0.0,0.0,0.0,0.0,0.0,0.0,0.0,0.0,0.0,0.0,0.0,0.0,0.0,0.0
GNG5,0.8112776,1.3726877,1.5556333,1.7789613,1.4693358,1.64164,1.5980165,1.5337489,2.064324,1.3490667,0.0,1.844929,1.141807,0.0,0.0,1.303609,0.56538093,1.5401448,0.0,1.0444343,0.7620492,0.0,1.8391654,0.7623687,1.5686007,1.143465,1.2286537,1.2470181,0.6206371,0.0,0.75198287,0.87090933,0.0,0.0,0.0,0.0,0.0,0.93062675,0.0,0.79815954,0.0,1.308821
CTBS,0.0,0.0,0.0,0.0,0.0,0.0,0.0,0.0,0.0,0.0,0.0,0.0,0.0,0.0,0.0,0.0,0.0,0.0,0.0,0.0,0.0,0.0,0.0,0.19715774,0.0,0.0,0.0,0.0,0.0,0.0,0.0,0.0,0.0,0.0,0.0,0.0,0.0,0.0,0.0,0.0,0.0,0.0
SSX2IP,0.0,0.0,0.0,0.0,0.0,0.0,0.0,0.19267997,0.0,0.0,0.0,0.0,0.0,0.0,0.0,0.0,0.0,0.0,0.0,0.0,0.0,0.0,0.0,0.0,0.0,0.0,0.0,0.0,0.0,0.0,0.0,0.0,0.0,0.0,0.0,0.0,0.0,0.0,0.0,0.0,0.0,0.0
MCOLN2,0.0,0.0,0.0,0.0,0.0,0.3139043,0.0,0.0,0.0,0.0,0.0,0.0,0.0,0.0,0.0,0.0,0.0,0.0,0.0,0.0,0.0,0.0,0.0,0.0,0.0,0.0,0.0,0.0,0.0,0.0,0.0,0.0,0.0,0.0,0.0,0.0,0.0,0.0,0.0,0.0,0.0,0.0
C1orf52,0.0,0.0,0.0,0.0,0.0,0.0,0.0,0.14125226,0.0,0.0,0.0,0.0,0.0,0.0,0.0,0.0,0.0,0.0,0.0,0.0,0.0,0.0,0.0,0.0,0.13803001,0.0,0.0,0.0,0.0,0.0,0.0,0.0,0.0,0.0,0.0,0.0,0.0,0.0,0.0,0.0,0.0,0.0
BCL10,0.0,0.0,0.0,0.0,0.0,0.0,0.36318722,0.0,0.0,0.23380059,0.0,0.0,0.0,0.0,0.0,0.0,0.0,0.0,0.0,0.0,0.0,0.0,0.0,0.0,0.0,0.0,0.0,0.0,0.0,0.0,0.0,0.0,0.0,0.0,0.0,0.0,0.0,0.0,0.0,0.0,0.0,0.0
ODF2L,0.0,0.0,0.0,0.0,0.0,0.0,0.0,0.0,0.0,0.0,0.0,0.0,0.0,0.96406066,0.0,0.0,0.0,0.0,0.0,0.0,0.0,0.0,0.0,0.0,0.0,0.0,0.0,0.0,0.0,0.0,0.0,0.0,0.0,0.0,0.0,0.0,0.0,0.0,0.0,0.0,0.9293262,0.0
SH3GLB1,0.0,0.6126078,0.81218255,0.56307566,0.69472593,0.40020192,0.6159758,0.38603178,0.0,0.65181565,0.0,0.72981226,0.5578004,0.0,0.0,0.0,0.3455149,0.54816514,0.0,0.0,0.0,0.0,0.6875939,0.36796427,0.4866162,0.0,0.0,0.29438615,0.0,0.0,0.0,0.0,0.0,0.0,0.0,0.0,0.0,0.0,0.0,0.0,0.0,0.60968506
SELENOF,0.7556761,0.0,0.0,0.6637058,0.55492866,0.5944774,0.7188798,0.5914509,0.0,0.8984251,0.0,0.8840804,0.0,0.0,0.77814996,0.0,0.0,0.0,0.789364,0.0,0.0,0.0,0.549107,0.3237643,0.61297196,1.3227072,1.2402272,0.57836425,0.0,0.0,0.0,0.0,0.0,0.0,0.0,0.0,0.0,0.0,0.0,0.8403492,1.032353,1.0113547
LMO4,0.0,0.0,0.0,0.36569858,0.44494784,0.0,0.33295542,0.0,0.0,0.0,0.0,0.0,0.0,0.0,0.0,0.0,1.4782606,0.0,0.0,0.0,0.0,0.0,0.0,0.26814458,0.41048285,0.0,0.0,0.0,0.0,0.0,0.0,0.0,0.0,0.0,0.0,0.0,0.0,0.0,0.0,0.0,0.0,0.0
GTF2B,0.0,0.0,0.0,0.0,0.0,0.48598903,0.0,0.16784665,0.0,0.18083665,0.0,0.0,0.0,0.0,0.0,0.0,0.0,0.0,0.0,0.0,0.0,0.0,0.0,0.0,0.1931466,0.0,0.0,0.0,0.0,0.0,0.0,0.0,0.0,0.0,0.0,0.0,0.0,0.0,0.0,0.0,0.0,0.0
GBP2,0.0,0.0,0.0,0.0,0.0,0.0,0.0,0.0,0.0,0.0,0.0,0.68302804,0.0,0.0,0.0,0.0,0.0,0.0,0.0,0.0,0.0,0.0,0.6203145,0.0,0.0,0.0,0.0,0.0,0.0,0.0,0.0,0.0,0.0,0.0,0.0,0.0,0.0,0.0,0.0,0.0,0.0,0.0
GBP5,0.0,0.0,0.0,0.0,0.50251687,0.0,0.0,0.0,0.0,0.0,0.0,0.0,0.0,0.0,0.0,0.0,0.0,0.0,0.0,0.0,0.0,0.0,0.0,0.0,0.0,0.0,0.0,0.0,0.0,0.0,0.0,0.0,0.0,0.0,0.0,0.0,0.0,0.9159908,0.0,0.76612365,0.0,0.0
ZNF326,0.0,0.0,0.0,0.0,0.0,0.0,0.3358107,0.20431155,0.0,0.23875955,0.0,0.0,0.0,0.0,0.0,0.0,0.0,0.0,0.0,0.0,0.0,0.0,0.0,0.0,0.20406052,0.0,0.0,0.24049282,0.0,0.0,0.0,0.0,0.0,0.0,0.0,0.0,0.0,0.0,0.0,0.0,0.0,0.61968744
ZNF644,0.0,0.0,0.0,0.0,0.3557861,0.0,0.3546848,0.0,0.0,0.0,0.67302287,0.0,0.0,0.0,0.0,0.0,0.0,0.0,0.0,0.0,0.0,0.0,0.0,0.0,0.13131355,0.0,0.0,0.0,0.0,0.0,0.0,0.0,0.0,0.0,0.0,0.0,0.0,0.0,0.0,0.0,0.0,0.0
RPAP2,0.0,0.0,0.0,0.0,0.0,0.0,0.0,0.0,0.0,0.3960203,0.0,0.0,0.0,0.0,0.0,0.0,0.0,0.0,0.0,0.0,0.0,0.0,0.0,0.0,0.0,0.0,0.0,0.0,0.0,0.0,0.0,0.0,0.0,0.0,0.0,0.0,0.0,0.0,0.0,0.0,0.0,0.0
RPL5,3.1373696,2.8407748,2.384288,2.3428903,2.401965,3.1257515,3.1946368,3.5379539,2.1607537,2.7508879,3.25302,2.4981503,2.9375684,3.2363195,2.9215229,3.1019676,2.8447366,2.1339126,3.310236,2.7101028,3.1282809,3.3553233,2.5169635,1.8778869,2.9706254,3.0283527,3.1381893,3.1841335,3.0179071,0.0,3.566537,2.9385843,3.4589453,2.901832,3.7994213,3.2902234,3.605601,3.3711886,2.9734159,3.0647454,3.1376967,3.3507633
MTF2,0.0,0.0,0.0,0.0,0.3344372,0.0,0.0,0.16873805,0.0,0.41463724,0.0,0.0,0.0,0.0,0.0,0.0,0.0,0.0,0.0,0.0,0.0,0.0,0.0,0.0,0.14557157,0.0,1.0257652,0.41408846,0.0,0.0,0.0,0.0,0.0,0.0,0.0,0.0,0.0,0.0,0.0,0.0,0.0,0.0
TMED5,0.0,0.0,0.71469796,0.57740116,0.0,0.5072514,0.47691563,0.0,0.0,0.25902426,0.0,0.7784047,0.5578004,0.0,0.0,0.0,0.0,0.0,0.0,0.0,0.0,0.0,0.5392797,0.44286695,0.5574176,0.0,0.0,0.0,0.0,0.0,0.0,0.0,0.0,0.0,0.0,0.0,0.0,0.0,0.0,0.0,0.0,0.5595371
ENSG00000223745,0.0,0.0,0.0,0.0,0.0,0.0,0.0,0.0,0.0,0.0,0.0,0.0,0.0,0.0,0.0,0.0,0.0,0.0,0.0,0.0,0.0,0.0,0.0,0.0,0.0,0.0,0.0,0.0,0.0,0.0,0.0,0.0,0.0,0.0,0.0,0.0,0.0,0.0,0.0,0.0,0.0,0.637352
DR1,0.0,0.0,0.0,0.0,0.41313475,0.38905048,0.3384496,0.21169974,0.0,0.21446666,0.0,0.0,0.0,0.0,0.0,0.0,0.0,0.4887924,0.0,0.0,0.0,0.0,0.0,0.0,0.0,0.0,0.0,0.0,0.0,0.0,0.0,0.0,0.0,0.0,0.0,0.0,0.0,0.0,0.0,0.0,0.0,0.0
DNTTIP2,0.65283537,0.0,0.0,0.63853693,0.61433333,0.3828968,0.69968575,0.44933093,0.0,0.0,0.0,0.5073828,1.1757209,0.0,0.0,0.0,0.0,0.0,0.0,0.0,0.0,0.0,0.52852815,0.0,0.35186845,0.0,0.0,0.5148053,0.0,0.0,0.0,0.0,0.0,0.0,0.71069825,0.0,0.0,0.0,0.0,0.0,0.0,0.5572989
GCLM,0.0,0.0,0.0,0.0,0.0,0.0,0.0,0.5277822,0.0,0.0,0.0,0.0,0.0,0.0,0.0,0.0,0.0,0.0,0.0,0.0,0.0,0.0,0.0,0.0,0.0,0.0,0.0,0.0,0.0,0.0,0.0,0.0,0.0,0.0,0.0,0.0,0.0,0.0,0.0,0.0,0.0,0.0
ALG14,0.0,0.0,0.0,0.0,0.0,0.0,0.0,0.0,0.0,0.0,0.0,0.0,0.0,0.0,0.0,0.0,0.0,0.0,0.0,0.0,0.0,0.0,0.0,0.0,0.17900646,0.0,0.0,0.0,0.0,0.0,0.0,0.0,0.0,0.0,0.0,0.0,0.0,0.0,0.0,0.0,0.0,0.0
TLCD4,0.0,0.0,0.0,0.0,0.0,0.0,0.0,0.5600125,0.0,0.0,0.0,0.0,0.0,0.0,0.0,0.0,0.0,0.0,0.0,0.0,0.0,0.0,0.0,0.0,0.0,0.0,0.0,0.0,0.0,0.0,0.0,0.0,0.0,0.0,0.0,0.0,0.0,0.0,0.0,0.0,0.0,0.0
DPYD,0.0,0.0,0.697539,0.0,0.0,0.0,0.44790858,0.0,0.0,0.0,0.0,0.4254868,0.0,0.0,0.0,0.0,0.0,0.0,0.0,0.0,0.0,0.0,0.0,0.0,0.0,0.0,0.0,0.0,0.0,0.0,0.0,0.0,0.0,0.0,0.0,0.0,0.0,0.0,0.0,0.0,0.0,0.0
SASS6,0.0,0.0,0.0,0.0,0.0,0.0,0.0,0.0,0.0,0.0,0.0,0.0,0.0,0.0,0.0,0.0,0.0,0.0,0.0,0.0,0.0,0.0,0.0,0.0,0.12638117,0.0,0.0,0.0,0.0,0.0,0.0,0.0,0.0,0.0,0.0,0.0,0.0,0.0,0.0,0.0,0.0,0.0
DBT,0.0,0.0,0.0,0.0,0.0,0.0,0.0,0.0,0.0,0.18083665,0.0,0.0,0.0,0.0,0.0,0.0,0.0,0.0,0.0,0.0,0.0,0.0,0.0,0.0,0.0,0.0,0.0,0.0,0.0,0.0,0.0,0.0,0.0,0.0,0.0,0.0,0.0,0.0,0.0,0.0,0.0,0.0
RTCA,0.0,0.0,0.0,0.0,0.0,0.0,0.0,0.12812422,0.0,0.18083665,0.0,0.0,0.0,0.0,0.0,0.0,0.0,0.0,0.0,0.0,0.0,0.0,0.0,0.0,0.25443545,0.0,0.0,0.0,0.0,0.0,0.0,0.0,0.0,0.0,0.0,0.0,0.0,0.0,0.0,0.0,0.0,0.0
S1PR1,0.0,0.0,0.0,0.0,0.0,0.0,0.0,0.0,0.0,0.0,0.0,0.0,0.0,0.0,0.0,0.0,0.0,0.0,0.0,0.0,0.0,0.0,0.0,0.0,0.0,0.0,0.0,0.0,0.0,0.0,0.0,0.0,0.0,0.0,0.0,0.90110135,0.0,0.0,0.0,0.0,0.0,0.0
VAV3,0.0,0.0,0.0,0.0,0.0,0.37093928,0.36171302,0.0,0.0,0.18083665,0.0,0.0,0.0,0.0,0.0,0.0,0.0,0.0,0.0,0.0,0.0,0.0,0.0,0.0,0.0,0.0,0.0,0.0,0.0,0.0,0.0,0.0,0.0,0.0,0.0,0.0,0.0,0.0,0.0,0.0,0.0,0.0
SLC25A24,0.0,0.0,0.0,0.51814634,0.0,0.0,0.0,0.0,0.0,0.21446666,0.0,0.0,0.0,0.0,0.0,0.0,0.0,0.0,0.0,0.0,0.0,0.0,0.0,0.0,0.0,0.0,0.0,0.0,0.0,0.0,0.0,0.0,0.0,0.0,0.0,0.0,0.0,0.0,0.0,0.0,0.0,0.0
EEIG2,0.0,0.0,0.0,0.0,0.0,0.0,0.0,0.0,0.0,0.0,0.0,0.0,0.7257168,0.0,0.0,0.0,0.0,0.0,0.0,0.0,0.0,0.0,0.0,0.0,0.0,0.0,0.0,0.0,0.0,0.0,0.0,0.0,0.0,0.0,0.0,0.0,0.0,0.0,0.0,0.0,0.0,0.0
PRPF38B,0.72478276,0.0,0.0,0.6134387,1.1536677,0.3556153,0.7716287,0.5037278,0.0,0.81937075,0.0,0.0,0.7257168,1.0074197,0.0,0.0,0.0,0.0,0.798563,1.2021327,1.0797743,0.0,0.49251026,0.23299153,0.43819284,0.0,0.0,0.5717851,1.0360217,0.0,0.88797605,1.0917267,1.0029166,1.1071513,0.908458,0.7361775,0.89837277,0.9275673,1.0988791,1.0035727,0.0,0.8526328
WDR47,0.0,0.0,0.0,0.0,0.0,0.0,0.0,0.0,0.0,0.18155362,0.0,0.0,0.0,0.0,0.0,0.0,0.0,0.0,0.0,0.0,0.0,0.0,0.0,0.0,0.0,0.0,0.0,0.0,0.0,0.0,0.0,0.0,0.0,0.0,0.0,0.0,0.0,0.0,0.0,0.0,0.0,0.0
SARS1,0.0,0.0,0.0,0.0,0.0,0.34549886,0.27371624,0.56215185,0.0,0.0,0.0,0.0,0.0,0.0,0.0,0.0,0.0,0.0,0.0,0.0,0.0,0.0,0.0,0.21537958,0.5027708,0.0,0.0,0.0,0.0,0.0,0.0,0.0,0.0,0.0,0.0,0.0,0.0,0.0,0.0,0.0,0.0,0.0
PSMA5,0.0,0.0,0.0,0.53502375,0.98255146,0.5137493,0.70666605,1.0253572,0.0,0.21446666,0.0,0.4254868,0.0,0.0,0.0,0.0,0.0,0.0,0.0,0.0,0.0,0.0,0.0,0.0,1.0797306,0.0,0.0,0.6342792,0.0,0.0,0.0,0.0,0.0,0.0,0.0,0.0,0.0,0.0,0.0,0.0,0.0,0.605016
GNAI3,0.0,0.0,0.59766114,0.67077357,0.6209717,0.34146005,0.6699801,0.4362989,0.0,0.6069472,0.0,0.5073828,0.7458428,0.0,0.0,0.0,0.0,0.0,0.0,0.0,0.0,0.0,0.5715673,0.0,0.3289506,0.0,0.0,0.43496633,0.0,0.0,0.0,0.0,0.0,0.0,0.0,0.0,0.0,0.0,0.0,0.0,0.0,0.0
AMPD2,0.0,0.0,0.0,0.0,0.0,0.0,0.3479272,0.0,0.0,0.0,0.0,0.72303134,1.141807,0.0,0.0,0.0,0.0,0.0,0.0,0.0,0.0,0.0,0.62566644,0.0,0.0,0.0,0.0,0.0,0.0,0.0,0.0,0.0,0.0,0.0,0.0,0.0,0.0,0.0,0.0,0.0,0.0,0.0
GSTM3,0.0,0.0,0.0,0.0,0.0,0.0,0.0,0.6331367,0.0,0.0,0.0,0.0,0.0,0.0,0.0,0.0,0.0,0.0,0.0,0.0,0.0,0.0,0.0,0.0,0.0,0.0,0.0,0.0,0.0,0.0,0.0,0.0,0.0,0.0,0.0,0.0,0.0,0.0,0.0,0.0,0.0,0.0
AHCYL1,0.0,0.0,0.0,0.0,0.0,0.0,0.3869771,0.19677243,0.0,0.0,0.0,0.0,0.0,0.0,0.0,0.0,0.0,0.0,0.0,0.0,0.0,0.0,0.0,0.0,0.0,0.0,0.0,0.25818086,0.0,0.0,0.0,0.0,0.0,0.0,0.0,0.0,0.0,0.0,0.0,0.0,0.0,0.0
STRIP1,0.0,0.0,0.0,0.0,0.0,0.0,0.0,0.0,0.0,0.23380059,0.0,0.0,0.0,0.0,0.0,0.0,0.0,0.0,0.0,0.0,0.0,0.0,0.0,0.0,0.0,0.0,0.0,0.0,0.0,0.0,0.0,0.0,0.0,0.0,0.0,0.0,0.0,0.0,0.0,0.0,0.0,0.0
RBM15,0.0,0.0,0.0,0.0,0.0,0.0,0.0,0.0,0.0,0.21446666,0.0,0.0,0.0,0.0,0.0,0.0,0.0,0.0,0.0,0.0,0.0,0.0,0.0,0.0,0.0,0.0,0.0,0.0,0.0,0.0,0.0,0.0,0.0,0.0,0.0,0.0,0.0,0.0,0.0,0.0,0.0,0.0
LAMTOR5,0.8779965,0.35249922,0.73957765,0.7463022,0.71388036,0.48598903,0.7538843,0.85869616,0.0,0.7635357,0.0,0.5046885,0.0,0.0,0.9916867,0.0,0.0,0.0,0.8353462,0.0,0.0,0.91996646,0.76883,0.2323661,0.67388,0.0,0.0,0.7509252,0.0,0.0,0.0,0.0,0.0,0.0,0.0,0.0,0.0,0.0,0.0,0.0,0.0,0.8970808
KCNA3,0.0,0.0,0.0,0.0,0.0,0.0,0.0,0.0,0.0,0.0,0.0,0.0,0.0,0.0,0.0,0.0,0.0,0.0,0.0,0.0,0.0,0.0,0.0,0.0,0.0,0.0,0.0,0.0,0.0,0.0,0.0,0.0,0.0,0.0,0.0,0.9522272,0.0,0.0,0.0,0.0,0.0,0.0
CD53,1.1543701,0.6834405,1.1939747,0.9095951,1.4567544,0.37093928,1.1103941,0.0,0.0,0.91243386,1.0136976,1.1278445,0.0,1.1285514,1.1810663,0.4380953,0.0,0.0,1.3543448,1.5970737,1.1760826,1.2242274,1.1696706,0.18200545,0.81422555,0.0,1.6043375,0.33688998,0.36477757,0.0,0.9993235,1.351304,1.0357401,1.1611063,0.9278908,0.817544,0.9133905,1.2026212,1.1731453,1.2198367,1.2047434,1.1377628
DRAM2,0.51613474,0.0,0.0,0.0,0.0,0.0,0.43932745,0.0,0.0,0.0,0.0,0.0,0.0,0.0,0.0,0.0,0.0,0.0,0.7540631,0.0,0.0,0.0,0.0,0.0,0.0,0.0,0.0,0.0,0.0,0.0,0.0,0.0,0.0,0.0,0.0,0.0,0.0,0.0,0.0,0.0,0.0,0.0
CEPT1,0.0,0.0,0.0,0.0,0.0,0.0,0.0,0.0,0.0,0.18083665,0.0,0.0,0.0,0.0,0.0,0.0,0.0,0.0,0.0,0.0,0.0,0.0,0.0,0.0,0.0,0.0,0.0,0.0,0.0,0.0,0.0,0.0,0.0,0.0,0.0,0.0,0.0,0.0,0.0,0.0,0.0,0.0
DENND2D,0.0,0.0,0.0,0.0,0.6097182,0.0,0.0,0.0,0.0,0.0,0.0,0.0,0.0,0.0,0.0,0.0,0.0,0.0,0.0,0.0,0.0,0.0,0.0,0.0,0.0,0.0,0.0,0.0,0.0,0.0,0.0,0.0,0.0,0.0,0.0,0.33094135,0.0,0.0,0.0,0.0,0.0,0.0
WDR77,0.0,0.0,0.0,0.0,0.0,0.0,0.0,0.27731404,0.0,0.0,0.0,0.0,0.0,0.0,0.0,0.0,0.0,0.0,0.0,0.0,0.0,0.0,0.0,0.0,0.0,0.0,0.0,0.0,0.0,0.0,0.0,0.0,0.0,0.0,0.0,0.0,0.0,0.0,0.0,0.0,0.0,0.0
ATP5PB,0.74891436,0.0,0.88262373,1.0248625,1.0796621,1.0569707,1.1540725,1.3838671,0.0,0.81903785,0.0,0.90413547,0.5578004,0.0,0.7355936,0.0,0.0,1.0533073,0.0,0.0,0.0,0.0,0.94534045,0.26814458,1.0904527,0.0,1.0257652,1.0142595,0.0,0.0,0.7578982,0.0,0.0,0.0,0.0,0.0,0.0,0.7400931,0.0,0.0,0.0,1.049597
C1orf162,0.0,1.6155457,1.5050926,1.0028619,0.52473634,1.8849803,1.8121871,0.0,1.8523505,0.0,0.0,1.8385649,1.4347595,0.0,0.0,0.0,0.0,0.0,0.0,0.0,0.0,0.0,1.6472871,0.0,0.0,0.0,0.0,0.0,0.0,0.0,0.0,0.0,0.0,0.0,0.8175139,0.36543575,0.0,0.0,0.0,0.0,0.0,0.6375369
RAP1A,0.0,0.0,0.76215565,0.5294592,0.59737086,0.88654757,0.8496157,0.6169367,0.0,0.0,0.0,1.1413958,0.0,0.0,0.0,0.0,0.0,0.47791955,0.0,0.0,0.0,0.0,0.8491733,0.0,0.6108257,0.0,0.0,0.17138037,0.0,0.0,0.7798731,0.0,0.7257168,0.0,0.0,0.0,0.0,0.9275673,0.0,0.93211806,0.8953636,0.0
CAPZA1,0.58264226,0.0,1.1125143,1.0910081,0.93598723,0.52941227,0.9365046,0.5195532,0.0,0.25902426,0.0,0.6602513,0.91374826,0.0,0.7355936,0.0,0.0,0.0,0.0,0.0,0.0,0.0,0.9123002,0.12102996,0.7216148,0.0,0.0,0.59976625,0.5715369,0.0,0.0,0.8733393,0.0,0.8365269,0.0,0.0,0.0,0.0,0.0,0.0,0.0,0.72229743
RHOC,0.0,0.0,0.0,0.0,0.96300817,0.6542072,0.47656822,0.0,0.0,0.47256014,0.0,0.0,0.0,0.0,0.0,0.0,0.0,0.41763467,0.0,1.0747288,1.0009613,0.0,1.241226,0.0,0.0,0.0,0.0,0.0,0.0,0.0,0.0,0.0,0.0,0.0,0.0,0.0,0.0,0.0,0.0,0.0,0.0,0.0
PPM1J,0.0,0.0,0.0,0.0,0.0,0.51061237,0.0,0.0,0.0,0.0,0.0,0.0,0.0,0.0,0.0,0.0,0.0,0.0,0.0,0.0,0.0,0.0,0.0,0.0,0.0,0.0,0.0,0.0,0.0,0.0,0.0,0.0,0.0,0.0,0.0,0.0,0.0,0.0,0.0,0.0,0.0,0.38502312
SLC16A1,0.0,0.0,0.0,0.0,0.0,0.0,0.0,0.0,0.0,0.0,0.0,0.0,0.0,0.0,0.0,0.0,0.0,0.0,0.0,0.0,0.0,0.0,0.0,0.0,0.12525262,0.0,0.0,0.0,0.0,0.0,0.0,0.0,0.0,0.0,0.0,0.0,0.0,0.0,0.0,0.0,0.0,0.0
RSBN1,0.0,0.0,0.0,0.0,0.0,0.0,0.0,0.0,0.0,0.0,0.67302287,0.0,0.0,0.0,0.0,0.0,0.0,0.0,0.0,0.0,0.0,0.0,0.0,0.0,0.0,0.0,0.0,0.0,0.0,0.0,0.65988994,0.0,0.0,0.0,0.0,0.0,0.0,0.84275246,0.0,0.0,0.0,0.0
PTPN22,0.0,0.0,0.0,0.0,0.4689545,0.37521976,0.0,0.0,0.0,0.0,0.0,0.0,0.0,0.0,0.0,0.0,0.0,0.0,0.0,0.0,0.0,0.0,0.0,0.0,0.0,0.0,0.0,0.0,0.0,0.0,0.0,0.0,0.0,0.7267858,0.0,0.0,0.0,0.0,0.0,0.0,0.0,0.0
HIPK1,0.0,0.0,0.0,0.5443191,0.58719444,0.0,0.30505306,0.0,0.0,0.18083665,0.77548546,0.0,0.7458428,0.0,0.0,0.0,0.47287357,0.0,0.0,0.0,0.0,0.0,0.0,0.0,0.0,0.0,0.0,0.30762666,0.0,0.0,0.0,0.0,0.0,0.0,0.0,0.0,0.0,0.0,0.0,0.0,0.0,0.0
TRIM33,0.0,0.0,0.0,0.0,0.0,0.0,0.0,0.0,0.0,0.47256014,0.0,0.0,0.0,0.0,0.0,0.0,0.0,0.0,0.0,0.0,0.0,0.0,0.0,0.0,0.0,0.0,0.0,0.0,0.0,0.0,0.0,0.0,0.0,0.0,0.0,0.0,0.0,0.0,0.0,0.0,0.0,0.0
BCAS2,0.5894627,0.0,0.0,0.0,0.61661273,0.0,0.43891594,0.22834241,0.0,0.0,0.61280143,0.0,0.44090223,0.86441886,0.0,0.0,0.0,0.0,0.0,0.0,0.0,0.0,0.0,0.0,0.33412886,0.0,0.0,0.0,0.67117774,0.0,0.81336844,0.0,0.9032325,0.0,0.9340831,0.9403199,0.8319043,0.9548228,0.0,0.9573862,0.980621,0.4548934
NRAS,0.0,0.0,0.0,0.0,0.0,0.0,0.0,0.0,0.0,0.0,0.0,0.0,0.0,0.0,0.0,0.0,0.0,0.0,0.0,0.0,0.0,0.0,0.0,0.0,0.13803001,0.0,0.0,0.0,0.0,0.0,0.0,0.0,0.0,0.0,0.0,0.0,0.0,0.0,0.0,0.0,0.0,0.0
CSDE1,0.98554105,0.6834405,1.2784333,1.2439702,0.8094747,1.0865375,1.1389117,1.1478133,1.2961807,0.81903785,0.5784484,1.1161138,1.1682736,1.0733964,0.7355936,0.0,1.02002,1.1230519,1.0016136,0.0,0.8676541,0.0,1.0277805,0.49547172,0.8372169,1.3175094,1.3830035,1.1792308,0.74088204,0.0,0.9688028,1.0241039,1.0205148,1.1228538,0.948915,1.0592195,0.98870957,1.077596,1.0629907,1.0201745,1.0725102,1.1465344
SIKE1,0.0,0.0,0.0,0.0,0.0,0.0,0.0,0.1118909,0.0,0.0,0.0,0.0,0.0,0.0,0.0,0.0,0.0,0.0,0.0,0.0,0.0,0.0,0.0,0.0,0.18766053,0.0,0.0,0.0,0.0,0.0,0.0,0.0,0.0,0.0,0.0,0.0,0.0,0.0,0.0,0.0,0.0,0.0
ATP1A1,0.0,0.0,0.0,0.5361494,0.0,1.0739036,0.44790858,0.35852748,0.0,0.7637583,0.6301467,1.0348424,0.0,0.0,0.0,0.0,0.0,0.0,0.0,0.0,0.0,0.0,0.81788206,0.0,0.33476672,0.0,0.0,0.17854229,0.0,0.0,0.0,0.0,0.0,0.0,0.0,0.87215215,0.0,0.0,0.0,0.0,0.0,0.0
CD2,0.0,0.0,0.0,0.0,0.0,0.0,0.36171302,0.0,0.0,0.0,0.0,0.0,0.0,1.1540726,0.0,0.0,0.0,0.0,0.0,0.0,1.0744126,0.0,0.0,0.0,0.0,0.0,0.0,0.0,0.0,0.0,1.3826678,1.7614753,1.584627,1.1565312,1.1717597,1.2538356,1.016109,1.4974811,1.7978268,1.6947771,1.6515319,0.0
TTF2,0.0,0.0,0.0,0.0,0.0,0.0,0.0,0.0,0.0,0.0,0.0,0.0,0.0,0.0,0.0,0.0,0.0,0.0,0.0,0.0,0.0,0.0,0.0,0.0,0.17694849,0.0,0.0,0.0,0.0,0.0,0.0,0.0,0.0,0.0,0.0,0.0,0.0,0.0,0.0,0.0,0.0,0.0
MAN1A2,0.0,0.0,0.0,0.0,0.0,0.329874,0.3689735,0.0,0.0,0.18155362,0.0,0.0,0.0,0.0,0.0,0.0,0.0,0.0,0.0,0.0,0.0,0.0,0.0,0.27811354,0.3339355,0.0,0.0,0.0,0.0,0.0,0.0,0.0,0.0,0.0,0.0,0.0,0.0,0.0,0.0,0.0,0.0,0.17587379
TENT5C,0.7734053,0.0,0.0,0.0,0.0,0.4224942,0.0,0.0,0.0,0.0,0.0,0.0,0.0,0.88387203,1.3148127,0.0,0.0,0.0,0.0,0.0,0.671127,0.0,0.0,0.9921269,0.88674337,0.0,0.0,0.0,0.0,0.0,0.8211333,0.0,0.83610415,1.0651667,0.0,0.0,0.0,1.18452,1.0447328,0.8940806,0.0,0.0
PHGDH,0.0,0.0,0.0,0.0,0.0,0.0,0.0,0.0,0.0,0.0,0.0,0.0,0.0,0.0,0.0,0.0,0.0,0.0,0.0,0.0,0.0,0.0,0.0,0.0,0.27992752,0.0,0.0,0.0,0.0,0.0,0.0,0.0,0.0,0.0,0.0,0.0,0.0,0.0,0.0,0.0,0.0,0.0
NOTCH2,0.0,0.0,0.0,0.0,0.0,0.442071,0.45373747,0.0,0.0,0.0,0.0,0.0,0.5578004,0.0,0.0,0.0,0.0,0.0,0.0,0.0,0.0,0.0,0.5492066,0.0,0.0,0.0,0.0,0.0,0.0,0.0,0.0,0.0,0.0,0.0,0.0,0.0,0.0,0.0,0.0,0.0,0.0,0.0
SEC22B,0.0,0.0,0.0,0.0,0.0,0.0,0.0,0.20749164,0.0,0.18155362,0.0,0.4254868,0.0,0.0,0.0,0.0,0.0,0.0,0.0,0.0,0.0,0.0,0.0,0.16775352,0.23792577,0.0,0.0,0.0,0.0,0.0,0.0,0.0,0.0,0.0,0.0,0.0,0.0,0.0,0.0,0.0,0.0,0.0
ENSG00000287979,0.0,0.0,0.0,0.0,0.47989097,0.0,0.0,0.0,0.0,0.0,0.0,0.0,0.0,0.0,0.0,0.0,0.0,0.0,0.0,0.0,0.0,0.0,0.0,0.21983844,0.5401672,0.0,0.0,0.0,0.0,0.0,0.0,0.0,0.0,0.0,0.0,0.0,0.0,0.0,0.0,0.0,0.0,0.75983363
SRGAP2C,0.0,0.0,0.0,0.0,0.0,0.0,0.0,0.0,0.0,0.0,0.0,0.0,0.5578004,0.0,0.0,0.0,0.0,0.0,0.0,0.0,0.0,0.0,0.0,0.0,0.0,0.0,0.0,0.0,0.0,0.0,0.0,0.0,0.0,0.0,0.0,0.0,0.0,0.0,0.0,0.0,0.0,0.0
ENSG00000276216,0.0,0.0,0.0,0.0,0.0,0.0,0.0,0.0,0.0,0.0,0.0,0.0,0.0,0.0,0.0,0.0,0.0,0.0,0.0,0.0,0.0,0.0,0.0,0.0,0.23085202,0.0,0.0,0.0,0.0,0.0,0.0,0.0,0.0,0.0,0.0,0.0,0.0,0.0,0.0,0.0,0.0,0.0
CD160,0.0,0.0,0.0,0.0,0.0,0.0,0.0,0.0,0.0,0.0,0.0,0.0,0.0,0.0,0.0,0.0,0.0,0.0,0.0,0.0,0.0,0.0,0.0,0.0,0.0,0.0,0.0,0.0,0.0,0.0,0.0,0.0,0.0,0.0,0.0,0.0,0.0,0.0,0.0,0.0,1.0800302,0.0
RNF115,0.0,0.0,0.0,0.0,0.72649026,0.0,0.0,0.2043325,0.0,0.0,0.61280143,0.0,0.0,0.0,0.0,0.0,0.0,0.0,0.0,0.7847356,0.78451926,0.0,0.0,0.0,0.23118974,0.0,0.0,0.0,0.0,0.0,0.0,0.0,0.0,0.0,0.0,0.0,0.0,0.0,0.0,0.0,0.0,0.0
PEX11B,0.0,0.0,0.0,0.0,0.0,0.0,0.0,0.0,0.0,0.18083665,0.0,0.0,0.0,0.0,0.0,0.0,0.0,0.0,0.0,0.0,0.0,0.0,0.0,0.0,0.0,0.0,0.0,0.0,0.0,0.0,0.0,0.0,0.0,0.0,0.0,0.0,0.0,0.0,0.0,0.0,0.0,0.0
RBM8A,0.6719898,0.0,0.632247,1.0825534,1.3771775,0.685242,0.96853244,1.2271699,0.0,0.9850838,0.67302287,0.72981226,0.5578004,1.0350374,0.7355936,0.74314415,0.9169315,0.0,0.8779571,1.1860974,1.148242,0.9803087,0.7828313,0.2810799,1.127923,0.0,0.9506155,1.0212078,0.77271414,0.0,0.88478976,1.0411035,0.83492076,1.1205509,0.94659257,0.942893,0.86649096,0.9548228,1.0513475,1.0334016,1.0412813,1.0304365
LIX1L,0.0,0.0,0.0,0.0,0.0,0.0,0.0,0.0,0.0,0.0,0.0,0.0,0.5578004,0.0,0.0,0.0,0.0,0.0,0.0,0.0,0.0,0.0,0.0,0.0,0.0,0.0,0.0,0.0,0.0,0.0,0.0,0.0,0.0,0.0,0.0,0.0,0.0,0.0,0.0,0.0,0.0,0.0
POLR3GL,0.0,0.0,0.0,0.0,0.7153379,0.0,0.4883857,0.3514894,0.0,0.44826725,0.0,0.0,0.0,0.0,0.0,0.0,0.0,0.0,0.0,0.0,0.0,0.0,0.0,0.0,0.16472894,0.0,0.0,0.0,0.0,0.0,0.0,0.0,0.0,0.0,0.0,0.0,0.0,0.0,0.0,0.0,0.0,0.0
TXNIP,1.9607997,2.1456003,2.062441,0.89566404,1.9629124,0.40578204,1.7635748,0.49653268,0.0,1.033983,2.3508868,0.72981226,0.0,2.6178687,3.1603336,1.9710989,0.9116404,0.0,2.8980727,2.6972716,2.5247931,3.2753842,2.1212096,0.94324,0.6642692,1.5379362,2.1239092,0.5767882,2.165494,2.1369839,2.9480462,2.9629598,3.1517062,2.6491637,2.720098,2.1593668,2.7881467,2.8033872,2.8123772,2.822734,2.8578608,0.53756654
ENSG00000287190,0.0,0.0,0.0,0.0,0.0,0.0,0.0,0.0,0.0,0.0,0.0,0.0,0.0,0.0,0.0,0.0,0.0,0.0,0.0,0.0,0.0,0.0,0.0,0.0,0.16472894,0.0,0.0,0.0,0.0,0.0,0.0,0.0,0.0,0.0,0.0,0.0,0.0,0.0,0.0,0.0,0.0,0.0
LINC01138,0.0,0.0,0.0,0.0,0.0,0.0,0.0,0.0,0.0,0.0,0.0,0.0,0.0,1.0313067,0.0,0.0,0.0,0.0,0.0,0.0,0.0,0.0,0.0,0.0,0.0,0.0,0.0,0.0,0.0,0.0,0.0,0.0,0.0,0.88462806,0.0,0.0,0.77359396,0.0,1.0653532,0.0,0.9434675,0.0
PDE4DIP,0.0,0.0,0.0,0.0,0.0,0.37093928,0.0,0.0,0.0,0.0,0.0,0.0,0.0,0.0,0.0,0.0,0.0,0.0,0.0,0.0,0.0,0.0,0.0,0.0,0.0,0.0,0.0,0.0,0.0,0.0,0.0,0.0,0.0,0.0,0.0,0.0,0.0,0.0,0.0,0.0,0.0,0.0
ENSG00000274265,0.0,0.0,0.0,0.0,0.7256135,0.0,0.0,0.0,0.0,0.0,0.0,0.0,0.0,0.0,0.0,0.0,0.0,0.0,0.0,1.1635222,1.091794,0.0,0.0,0.0,0.0,0.0,0.0,0.0,0.0,0.0,0.0,0.0,0.7173459,0.8734448,0.0,0.0,0.0,0.0,0.0,0.0,0.0,0.0
H2BC18,0.0,0.0,0.0,0.0,0.0,0.0,0.0,0.0,0.0,0.18083665,0.0,0.0,0.0,0.0,0.0,0.0,0.0,0.0,0.0,0.0,0.0,0.0,0.0,0.0,0.0,0.0,0.0,0.0,0.0,0.0,0.0,0.0,0.0,0.0,0.0,0.0,0.0,0.0,0.0,0.0,0.0,0.0
H2AC20,0.0,0.0,0.0,0.364098,0.5658119,0.0,0.0,0.16701494,0.0,0.0,0.0,0.0,0.0,0.0,0.0,0.0,0.0,0.0,0.0,0.0,0.0,0.0,0.0,0.0,0.39612186,0.0,0.0,0.0,0.0,0.0,0.0,0.0,0.0,0.0,0.0,0.0,0.0,0.0,0.0,0.0,0.0,0.0
SF3B4,0.0,0.0,0.0,0.0,0.0,0.0,0.3520353,0.59142935,0.0,0.47256014,0.0,0.4254868,0.0,0.0,0.0,0.0,0.0,0.0,0.0,0.0,0.0,0.0,0.0,0.0,0.25443545,0.0,0.0,0.0,0.0,0.0,0.0,0.0,0.0,0.0,0.0,0.0,0.0,0.0,0.0,0.0,0.0,0.0
PLEKHO1,0.0,0.0,0.0,0.0,0.0,0.8779965,0.90431046,0.0,0.0,0.18083665,0.0,0.4963503,0.5578004,0.0,0.0,0.0,0.0,0.0,0.0,0.0,0.0,0.0,0.5588264,0.0,0.20105934,0.0,0.0,0.0,0.0,0.0,0.0,0.0,0.0,0.0,0.0,0.0,0.0,0.0,0.0,0.0,0.0,0.640251
ANP32E,0.58264226,0.0,0.0,1.3570812,1.5121181,0.0,0.33851904,0.72433317,0.0,1.0172601,0.0,0.0,0.0,0.0,0.6868571,0.0,0.0,0.0,0.0,0.0,0.0,0.0,0.0,0.0,1.1133773,0.0,0.0,0.64041257,0.0,0.0,0.0,0.0,0.0,0.0,0.0,0.0,0.0,0.0,0.0,0.0,0.0,0.0
APH1A,0.6535427,0.0,0.0,0.53063273,0.50793576,0.96315825,0.50117546,0.40514868,0.0,0.25902426,0.0,0.4254868,1.141807,0.0,1.2927269,0.0,0.0,0.0,0.0,0.0,0.0,0.0,0.4592561,0.0,0.3376497,0.0,0.0,0.3493025,0.0,0.0,0.0,0.0,0.0,0.0,0.0,0.0,0.0,0.0,0.0,0.0,0.0,0.6472465
C1orf54,0.0,0.0,0.0,0.0,0.0,1.83055,0.0,0.0,0.0,0.0,0.0,0.0,0.0,0.0,0.0,0.0,0.0,0.0,0.0,0.0,0.0,0.0,0.0,0.0,0.0,0.0,0.0,0.0,0.0,0.0,0.0,0.0,0.0,0.0,0.0,0.0,0.0,0.0,0.0,0.0,0.0,0.0
MRPS21,0.8401995,0.0,0.0,0.62299347,0.7392058,0.64742905,0.694751,1.1253666,0.0,0.8685845,0.8185749,0.72981226,0.44090223,0.0,0.7355936,0.0,0.55143654,0.0,0.8028945,0.0,0.0,0.0,0.6991255,0.36791635,0.90326166,0.0,0.0,0.9977896,0.5341084,0.0,0.8247868,0.0,0.6713341,0.0,0.92260695,0.91105074,0.71987927,0.8641805,0.0,0.0,0.0,0.7871727
PRPF3,0.0,0.0,0.0,0.0,0.0,0.0,0.0,0.0,0.0,0.3960203,0.0,0.0,0.0,0.0,0.0,0.0,0.0,0.0,0.0,0.0,0.0,0.0,0.0,0.0,0.0,0.0,0.0,0.0,0.0,0.0,0.0,0.0,0.0,0.0,0.0,0.0,0.0,0.0,0.0,0.0,0.0,0.0
MCL1,1.2629145,0.93747234,2.0344944,1.6389061,1.0462084,2.1590126,1.4682374,0.2293312,0.0,1.1507335,1.4766784,2.0923314,1.8454674,1.6155457,1.1810663,1.3654736,1.6090162,0.0,0.894338,1.3672147,1.4860706,0.0,1.6038141,1.0510297,0.92169005,0.0,0.0,1.1127205,1.1629449,1.5123363,1.160855,1.0495946,1.1345277,1.4252896,0.8672507,0.97984064,0.92297244,1.1676248,1.3254712,1.5376487,1.5562723,1.2390647
ENSA,0.7603161,0.0,0.0,0.6616994,1.0881233,1.0865375,0.82669866,0.82880175,0.0,0.7380967,0.77548546,0.0,0.7257168,0.0,0.8421502,0.0,0.0,1.100683,0.70440996,0.91720676,0.90876746,0.0,0.6404995,0.2007839,0.7710713,0.0,0.0,0.70087636,0.0,0.0,0.0,0.0,0.0,0.0,0.0,0.0,0.71987927,0.0,0.0,0.0,0.0,0.8462708
CTSS,1.1446455,2.6603582,3.0444126,1.7798071,0.0,0.96476376,1.731144,0.0,0.0,0.6334858,0.0,2.5038629,2.2544127,0.0,1.3148127,1.7762012,0.0,0.0,1.0625569,0.0,0.0,0.0,3.0167198,0.62324876,0.28227392,0.0,0.0,0.31480476,0.6309334,0.0,0.0,0.0,0.0,0.0,0.0,0.0,0.0,0.0,0.0,0.0,0.0,1.264432
ARNT,0.0,0.0,0.0,0.0,0.0,0.0,0.0,0.0,0.0,0.18083665,0.0,0.0,0.0,0.0,0.0,0.0,0.0,0.0,0.0,0.0,0.0,0.0,0.0,0.0,0.0,0.0,0.0,0.0,0.0,0.0,0.0,0.0,0.0,0.0,0.0,0.0,0.0,0.0,0.0,0.0,0.0,0.0
CERS2,0.0,0.0,0.0,0.0,0.0,0.0,0.3044914,0.31189072,0.0,0.0,0.0,0.0,0.0,0.0,0.0,0.0,0.0,0.0,0.0,0.0,0.0,0.0,0.0,0.0,0.0,0.0,0.0,0.0,0.0,0.0,0.0,0.0,0.0,0.0,0.0,0.0,0.0,0.0,0.0,0.0,0.0,0.0
CDC42SE1,0.78854465,0.0,0.0,0.0,0.9641384,0.34549886,0.6284687,0.0,0.0,0.49282485,0.94255817,0.5046885,0.91374826,0.0,0.7355936,0.56188595,0.0,0.0,0.0,1.214981,1.0931767,0.0,0.64596206,0.0,0.21339111,0.0,0.0,0.0,0.0,0.0,0.8029581,1.010965,0.0,0.9956044,0.7211596,1.0071585,0.8173726,0.9266444,0.0,0.9161707,0.0,0.0
SCNM1,0.0,0.0,0.0,0.0,0.0,0.5072514,0.49004585,0.19453365,0.0,0.36239028,0.0,0.0,0.0,0.0,0.0,0.0,0.0,0.0,0.0,0.0,0.0,0.0,0.0,0.0,0.116415784,0.0,0.0,0.0,0.0,0.0,0.0,0.0,0.0,0.0,0.0,0.0,0.0,0.0,0.0,0.0,0.0,0.0
VPS72,0.0,0.0,0.0,0.0,0.0,0.0,0.0,0.28985262,0.0,0.0,0.0,0.0,0.0,0.0,0.0,0.0,0.0,0.0,0.0,0.0,0.0,0.0,0.0,0.0,0.0,0.0,0.0,0.0,0.0,0.0,0.0,0.0,0.0,0.0,0.0,0.0,0.0,0.0,0.0,0.0,0.0,0.0
PIP5K1A,0.0,0.0,0.0,0.0,0.0,0.0,0.0,0.0,0.0,0.18083665,0.0,0.0,0.0,0.0,0.0,0.0,0.0,0.0,0.0,0.0,0.0,0.0,0.0,0.0,0.0,0.0,0.0,0.0,0.0,0.0,0.0,0.0,0.0,0.0,0.0,0.0,0.0,0.0,0.0,0.0,0.0,0.0
PSMD4,0.0,0.0,0.0,0.5123305,0.7820543,0.37913528,0.68434,0.7417651,0.0,0.4153542,0.0,0.5221987,0.5578004,0.0,0.0,0.0,0.0,0.0,0.0,0.0,0.0,0.0,0.59742296,0.0,0.66858536,0.0,0.0,0.49595526,0.0,0.0,0.0,0.0,0.0,0.0,0.0,0.0,0.0,0.0,0.0,0.0,0.0,0.6010375
RFX5,0.0,0.0,0.0,0.0,0.0,0.0,0.0,0.0,0.0,0.18083665,0.0,0.0,0.0,0.0,0.0,0.0,0.0,0.0,0.0,0.0,0.0,0.0,0.0,0.0,0.0,0.0,0.0,0.0,0.0,0.0,0.0,0.0,0.0,0.0,0.0,0.0,0.0,0.0,0.0,0.0,0.0,0.0
PSMB4,0.0,0.0,0.57098,0.7806578,0.8177707,0.54746395,0.8342074,0.58418286,0.0,0.49282485,0.0,0.6449004,0.0,0.0,0.0,0.0,0.0,0.0,0.0,0.0,0.0,0.0,0.49577087,0.19102594,0.98061144,0.0,0.0,0.72681916,0.0,0.0,0.0,0.0,0.0,0.0,0.0,0.0,0.0,0.0,0.0,0.0,0.0,0.8349664
POGZ,0.0,0.0,0.0,0.0,0.0,0.0,0.0,0.0,0.0,0.18083665,0.0,0.0,0.0,0.0,0.0,0.0,0.0,0.0,0.0,0.0,0.0,0.0,0.0,0.0,0.113108404,0.0,0.0,0.0,0.0,0.0,0.0,0.0,0.0,0.0,0.0,0.0,0.0,0.0,0.0,0.0,0.0,0.0
SNX27,0.0,0.0,0.0,0.17470326,0.0,0.0,0.3007177,0.0,0.0,0.0,0.0,0.0,0.0,0.0,0.0,0.0,0.0,0.0,0.0,0.0,0.0,0.0,0.0,0.0,0.0,0.0,0.0,0.0,0.0,0.0,0.0,0.0,0.0,0.0,0.0,0.0,0.0,0.0,0.0,0.0,0.0,0.0
MRPL9,0.0,0.0,0.0,0.0,0.0,0.27226898,0.36171302,0.41633618,0.0,0.47256014,0.392094,0.0,0.0,0.0,0.0,0.0,0.0,0.0,0.0,0.0,0.0,0.0,0.0,0.0,0.27334732,0.0,0.0,0.0,0.0,0.0,0.0,0.0,0.0,0.0,0.0,0.0,0.0,0.0,0.0,0.0,0.0,0.0
S100A10,0.5121089,2.721097,2.5559735,2.3095713,1.971581,2.6542559,2.746844,0.0,1.6076388,1.2831098,1.1428969,2.648257,1.1682736,1.5037081,0.0,1.9713649,0.0,0.0,0.838743,1.3535357,1.3459194,0.0,2.1233969,0.0,0.523927,0.0,0.0,0.0,0.90253806,0.0,1.6965334,1.7567995,1.2103336,1.4930522,1.0476079,1.009966,1.284353,1.708337,1.5754439,1.7560065,1.7611761,0.0
S100A11,0.0,2.8822238,2.635764,1.9178269,0.76475525,1.2927748,2.1114588,0.0,3.1050282,0.42880017,0.0,2.898539,0.0,0.0,0.6868571,2.187752,0.0,0.0,0.0,0.0,0.0,0.0,3.1047952,0.30739683,0.0,0.0,0.0,0.20425203,0.64557314,0.0,0.86133045,0.82586807,0.0,0.0,0.0,0.0,0.0,0.0,0.0,1.0500171,0.0,0.5307932
S100A9,0.0,1.6155457,5.6881266,5.378508,0.0,0.0,1.7807615,0.0,2.5843067,0.0,0.0,3.5168276,1.4347595,0.0,0.0,3.637119,0.0,0.0,0.0,0.0,0.0,0.0,2.2480721,0.0,0.0,0.0,0.0,0.0,0.0,0.0,0.0,0.0,0.0,0.0,0.0,0.0,0.0,0.0,0.0,0.0,0.0,0.0
S100A12,0.0,0.0,3.0943282,1.7715888,0.0,0.0,0.0,0.0,0.0,0.0,0.0,0.0,0.0,0.0,0.0,0.74314415,0.0,0.0,0.0,0.0,0.0,0.0,0.0,0.0,0.0,0.0,0.0,0.0,0.0,0.0,0.0,0.0,0.0,0.0,0.0,0.0,0.0,0.0,0.0,0.0,0.0,0.0
S100A8,0.0,0.0,5.6216173,5.3605843,0.0,0.0,0.3404857,0.0,0.0,0.0,0.0,3.2607043,0.7257168,0.0,0.0,3.5031247,0.0,0.0,0.0,0.0,0.0,0.0,1.386737,0.0,0.0,0.0,0.0,0.0,0.0,0.0,0.0,0.0,0.0,0.0,0.0,0.0,0.0,0.0,0.0,0.0,0.0,0.0
S100A6,1.3606049,3.2898855,3.8096132,3.2924495,1.9634522,0.85325944,3.1511884,3.2963848,0.0,1.9602442,1.553327,3.3815405,0.0,2.210851,0.7355936,2.9315362,2.7331874,1.6445892,1.1347467,1.8144592,0.7869188,0.0,3.2094154,0.6438045,0.43483728,0.0,0.0,1.4005241,1.6915414,0.0,2.0399315,2.293652,1.6772795,1.7685989,1.6008534,1.520473,1.6760719,1.9817202,1.9294635,2.0810182,1.8232756,1.6462924
S100A4,0.0,2.9259667,3.953795,3.5517068,2.8688936,0.0,3.4412804,2.8298316,0.0,2.4642131,2.0485642,3.6049838,0.44090223,2.8573818,0.8421502,3.037134,2.4118044,2.3095336,1.1296176,2.6816478,1.3937285,0.0,3.5915394,0.4065765,0.22223727,0.0,0.0,1.8924488,1.9703529,0.0,2.7578301,3.0629945,2.230292,2.1520126,1.7675405,1.5561955,1.6908869,2.8173559,2.3542151,2.8375742,2.151755,1.6415982
CHTOP,0.0,0.0,0.0,0.0,0.0,0.0,0.0,0.3251022,0.0,0.0,0.0,0.0,0.0,0.0,0.0,0.0,0.0,0.0,0.0,0.0,0.0,0.0,0.0,0.0,0.17849067,0.0,0.0,0.0,0.0,0.0,0.0,0.0,0.0,0.0,0.0,0.0,0.0,0.0,0.0,0.0,0.0,0.0
SNAPIN,0.0,0.0,0.0,0.0,0.0,0.0,0.36097383,0.20119326,0.0,0.18155362,0.0,0.0,0.44090223,0.0,0.0,0.0,0.0,0.0,0.0,0.0,0.0,0.0,0.0,0.0,0.0,0.0,0.0,0.0,0.0,0.0,0.0,0.0,0.0,0.0,0.0,0.0,0.0,0.0,0.0,0.0,0.0,0.0
ILF2,0.0,0.0,0.0,0.74798274,1.0970812,0.47506863,0.69209886,1.4328941,0.0,1.1507335,0.6301467,0.7063019,0.0,0.0,0.0,0.0,0.56433696,0.0,0.0,0.0,0.0,0.0,0.0,0.2719523,0.9542333,0.0,0.0,1.0727075,0.0,0.0,0.0,0.0,0.0,0.0,0.0,0.0,0.0,0.0,0.0,0.0,0.0,0.7788682
INTS3,0.0,0.0,0.0,0.0,0.0,0.0,0.0,0.0,0.0,0.18083665,0.0,0.0,0.0,0.0,0.0,0.0,0.0,0.0,0.0,0.0,0.0,0.0,0.0,0.0,0.0,0.0,0.0,0.0,0.0,0.0,0.0,0.0,0.0,0.0,0.0,0.0,0.0,0.0,0.0,0.0,0.0,0.0
GATAD2B,0.0,0.0,0.0,0.0,0.0,0.0,0.0,0.0,0.0,0.18083665,0.0,0.0,0.0,0.0,0.6868571,0.0,0.0,0.0,0.0,0.0,0.0,0.0,0.0,0.0,0.0,0.0,0.0,0.0,0.0,0.0,0.0,0.0,0.0,0.0,0.0,0.0,0.0,0.0,0.0,0.0,0.0,0.0
DENND4B,0.0,0.0,0.0,0.0,0.0,0.0,0.0,0.0,0.0,0.47256014,0.0,0.0,0.0,0.0,0.0,0.0,0.0,0.0,0.0,0.0,0.0,0.0,0.0,0.0,0.0,0.0,0.0,0.0,0.0,0.0,0.0,0.0,0.0,0.0,0.0,0.0,0.0,0.0,0.0,0.0,0.0,0.0
JTB,0.8112776,0.0,0.8427336,1.0949593,0.9886044,0.6174085,0.9324916,1.1606543,0.0,0.18083665,0.0,1.0545062,0.44090223,0.954528,1.1548164,0.0,1.1131284,0.9731363,0.82140684,1.0511658,0.9371418,0.0,0.82974833,0.9121558,1.2633793,0.0,0.9045438,0.9829027,0.47820127,0.0,0.87066686,1.044912,0.8401995,0.9792706,0.8515104,0.0,0.8475265,0.9300689,0.9700217,0.9034945,0.980621,1.2816966
RAB13,0.0,0.0,0.0,0.0,0.0,0.0,0.27371624,0.40969265,0.0,0.0,0.0,0.5950968,0.7257168,0.0,0.0,0.0,0.0,0.5018172,0.0,0.0,0.0,0.0,0.0,0.0,0.0,0.0,0.0,0.26175874,0.0,0.0,0.0,0.0,0.0,0.0,0.0,0.0,0.0,0.0,0.0,0.0,0.0,0.0
RPS27,4.588115,3.3649814,2.9670942,2.9790463,3.0369782,4.0799646,3.4897292,3.8589697,3.3219929,3.92817,4.0816836,3.1631486,3.6847448,4.274311,4.353714,3.8133345,3.3207598,2.9447389,4.602499,3.6431093,3.8192954,4.4375257,3.465313,2.3357363,3.2019906,3.700606,3.8883002,3.372458,3.848772,2.5109386,4.518193,4.540288,4.470891,4.4250774,4.470725,4.4664335,4.686425,4.2991385,4.518894,4.3695526,4.2481537,3.7552376
TPM3,1.7615752,0.8459288,2.162722,2.426394,2.1064205,1.9551314,2.1501608,1.2787606,1.9847832,1.8788829,1.234842,1.7748369,1.5203841,1.4006007,1.6765134,1.7193952,1.5550842,2.4574428,1.4397995,1.7657808,1.6151731,1.2052343,2.234962,0.32025027,1.2003775,0.0,1.1254485,1.7890174,1.0257465,0.0,1.4237311,1.5860928,1.3060133,1.6017227,1.1842445,1.247525,1.2608572,1.5118768,1.4636505,1.4497645,1.1731453,1.5789621
C1orf43,0.0,0.0,0.0,0.0,0.0,0.65910083,0.65451777,0.7950294,0.0,0.49529564,0.0,0.6602513,0.7257168,0.0,0.0,0.0,0.0,0.93618447,0.0,0.0,0.0,0.0,0.62214756,0.2383474,0.48046565,0.0,0.0,0.48113877,0.0,0.0,0.0,0.0,0.0,0.0,0.0,0.0,0.0,0.0,0.0,0.0,0.0,0.71347433
UBAP2L,0.0,0.0,0.0,0.0,0.0,0.0,0.0,0.37444502,0.0,0.18083665,0.0,0.0,0.7458428,0.0,0.0,0.0,0.0,0.0,0.0,0.0,0.0,0.0,0.0,0.0,0.12207285,0.0,0.0,0.0,0.0,0.0,0.0,0.0,0.0,0.0,0.0,0.0,0.0,0.0,0.0,0.0,0.0,0.0
HAX1,0.0,0.0,0.0,0.0,0.45496407,0.0,0.3520353,0.6331367,0.0,0.18083665,0.0,0.0,0.0,0.0,0.7355936,0.0,0.0,0.0,0.0,0.0,0.0,0.0,0.0,0.3880491,0.9029926,0.0,0.0,0.0,0.3942191,0.0,0.0,0.0,0.0,0.0,0.0,0.0,0.0,0.0,0.0,0.0,0.0,0.0
ATP8B2,0.0,0.0,0.0,0.0,0.0,0.0,0.0,0.0,0.0,0.0,0.0,0.0,0.0,0.0,0.0,0.0,0.0,0.0,0.0,0.0,0.0,0.0,0.0,0.0,0.12957723,0.0,0.0,0.0,0.0,0.0,0.0,0.0,0.0,0.0,0.0,0.0,0.0,0.0,0.0,0.0,0.0,0.0
IL6R,0.0,0.0,0.0,0.39311737,0.0,0.34146005,0.44683003,0.0,0.0,0.0,0.0,0.4963503,0.0,0.0,0.0,0.0,0.0,0.0,0.0,0.0,0.0,0.0,0.0,0.0,0.27262,0.0,0.0,0.0,0.0,0.0,0.0,0.0,0.0,0.0,0.0,0.0,0.0,0.0,0.0,0.0,0.0,0.0
UBE2Q1,0.0,0.0,0.0,0.0,0.0,0.0,0.38839248,0.0,0.0,0.18083665,0.0,0.0,0.0,0.0,0.0,0.0,0.0,0.0,0.0,0.0,0.0,0.0,0.0,0.0,0.28064317,0.0,0.0,0.0,0.0,0.0,0.0,0.0,0.0,0.0,0.0,0.0,0.0,0.0,0.0,0.0,0.0,0.0
ADAR,0.6126078,0.0,0.52731234,0.59781456,0.7501211,0.48598903,0.49645084,0.18988355,0.0,0.87155294,0.0,0.4963503,0.0,0.0,0.8421502,0.0,0.0,0.0,0.75358665,0.0,0.0,0.0,0.6368483,0.17901288,0.43481812,0.0,0.9045438,0.4036749,0.0721409,0.0,0.0,0.0,0.0,0.0,0.0,0.0,0.0,0.0,0.0,0.7768153,0.0,0.6424774
PMVK,0.0,0.0,0.0,0.0,0.0,0.0,0.0,0.0,0.0,0.0,0.0,0.0,0.0,0.0,0.0,0.0,0.0,0.0,0.0,0.0,0.0,0.0,0.0,0.0,0.5401672,0.0,0.0,0.0,0.0,0.0,0.0,0.0,0.0,0.0,0.0,0.0,0.0,0.0,0.0,0.0,0.0,0.0
PBXIP1,0.0,0.0,0.0,0.0,0.0,0.0,0.0,0.0,0.0,0.0,0.48630244,0.0,0.0,0.9664759,0.0,0.0,0.0,0.0,0.0,0.0,0.0,0.0,0.0,0.0,0.0,0.0,0.0,0.0,0.0,0.0,0.77290285,0.0,0.0,0.0,0.0,0.0,0.0,1.0062072,0.0,1.0008444,0.0,0.0
CKS1B,0.0,0.0,0.0,0.46558687,1.2281656,0.0,0.0,0.79534924,0.0,0.47907245,0.0,0.0,0.0,0.0,0.0,0.0,0.0,0.0,0.0,0.0,0.0,0.0,0.0,0.0,0.5027708,0.0,0.0,0.0,0.0,0.0,0.0,0.0,0.0,0.0,0.0,0.0,0.0,0.0,0.0,0.0,0.0,0.0
FLAD1,0.0,0.0,0.0,0.0,0.0,0.0,0.0,0.15594275,0.0,0.0,0.0,0.0,0.0,0.0,0.0,0.0,0.0,0.0,0.0,0.0,0.0,0.0,0.0,0.0,0.11483783,0.0,0.0,0.0,0.0,0.0,0.0,0.0,0.0,0.0,0.0,0.0,0.0,0.0,0.0,0.0,0.0,0.0
ADAM15,0.0,0.0,0.0,0.0,0.0,0.0,0.29905957,0.0,0.0,0.0,0.0,0.0,0.0,0.0,0.0,0.0,0.0,0.0,0.0,0.0,0.0,0.0,0.0,0.0,0.0,0.0,0.0,0.0,0.0,0.0,0.0,0.0,0.0,0.0,0.0,0.0,0.0,0.0,0.0,0.0,0.0,0.0
SLC50A1,0.0,0.0,0.0,0.0,0.0,0.0,0.0,0.21609913,0.0,0.0,0.0,0.0,0.0,0.0,0.0,0.0,0.0,0.26233488,0.0,0.0,0.0,0.0,0.0,0.2383474,0.17694849,0.0,0.0,0.0,0.0,0.0,0.0,0.0,0.0,0.0,0.0,0.0,0.0,0.0,0.0,0.0,0.0,0.0
DPM3,0.0,0.0,0.0,0.0,0.0,0.0,0.41778326,0.27165872,0.0,0.47256014,0.0,0.4963503,0.0,0.0,0.0,0.0,0.0,0.0,0.0,0.0,0.0,0.0,0.0,0.4895564,0.4299821,0.0,0.0,0.53149354,0.0,0.0,0.0,0.0,0.0,0.0,0.0,0.0,0.0,0.0,0.0,0.0,0.0,0.0
KRTCAP2,0.89837277,0.4832946,0.6619963,0.94770575,1.1018394,0.8968226,0.9505911,1.1002393,0.0,0.6028327,0.9013167,1.0545062,0.91374826,1.0414,0.6868571,0.37106457,1.0989218,0.0,0.8189336,1.0164466,0.8092179,0.0,0.85062605,1.345394,1.448642,0.0,1.0581769,1.1064539,1.0048625,0.0,0.98166335,1.1384068,0.9733906,1.1066093,0.91905963,0.93190193,0.8776679,0.998132,1.1285514,0.86841303,1.2159821,1.3082428
MTX1,0.0,0.0,0.0,0.0,0.0,0.0,0.0,0.4189317,0.0,0.42031318,0.0,0.0,0.0,0.0,0.0,0.0,0.0,0.0,0.0,0.0,0.0,0.0,0.0,0.0,0.35186845,0.0,0.0,0.0,0.0,0.0,0.0,0.0,0.0,0.0,0.0,0.0,0.0,0.0,0.0,0.0,0.0,0.0
GBA1,0.0,0.0,0.0,0.0,0.0,0.0,0.0,0.0,0.0,0.47256014,0.0,0.0,0.0,0.0,0.0,0.0,0.0,0.0,0.0,0.0,0.0,0.0,0.0,0.0,0.0,0.0,0.0,0.0,0.0,0.0,0.0,0.0,0.0,0.0,0.0,0.0,0.0,0.0,0.0,0.0,0.0,0.0
SCAMP3,0.0,0.0,0.0,0.0,0.0,0.0,0.0,0.0,0.0,0.0,0.0,0.0,0.0,0.0,0.0,0.0,0.0,0.0,0.0,0.0,0.0,0.0,0.0,0.0,0.23856735,0.0,0.0,0.0,0.0,0.0,0.0,0.0,0.0,0.0,0.0,0.0,0.0,0.0,0.0,0.0,0.0,0.0
PKLR,0.0,0.0,0.0,0.0,0.0,0.0,0.0,1.0389104,0.0,0.0,0.0,0.0,0.0,0.0,0.0,0.0,0.0,0.0,0.0,0.0,0.0,0.0,0.0,0.0,0.0,0.0,0.0,0.0,0.0,0.0,0.0,0.0,0.0,0.0,0.0,0.0,0.0,0.0,0.0,0.0,0.0,0.0
FDPS,0.0,0.0,0.0,0.44163445,0.9769668,0.0,0.42269358,0.7813151,0.0,0.21446666,0.0,0.0,0.0,0.0,0.0,0.0,0.0,0.0,0.0,0.0,0.0,0.0,0.0,0.2457521,0.9527434,0.0,0.0,0.43844667,0.0,0.0,0.0,0.0,0.0,0.0,0.0,0.0,0.0,0.0,0.0,0.0,0.0,0.0
RUSC1,0.0,0.0,0.0,0.0,0.0,0.34115425,0.0,0.0,0.0,0.0,0.0,0.0,0.0,0.0,0.0,0.0,0.0,0.0,0.0,0.0,0.0,0.0,0.0,0.0,0.0,0.0,0.0,0.0,0.0,0.0,0.0,0.0,0.0,0.0,0.0,0.0,0.0,0.0,0.0,0.0,0.0,0.0
ASH1L,0.0,0.0,0.0,0.0,0.4668787,0.0,0.38106546,0.0,0.0,0.0,0.0,0.0,0.91374826,0.0,0.0,0.0,0.0,0.0,0.0,0.0,0.0,0.0,0.0,0.16441134,0.20739445,0.0,0.0,0.2302233,0.0,0.0,0.0,0.0,0.0,0.0,0.0,0.0,0.0,0.0,0.0,0.0,0.0,0.47919056
YY1AP1,0.0,0.0,0.0,0.0,0.0,0.0,0.0,0.18107352,0.0,0.0,0.0,0.0,0.0,0.0,0.0,0.0,0.0,0.0,0.0,0.0,0.0,0.0,0.0,0.0,0.118237555,0.0,0.0,0.0,0.0,0.0,0.0,0.0,0.0,0.0,0.0,0.0,0.0,0.0,0.0,0.0,0.0,0.0
DAP3,0.0,0.0,0.0,0.0,0.0,0.28951037,0.42777815,0.652403,0.0,0.44826725,0.0,0.0,0.0,0.0,0.0,0.0,0.0,0.0,0.0,0.0,0.0,0.0,0.0,0.0,0.3400765,0.0,0.0,0.24116927,0.0,0.0,0.0,0.0,0.0,0.0,0.0,0.0,0.0,0.0,0.0,0.0,0.0,0.0
GON4L,0.0,0.0,0.0,0.0,0.081745006,0.0,0.0,0.0,0.0,0.0,0.0,0.0,0.0,0.0,0.0,0.0,0.0,0.0,0.0,0.0,0.0,0.0,0.0,0.0,0.16684455,0.0,0.0,0.0,0.0,0.0,0.0,0.0,0.0,0.0,0.0,0.0,0.0,0.0,0.0,0.0,0.0,0.0
SSR2,1.0444939,0.0,0.77482235,1.0129435,1.438571,1.092648,1.2663194,0.8202609,0.0,1.1914431,1.1449375,0.82655406,0.44090223,1.3706019,1.0902166,0.8823745,1.455833,0.0,1.0986793,1.3063078,1.3009346,1.1034355,0.99198127,1.1454636,1.8152192,1.0709895,1.1985635,1.170788,0.9817208,0.0,1.4472728,1.2314813,1.3678687,1.1337421,1.4468378,1.1566932,1.3227375,1.3657998,1.180597,1.3702734,1.2383103,1.488996
LAMTOR2,0.0,0.0,0.5078436,0.73488754,0.5887127,0.52941227,0.79651767,0.5212798,0.9619931,0.57238364,0.0,0.64906085,0.7257168,0.0,0.0,0.0,0.0,0.0,0.0,0.0,0.0,0.0,0.66261053,0.19102594,0.52317685,0.0,0.0,0.59685314,0.0,0.0,0.0,0.0,0.0,0.0,0.0,0.0,0.0,0.0,0.0,0.0,0.0,0.5657387
LMNA,0.0,1.6155457,0.0,0.0,0.0,0.8779965,0.40772784,1.3220813,0.0,0.0,0.0,0.0,0.7257168,0.0,0.0,0.0,0.0,1.0528767,0.0,0.0,0.0,0.0,0.0,0.16702053,0.0,0.0,0.0,0.0,0.0,0.0,0.0,0.0,0.0,0.0,0.0,0.0,0.0,0.0,0.0,0.0,0.0,0.0
SEMA4A,0.0,0.0,0.0,0.0,0.0,0.49875098,0.47691563,0.0,0.0,0.0,0.0,0.0,0.7257168,0.0,0.0,0.0,0.0,0.0,0.0,0.0,0.0,0.0,0.0,0.0,0.33617535,0.0,0.0,0.0,0.0,0.0,0.0,0.0,0.0,0.0,0.0,0.0,0.0,0.0,0.0,0.0,0.0,0.0
PMF1,0.0,0.0,0.0,0.0,0.59982204,0.0,0.39810312,0.38631868,0.0,0.18083665,0.0,0.0,0.0,0.0,0.0,0.0,0.0,0.0,0.0,0.0,0.0,0.0,0.0,0.0,0.3241825,0.0,0.0,0.0,0.0,0.0,0.0,0.0,0.0,0.0,0.0,0.0,0.0,0.0,0.0,0.0,0.0,0.45609838
CCT3,0.0,0.0,0.0,0.3311807,0.84848076,0.3977822,0.7270398,1.416711,0.0,1.0257457,0.0,0.0,1.141807,0.0,1.0902166,0.0,0.0,0.0,0.0,0.0,0.0,0.0,0.0,0.17289075,1.0889872,0.0,0.0,0.8179026,0.3345065,0.0,0.0,0.0,0.0,0.0,0.0,0.8862541,0.80377513,0.0,0.0,0.0,0.0,0.7594529
MEF2D,0.0,0.0,0.0,0.0,0.0,0.0,0.38319385,0.0,0.0,0.0,0.0,0.4963503,0.0,0.0,0.0,0.0,0.0,0.0,0.0,0.0,0.0,0.0,0.0,0.1304064,0.17517093,0.0,0.0,0.0,0.0,0.0,0.0,0.0,0.0,0.0,0.0,0.0,0.0,0.0,0.0,0.0,0.0,0.63517797
NAXE,0.0,0.0,0.0,0.0,0.0,0.0,0.3358107,0.4530056,0.0,0.0,0.0,0.0,0.0,0.0,0.0,0.0,0.0,0.0,0.0,0.0,0.0,0.0,0.0,0.36177254,0.31360656,0.0,0.0,0.28858107,0.0,0.0,0.0,0.0,0.0,0.0,0.0,0.0,0.0,0.0,0.0,0.0,0.0,0.0
GPATCH4,0.0,0.0,0.0,0.0,0.0,0.0,0.0,0.4853756,0.0,0.0,0.0,0.0,0.0,0.0,0.0,0.0,0.0,0.0,0.0,0.0,0.0,0.0,0.0,0.0,0.41081917,0.0,0.0,0.0,0.0,0.0,0.0,0.0,0.0,0.0,0.0,0.0,0.0,0.0,0.0,0.0,0.0,0.0
ISG20L2,0.0,0.0,0.0,0.0,0.0,0.0,0.0,0.0,0.0,0.21446666,0.0,0.0,0.0,0.0,0.0,0.0,0.0,0.0,0.0,0.0,0.0,0.0,0.0,0.0,0.11483783,0.0,0.0,0.0,0.0,0.0,0.0,0.0,0.0,0.0,0.0,0.0,0.0,0.0,0.0,0.0,0.0,0.0
MRPL24,0.0,0.0,0.0,0.0,0.0,0.0,0.0,0.3375845,0.0,0.0,0.0,0.0,0.0,0.0,0.0,0.0,0.0,0.0,0.0,0.0,0.0,0.0,0.0,0.0,0.30367142,0.0,0.0,0.0,0.0,0.0,0.0,0.0,0.0,0.0,0.0,0.0,0.0,0.0,0.0,0.0,0.0,0.0
HDGF,0.0,0.0,0.0,0.93394244,0.9045876,0.0,0.5132103,1.08894,0.0,0.5482596,0.0,0.5046885,0.0,0.0,0.0,0.0,0.0,1.0257201,0.0,0.0,0.0,0.0,0.0,0.0,0.611635,0.0,0.0,0.89175975,0.0,0.0,0.0,0.0,0.0,0.0,0.0,0.0,0.0,0.0,0.0,0.0,0.0,0.37617123
PRCC,0.0,0.0,0.0,0.0,0.0,0.0,0.0,0.1495519,0.0,0.0,0.0,0.0,0.0,0.0,0.0,0.0,0.0,0.0,0.0,0.0,0.0,0.0,0.0,0.0,0.18442562,0.0,0.0,0.0,0.0,0.0,0.0,0.0,0.0,0.0,0.0,0.0,0.0,0.0,0.0,0.0,0.0,0.0
SH2D2A,0.0,0.0,0.0,0.0,0.976587,0.0,0.0,0.0,0.0,0.0,0.0,0.0,0.0,0.92114806,0.0,0.0,0.0,0.0,0.0,1.2922478,1.0117443,0.0,0.0,0.0,0.0,0.0,0.0,0.0,0.0,0.0,0.0,0.0,0.0,0.87289786,0.0,0.0,0.0,0.0,0.0,0.0,0.0,0.0
FCRL5,1.2532096,0.0,0.0,0.0,0.0,0.0,0.0,0.0,0.0,0.0,0.0,0.0,0.0,0.0,1.1810663,0.0,0.0,0.0,0.0,0.0,0.0,0.0,0.0,1.0459287,0.52317685,0.0,0.0,0.0,0.0,0.0,0.0,0.0,0.0,0.0,0.0,0.0,0.0,0.0,0.0,0.0,0.0,0.0
FCRL3,0.99629664,0.0,0.0,0.0,0.0,0.0,0.0,0.0,0.0,0.0,0.0,0.0,0.0,0.0,0.0,0.0,0.0,0.0,0.0,0.0,0.0,0.0,0.0,0.0,0.0,0.0,0.0,0.0,0.0,0.0,0.0,0.0,0.0,0.0,0.0,0.0,0.0,0.0,0.0,0.0,0.0,0.0
FCRL2,0.8112776,0.0,0.0,0.0,0.0,0.0,0.0,0.0,0.0,0.0,0.0,0.0,0.0,0.0,0.0,0.0,0.0,0.0,0.0,0.0,0.0,0.0,0.0,0.0,0.0,0.0,0.0,0.0,0.0,0.0,0.0,0.0,0.0,0.0,0.0,0.0,0.0,0.0,0.0,0.0,0.0,0.0
FCRL1,0.0,0.0,0.0,0.0,0.0,0.0,0.0,0.0,0.0,0.0,0.0,0.0,0.0,0.0,0.0,0.0,0.0,0.0,0.0,0.0,0.0,1.1397064,0.0,0.0,0.0,0.0,0.0,0.0,0.0,0.0,0.0,0.0,0.0,0.0,0.0,0.0,0.0,0.0,0.0,0.0,0.0,0.0
CD1D,0.0,0.0,0.0,0.0,0.0,0.0,0.5724241,0.0,0.0,0.0,0.0,0.0,0.0,0.0,0.0,0.0,0.0,0.0,0.0,0.0,0.0,0.0,0.0,0.0,0.0,0.0,0.0,0.0,0.0,0.0,0.0,0.0,0.0,0.0,0.0,0.0,0.0,0.0,0.0,0.0,0.0,0.0
CD1C,0.0,0.0,0.0,0.0,0.0,0.0,0.91747737,0.0,0.0,0.0,0.0,0.0,0.0,0.0,0.0,0.0,0.0,0.0,0.0,0.0,0.0,0.0,0.0,0.0,0.0,0.0,0.0,0.0,0.0,0.0,0.0,0.0,0.0,0.0,0.0,0.0,0.0,0.0,0.0,0.0,0.0,0.0
SPTA1,0.0,0.0,0.0,0.0,0.0,0.0,0.0,0.34509546,0.0,0.0,0.0,0.0,0.0,0.0,0.0,0.0,0.0,0.0,0.0,0.0,0.0,0.0,0.0,0.0,0.0,0.0,0.0,0.0,0.0,0.0,0.0,0.0,0.0,0.0,0.0,0.0,0.0,0.0,0.0,0.0,0.0,0.0
MNDA,0.0,0.0,2.4972253,2.3308735,0.0,0.49875098,1.4012922,0.0,0.0,0.31335935,0.0,0.5950968,0.0,0.0,0.0,0.0,0.0,0.0,0.0,0.0,0.0,0.0,0.9152956,0.0,0.0,0.0,0.0,0.0,0.0,0.0,0.0,0.0,0.0,0.0,0.0,0.0,0.0,0.0,0.0,0.0,0.0,0.0
PYHIN1,0.0,0.0,0.0,0.0,0.84496814,0.0,0.0,0.0,0.0,0.0,0.0,0.0,0.0,0.0,0.0,0.0,0.0,0.0,0.0,1.2805872,0.0,0.0,0.0,0.0,0.0,0.0,0.0,0.0,0.0,0.0,0.0,1.0904133,0.0,1.0434232,0.0,0.0,0.0,0.0,0.9622577,0.0,0.0,0.0
IFI16,0.85592324,0.0,0.7648933,0.7794583,1.6113073,0.9418417,1.2367468,0.0,0.0,0.9137148,0.0,0.5104259,0.5578004,0.0,0.0,0.0,0.0,0.0,0.8559257,1.1436248,0.0,0.0,0.62345254,0.0,0.725277,0.0,1.031539,0.40263295,0.6351244,0.0,0.0,0.9624077,0.7326629,0.9303478,0.0,0.0,0.0,0.91410637,0.7097248,0.0,0.0,0.78387064
FCER1A,0.0,0.0,0.0,0.0,0.0,0.0,1.3429837,0.0,0.0,0.0,0.0,0.0,0.0,0.0,0.0,0.0,1.7661093,0.0,0.0,0.0,0.0,0.0,0.0,0.0,0.0,0.0,0.0,0.0,0.0,0.0,0.0,0.0,0.0,0.0,0.0,0.0,0.0,0.0,0.0,0.0,0.0,1.1052997
DUSP23,0.0,0.0,0.0,0.0,0.0,0.40235615,0.44801056,0.20444779,0.0,0.0,0.0,0.0,0.0,0.0,0.0,0.0,0.0,0.0,0.0,0.0,0.0,0.0,0.0,0.0,0.0,0.0,0.0,0.20127872,0.0,0.0,0.0,0.0,0.0,0.0,0.0,0.0,0.0,0.0,0.0,0.0,0.0,0.0
SLAMF8,0.0,0.0,0.0,0.0,0.0,0.3828968,0.0,0.0,0.0,0.0,0.0,0.0,0.0,0.0,0.0,0.0,0.0,0.0,0.0,0.0,0.0,0.0,0.0,0.0,0.0,0.0,0.0,0.0,0.0,0.0,0.0,0.0,0.0,0.0,0.0,0.0,0.0,0.0,0.0,0.0,0.0,0.0
TAGLN2,1.2902399,1.4772652,0.9780515,1.944262,1.5745609,2.0649219,1.8178374,1.6080222,0.0,1.5592119,1.7611761,1.8385649,0.7458428,1.1285514,1.3148127,1.4584385,1.4059212,3.4416287,1.4568267,1.1463268,1.4631405,1.5033001,1.012569,0.0,1.1212722,1.4287796,0.0,1.6279918,1.2284825,0.0,1.1769357,1.0654778,0.76878303,1.086169,0.7684109,1.0110207,0.8778322,1.1893721,1.0112988,1.4067374,1.2362267,2.4108233
ENSG00000224259,0.0,0.0,0.0,0.0,0.0,0.0,0.0,0.25306308,0.0,0.0,0.0,0.0,0.0,0.0,0.0,0.0,0.0,0.0,0.0,0.0,0.0,0.0,0.0,0.0,0.0,0.0,0.0,0.0,0.0,0.0,0.0,0.0,0.0,0.0,0.0,0.0,0.0,0.0,0.0,0.0,0.0,0.0
IGSF8,0.0,0.0,0.0,0.0,0.0,0.0,0.0,0.0,0.0,0.0,0.0,0.0,0.0,0.0,0.0,0.0,0.0,0.0,0.0,0.0,0.0,0.0,0.0,0.0,0.1146783,0.0,0.0,0.0,0.0,0.0,0.0,0.0,0.0,0.0,0.0,0.0,0.0,0.0,0.0,0.0,0.0,0.0
PEA15,0.0,0.0,0.0,0.0,0.0,0.0,0.5586959,0.0,0.0,0.0,0.0,0.4963503,0.0,0.0,0.0,0.0,0.0,0.0,0.0,0.0,0.0,0.0,0.0,0.0,0.0,0.0,0.0,0.0,0.0,0.0,0.0,0.0,0.0,0.0,0.0,0.0,0.0,0.0,0.0,0.0,0.0,0.0
DCAF8,0.0,0.0,0.0,0.0,0.0,0.0,0.0,0.0,0.0,0.3960203,0.0,0.0,0.0,0.0,0.0,0.0,0.0,0.0,0.0,0.0,0.0,0.0,0.0,0.0,0.0,0.0,0.0,0.0,0.0,0.0,0.0,0.0,0.0,0.0,0.0,0.0,0.0,0.0,0.0,0.0,0.0,0.0
COPA,0.0,0.0,0.578122,0.58515155,0.0,0.0,0.63789797,0.21420786,0.0,0.0,0.0,0.5950968,0.7257168,0.0,0.0,0.0,0.0,0.0,0.0,0.0,0.0,0.0,0.44872963,0.19715774,0.4444409,0.0,0.0,0.33688998,0.0,0.0,0.0,0.0,0.0,0.0,0.0,0.0,0.0,0.0,0.0,0.0,0.0,0.6592812
NCSTN,0.0,0.0,0.0,0.0,0.0,0.0,0.35860544,0.0,0.0,0.0,0.0,0.0,0.0,0.0,0.0,0.0,0.0,0.0,0.0,0.0,0.0,0.0,0.0,0.0,0.0,0.0,0.0,0.0,0.0,0.0,0.0,0.0,0.0,0.0,0.0,0.0,0.0,0.0,0.0,0.0,0.0,0.0
CD48,1.6573483,0.0,1.180011,0.876899,1.0137563,1.0942316,1.4086025,0.0,0.0,0.65677464,0.72809076,0.838519,0.0,1.7122338,1.6022239,0.8498967,0.0,0.0,1.4140362,1.3196149,1.2133169,1.2570653,1.6013277,0.0,0.72056776,0.0,0.0,0.0,0.70123035,0.0,1.9409977,1.696503,1.997753,1.5954266,1.9893992,1.6937971,1.8701822,1.7516617,1.7122338,1.7449994,1.9219549,0.0
SLAMF7,0.0,0.0,0.0,0.0,0.0,1.109503,0.0,0.0,0.0,0.0,0.0,0.0,0.0,0.0,0.0,0.0,0.0,0.0,0.0,0.0,0.0,0.0,0.0,0.72964525,0.5785792,0.0,0.0,0.0,0.0,0.0,0.0,0.0,0.0,0.0,0.0,0.0,0.0,0.0,0.0,0.0,0.0,0.0
LY9,0.8779965,0.0,0.0,0.0,0.0,0.0,0.0,0.0,0.0,0.0,0.0,0.0,0.0,0.0,2.0874891,0.0,0.0,0.0,1.3044946,0.0,0.0,1.3228385,0.0,0.0,0.0,0.0,0.0,0.0,0.0,0.0,0.0,0.0,0.0,0.0,0.0,0.0,0.0,0.0,0.0,0.0,0.0,0.0
TSTD1,0.72478276,0.0,0.0,0.0,0.9101026,0.65910083,0.0,0.18280953,0.0,0.4153542,0.48630244,0.0,0.0,0.0,0.0,0.0,0.0,0.0,0.8570223,0.0,0.9234299,0.0,0.0,0.26749876,0.2958905,0.0,0.0,0.18553036,0.26702702,0.0,0.8463846,0.0,0.71477777,0.0,0.8870932,0.0,0.76990205,0.8717985,0.0,0.0,0.0,0.54707336
USF1,0.0,0.0,0.0,0.0,0.0,0.0,0.0,0.0,0.0,0.18083665,0.0,0.0,0.0,0.0,0.0,0.0,0.0,0.0,0.0,0.0,0.0,0.0,0.0,0.0,0.0,0.0,0.0,0.0,0.0,0.0,0.0,0.0,0.0,0.0,0.0,0.0,0.0,0.0,0.0,0.0,0.0,0.0
ARHGAP30,0.78118664,0.0,0.7761973,0.7106211,0.8280753,0.53241324,0.875049,0.0,0.0,0.21446666,0.0,0.0,0.7257168,0.0,0.0,0.0,0.0,0.0,0.0,0.0,0.0,0.0,0.7440127,0.0,0.24683121,0.0,0.0,0.0,0.0,0.0,0.0,0.0,0.0,0.0,0.0,0.0,0.0,0.518653,0.0,0.0,0.0,0.59387624
PFDN2,0.0,0.0,0.0,0.6251719,0.66243553,0.7475655,0.7681939,0.8331417,0.0,0.81770027,0.0,0.0,0.44090223,0.0,0.0,0.0,0.0,0.0,0.0,0.0,0.0,0.0,0.5059806,0.0,0.68230146,0.0,0.0,0.60726553,0.0,0.0,0.0,0.0,0.0,0.0,0.0,0.0,0.0,0.0,0.0,0.0,0.0,0.7577783
UFC1,0.84913063,0.0,0.0,0.69198275,0.8801825,0.81162524,0.92035997,0.7611965,0.0,1.2223058,1.1428969,0.5073828,0.7458428,0.0,0.0,0.0,0.0,0.0,0.0,0.9928616,0.87221014,0.0,0.5852206,0.45770988,0.82018715,0.0,0.935398,0.88402134,0.0,0.0,0.83595604,0.0,0.0,0.0,0.8449429,0.92317957,0.8623574,0.9132119,0.0,0.0,0.0,1.0120242
PPOX,0.0,0.0,0.0,0.0,0.0,0.0,0.0,0.19094911,0.0,0.0,0.0,0.0,0.0,0.0,0.0,0.0,0.0,0.0,0.0,0.0,0.0,0.0,0.0,0.0,0.0,0.0,0.0,0.0,0.0,0.0,0.0,0.0,0.0,0.0,0.0,0.0,0.0,0.0,0.0,0.0,0.0,0.0
B4GALT3,0.0,0.0,0.0,0.0,0.0,0.0,0.0,0.15667476,0.0,0.0,0.0,0.0,0.0,0.0,0.0,0.0,0.0,0.0,0.0,0.0,0.0,0.0,0.0,0.29947463,0.35221487,0.0,0.0,0.0,0.0,0.0,0.0,0.0,0.0,0.0,0.0,0.0,0.0,0.0,0.0,0.0,0.0,0.0
NDUFS2,0.0,0.4366376,0.0,0.51373667,0.58677316,0.3139043,0.56046355,0.64543897,0.0,0.62309736,0.0,0.0,0.0,0.0,0.0,0.0,0.0,0.0,0.0,0.0,0.0,0.0,0.0,0.0,0.48779035,0.0,0.0,0.47049233,0.0,0.0,0.0,0.0,0.0,0.0,0.0,0.0,0.0,0.0,0.0,0.0,0.0,0.0
FCER1G,0.0,2.4764698,2.2973819,1.7581699,1.5810661,0.5072514,2.1976125,0.0,3.007849,0.0,1.049655,3.0435705,2.4917312,0.0,0.0,1.861412,0.5370852,1.1600549,0.0,2.1470456,2.2223878,0.0,3.2066383,0.0,0.0,0.0,0.0,0.0,0.0,0.0,0.0,0.0,0.0,0.0,0.0,0.0,0.0,0.0,0.0,0.0,0.0,1.9880311
SDHC,0.0,0.0,0.0,0.28787857,0.45258033,0.34549886,0.6672891,0.7387771,0.0,0.4153542,0.0,0.5367148,0.0,0.0,0.0,0.0,0.0,0.15997699,0.0,0.0,0.0,0.0,0.0,0.0,0.42435038,0.0,0.0,0.4169221,0.0,0.0,0.0,0.0,0.0,0.0,0.0,0.0,0.0,0.0,0.0,0.0,0.0,0.5138371
FCGR2A,0.0,0.0,0.81868124,0.0,0.0,0.0,0.6865629,0.0,0.0,0.0,0.0,1.229509,0.44090223,0.0,0.0,0.0,0.0,0.0,0.0,0.0,0.0,0.0,0.95746034,0.0,0.0,0.0,0.0,0.0,0.0,0.0,0.0,0.0,0.0,0.0,0.0,0.0,0.0,0.0,0.0,0.0,0.0,0.0
HSPA6,0.0,0.0,0.0,0.0,0.0,0.0,0.0,0.0,0.0,0.0,0.0,0.0,0.7458428,0.0,0.0,0.0,0.0,0.0,0.0,0.0,0.0,0.0,0.0,0.0,0.0,0.0,0.0,0.0,0.0,0.0,0.0,0.0,0.0,0.0,0.0,2.6067944,0.0,0.0,0.0,0.0,0.0,0.0
FCGR3A,0.0,1.0205148,0.0,0.0,1.6314104,0.0,0.0,0.0,1.9777986,0.0,0.0,1.074369,1.5203841,0.0,0.0,0.0,0.0,0.0,0.0,2.002126,0.0,0.0,2.6413956,0.0,0.0,0.0,0.0,0.0,0.0,0.0,0.0,1.0940994,0.0,0.0,0.0,0.0,0.0,0.0,0.0,0.0,0.0,0.0
FCGR2B,0.8401995,0.0,0.0,0.0,0.0,0.0,0.3546848,0.0,0.0,0.18083665,0.0,0.0,0.0,0.0,0.0,0.0,0.0,0.0,0.0,0.0,0.0,0.0,0.0,0.0,0.20875011,0.0,0.0,0.0,0.0,0.0,0.0,0.0,0.0,0.0,0.0,0.0,0.0,0.0,0.0,0.0,0.0,0.0
FCRLA,0.9881799,0.0,0.0,0.0,0.0,0.0,0.0,0.0,0.0,0.18083665,0.0,0.0,0.0,0.0,0.6868571,0.0,0.0,0.0,0.0,0.0,0.0,0.0,0.0,0.0,0.0,1.304225,0.0,0.0,0.0,0.0,0.0,0.0,0.0,0.0,0.0,0.0,0.0,0.0,0.0,0.0,0.0,0.0
DUSP12,0.0,0.0,0.0,0.0,0.0,0.0,0.0,0.0,0.0,0.0,0.0,0.0,0.0,0.0,0.0,0.0,0.0,0.0,0.0,0.0,0.0,0.0,0.0,0.0,0.13131355,0.0,0.0,0.0,0.0,0.0,0.0,0.0,0.0,0.0,0.0,0.0,0.0,0.0,0.0,0.0,0.0,0.0
ATF6,0.0,0.0,0.0,0.0,0.0,0.0,0.3007177,0.0,0.0,0.0,0.0,0.0,0.0,0.0,0.0,0.0,0.0,0.0,0.0,0.0,0.0,0.0,0.0,0.0,0.1802879,0.0,0.0,0.0,0.0,0.0,0.0,0.0,0.0,0.0,0.0,0.0,0.0,0.0,0.0,0.0,0.0,0.0
UHMK1,0.0,0.0,0.0,0.0,0.5532563,0.442071,0.3832682,0.24889365,0.0,0.49282485,0.0,0.0,0.0,0.0,0.0,0.0,0.0,0.0,0.0,0.0,0.0,0.0,0.0,0.0,0.0,0.0,0.0,0.0,0.0,0.0,0.0,0.0,0.0,0.0,0.0,0.0,0.0,0.0,0.0,0.0,0.0,0.0
UAP1,0.0,0.0,0.0,0.0,0.0,0.0,0.0,0.0,0.0,0.0,0.0,0.0,0.0,0.0,0.0,0.0,0.0,0.0,0.0,0.0,0.0,0.0,0.0,0.23831886,0.39370456,0.0,0.0,0.0,0.0,0.0,0.0,0.0,0.0,0.0,0.0,0.0,0.0,0.0,0.0,0.0,0.0,0.0
NUF2,0.0,0.0,0.0,0.0,0.5359943,0.0,0.0,0.0,0.0,0.18083665,0.0,0.0,0.0,0.0,0.0,0.0,0.0,0.0,0.0,0.0,0.0,0.0,0.0,0.0,0.20105934,0.0,0.0,0.0,0.0,0.0,0.0,0.0,0.0,0.0,0.0,0.0,0.0,0.0,0.0,0.0,0.0,0.0
PBX1,0.0,0.0,0.0,0.0,0.0,0.0,0.0,0.0,0.0,0.0,0.0,0.0,0.0,0.0,0.0,0.0,0.0,0.8032062,0.0,0.0,0.0,0.0,0.0,0.0,0.0,0.0,0.0,0.0,0.0,0.0,0.0,0.0,0.0,0.0,0.0,0.0,0.0,0.0,0.0,0.0,0.0,0.0
MGST3,0.0,0.739549,0.49154526,0.86950225,0.68885493,0.83915305,0.5179113,0.6169367,0.44440928,0.23875955,0.0,0.4254868,0.97920024,0.0,0.0,0.0,0.0,0.0,0.0,0.0,0.0,0.0,0.7346475,0.14278156,0.116415784,0.0,0.0,0.3086986,0.0,0.0,0.0,0.0,0.0,0.0,0.0,0.0,0.0,0.0,0.0,0.0,0.0,0.55297554
ALDH9A1,0.0,0.0,0.0,0.0,0.0,0.0,0.0,0.0,0.0,0.0,0.0,0.0,0.0,0.0,0.0,0.0,0.0,0.0,0.0,0.0,0.0,0.0,0.0,0.0,0.15630423,0.0,0.0,0.0,0.0,0.0,0.0,0.0,0.0,0.0,0.0,0.0,0.0,0.0,0.0,0.0,0.0,0.0
TMCO1,0.0,0.0,0.0,0.32082057,0.69472593,0.28951037,0.43891594,0.35436094,0.0,0.7565536,0.0,0.0,0.0,0.0,0.0,0.0,0.0,0.0,0.0,0.0,0.0,0.0,0.0,0.29114863,0.69944614,0.0,0.0,0.30765992,0.0,0.0,0.0,0.0,0.0,0.0,0.0,0.0,0.0,0.0,0.0,0.0,0.0,0.60628784
UCK2,0.0,0.0,0.0,0.0,0.0,0.0,0.0,0.23579518,0.0,0.0,0.0,0.0,0.0,0.0,0.0,0.0,0.0,0.0,0.0,0.0,0.0,0.0,0.0,0.0,0.21339111,0.0,0.0,0.0,0.0,0.0,0.0,0.0,0.0,0.0,0.0,0.0,0.0,0.0,0.0,0.0,0.0,0.0
POU2F1,0.0,0.0,0.0,0.0,0.0,0.0,0.0,0.0,0.0,0.0,0.0,0.0,0.0,0.0,0.0,0.0,0.0,0.0,0.0,0.0,0.0,0.0,0.0,0.0,0.17338812,0.0,0.0,0.0,0.0,0.0,0.0,0.0,0.0,0.0,0.0,0.0,0.0,0.0,0.0,0.0,0.0,0.0
CD247,0.0,0.0,0.0,0.0,2.0209482,0.0,0.0,0.0,0.0,0.0,0.0,0.0,0.0,1.0196077,0.0,0.0,0.0,0.0,0.0,2.4123378,1.8219707,0.0,0.0,0.0,0.0,0.0,0.0,0.0,0.48752278,0.0,0.79561603,1.0962181,0.0,1.0338109,0.8905934,1.0025892,0.80044985,1.1632196,0.90867895,0.7013468,0.9242541,0.0
CREG1,0.0,1.6155457,0.8081969,0.8735492,0.0,0.5944774,0.39810312,0.6226676,1.5411718,0.0,0.0,0.8423759,1.4347595,0.0,0.0,0.0,0.0,0.0,0.0,0.0,0.0,0.0,0.4475987,0.0,0.0,0.0,0.0,0.59098816,0.0,0.0,0.0,0.0,0.0,0.0,0.0,0.0,0.0,0.0,0.0,0.0,0.0,0.0
RCSD1,1.1466931,0.0,0.6348407,0.7251271,0.7094893,0.0,0.63789797,0.0,0.0,0.6096368,0.6301467,0.0,0.5578004,0.0,0.77814996,0.0,0.0,0.0,1.0435399,0.0,0.0,1.4041826,0.5958539,0.0,0.19805485,2.8184218,2.8284075,0.19579916,0.6842226,0.0,0.0,0.0,0.0,0.0,0.0,0.0,0.0,0.5494378,0.0,0.85760033,0.0,0.65627944
MPC2,0.0,0.0,0.0,0.0,0.7786279,0.52941227,0.5384762,1.664238,0.0,0.0,0.48630244,0.0,0.0,0.0,0.0,0.0,0.0,0.3787491,0.0,0.0,0.0,0.0,0.0,0.0,0.6129047,0.0,0.0,0.4106204,0.0,0.0,0.0,0.0,0.0,0.0,0.0,0.0,0.0,0.0,0.0,0.0,0.0,0.0
DCAF6,0.0,0.0,0.0,0.0,0.0,0.0,0.0,0.2293312,0.0,0.0,0.0,0.0,0.0,0.0,0.0,0.0,0.0,0.0,0.0,0.0,0.0,0.0,0.0,0.0,0.0,0.0,0.0,0.0,0.0,0.0,0.0,0.0,0.0,0.0,0.0,0.0,0.0,0.0,0.0,0.0,0.0,0.0
TIPRL,0.0,0.0,0.0,0.0,0.4067097,0.0,0.3865379,0.25976202,0.0,0.0,0.0,0.0,0.0,0.0,0.0,0.0,0.0,0.0,0.0,0.0,0.0,0.0,0.0,0.0,0.29982746,0.0,0.0,0.17468622,0.0,0.0,0.0,0.0,0.0,0.0,0.0,0.0,0.0,0.0,0.0,0.0,0.0,0.0
SFT2D2,0.0,0.0,0.0,0.0,0.0,0.6884801,0.4023233,0.0,0.0,0.4977838,0.0,0.0,0.44090223,0.0,0.0,0.0,0.0,0.0,0.0,0.0,0.0,0.0,0.0,0.0,0.0,0.0,0.0,0.0,0.0,0.0,0.0,0.0,0.0,0.0,0.0,0.0,0.0,0.0,0.0,0.0,0.0,0.8757839
XCL2,0.0,0.0,0.0,0.0,0.8708024,0.0,0.0,0.0,0.0,0.0,0.0,0.0,0.0,0.0,0.0,0.0,0.0,0.0,0.0,0.0,1.7583917,0.0,0.0,0.0,0.0,0.0,0.0,0.0,0.0,0.0,0.0,0.0,0.0,1.2679685,0.0,0.0,0.0,0.0,0.0,0.0,0.0,0.0
XCL1,0.0,0.0,0.0,0.0,0.0,0.0,0.0,0.0,0.0,0.0,0.0,0.0,0.0,0.0,0.0,0.0,0.0,0.0,0.0,0.0,1.655377,0.0,0.0,0.0,0.0,0.0,0.0,0.0,0.0,0.0,0.0,0.0,0.0,0.0,0.0,0.0,0.0,0.0,0.0,0.0,0.0,0.0
ATP1B1,0.0,0.0,0.0,0.0,0.0,0.27226898,0.0,0.0,0.0,0.0,0.0,0.0,0.97920024,0.0,0.0,0.0,0.0,0.0,0.0,0.0,0.0,0.0,0.0,0.0,0.0,0.0,0.0,0.0,0.0,0.0,0.0,0.0,0.0,0.0,0.0,0.0,0.0,0.0,0.0,0.0,0.0,0.0
SELP,0.0,0.0,0.0,0.0,0.0,0.0,0.0,0.0,0.0,0.0,0.0,0.0,0.0,0.0,0.0,0.0,0.0,0.5850888,0.0,0.0,0.0,0.0,0.0,0.0,0.0,0.0,0.0,0.0,0.0,0.0,0.0,0.0,0.0,0.0,0.0,0.0,0.0,0.0,0.0,0.0,0.0,0.0
SELL,0.0,0.0,1.5041163,1.1803107,0.0,0.3139043,1.2369204,0.0,0.0,0.49282485,0.0,0.0,0.0,0.0,1.4796834,0.0,0.0,0.0,1.059967,0.0,0.0,1.2369204,0.0,0.0,0.0,0.0,0.0,0.0,0.0,0.0,0.86133045,0.0,0.0,0.0,1.4701306,1.6954048,1.412702,1.2531202,0.0,0.0,0.0,1.4359522
PRRC2C,1.316409,0.0,1.097048,1.2923596,1.4986947,0.836957,1.3913783,0.8615988,0.0,1.2613249,1.4925166,0.5221987,1.8290203,1.3365357,1.3681959,0.7811417,1.330307,0.0,1.2411017,1.4537722,1.4696795,1.3258771,1.043577,0.5912925,1.0442194,1.3943043,1.2039261,1.0952406,1.1705942,1.9995451,1.3592057,1.3797677,1.3507739,1.4714935,1.3514104,1.4162413,1.3078805,1.5156541,1.3955528,1.4170661,1.2524059,1.3241904
METTL13,0.0,0.0,0.0,0.0,0.0,0.0,0.0,0.334157,0.0,0.0,0.0,0.0,0.0,0.0,0.0,0.0,0.0,0.0,0.0,0.0,0.0,0.0,0.0,0.0,0.0,0.0,0.0,0.0,0.0,0.0,0.0,0.0,0.0,0.0,0.0,0.0,0.0,0.0,0.0,0.0,0.0,0.0
PIGC,0.0,0.0,0.0,0.0,0.0,0.0,0.0,0.12609394,0.0,0.18083665,0.0,0.0,0.0,0.0,0.0,0.0,0.0,0.0,0.0,0.0,0.0,0.0,0.0,0.0,0.0,0.0,0.0,0.0,0.0,0.0,0.0,0.0,0.0,0.0,0.0,0.0,0.0,0.0,0.0,0.0,0.0,0.0
SUCO,0.0,0.0,0.0,0.0,0.0,0.0,0.0,0.0,0.0,0.44057786,0.0,0.0,0.0,0.0,0.0,0.0,0.0,0.0,0.0,0.0,0.0,0.0,0.0,0.0,0.1409382,0.0,0.0,0.0,0.0,0.0,0.0,0.0,0.0,0.0,0.0,0.0,0.0,0.0,0.0,0.0,0.0,0.0
PRDX6,0.6760944,0.0,0.520545,0.85859144,0.85069,0.66842306,0.85070276,1.3639547,0.0,1.2310431,0.61280143,0.7784047,1.1682736,0.0,0.0,0.0,1.2103875,1.7897686,0.0,0.0,0.0,0.0,0.6954961,0.32512885,1.0291238,0.0,0.0,1.2079116,0.5341084,0.0,0.74124134,0.0,0.0,0.0,0.9081929,0.6745734,0.9133905,0.8190001,0.0,0.0,0.0,1.0453467
GAS5,1.3783226,0.0,0.0,0.6550805,0.6137353,1.158951,1.3916582,1.5180347,0.0,1.492387,1.7317917,0.4963503,0.0,1.5886465,1.8615346,0.9035236,1.1847306,0.0,1.7558131,0.0,1.4919877,1.6325527,0.7422356,0.28807428,0.7533931,1.3843678,1.609758,1.7476392,1.3905091,0.0,1.9132894,1.233116,1.816487,1.2674187,2.2452836,2.4756145,2.1518447,1.706858,1.3218292,1.6225253,1.5780327,1.5409657
RC3H1,0.0,0.0,0.0,0.0,0.0,0.0,0.0,0.0,0.0,0.6774324,0.0,0.0,0.0,0.0,0.0,0.0,0.0,0.0,0.0,0.0,0.0,0.0,0.0,0.0,0.0,0.0,0.0,0.0,0.0,0.0,0.0,0.0,0.0,0.0,0.0,0.0,0.0,0.0,0.0,0.0,0.0,0.0
RABGAP1L,0.72478276,0.0,0.0,0.0,0.0,0.37521976,0.0,0.13972999,0.0,0.3960203,0.0,0.0,0.0,0.0,0.6868571,0.0,0.0,0.32842243,0.0,0.0,0.0,0.0,0.0,0.0,0.15884948,0.0,0.0,0.0,0.0,0.0,0.0,0.0,0.0,0.0,0.0,0.0,0.0,0.0,0.0,0.0,0.0,0.53808117
CACYBP,0.0,0.0,0.0,0.6215296,1.0211396,0.67467314,0.47691563,1.3356135,0.0,1.0070283,0.5784484,0.0,0.97920024,0.0,0.0,0.0,0.0,0.0,0.0,0.0,0.0,0.0,0.0,0.0,0.98977876,0.0,0.0,0.6912278,0.0,0.0,0.0,0.0,0.0,0.0,0.0,1.8235028,0.0,0.0,0.0,0.9821855,0.0,0.62012196
MRPS14,0.0,0.0,0.0,0.0,0.0,0.0,0.0,0.21744834,0.0,0.0,0.0,0.0,0.0,0.0,0.0,0.0,0.0,0.0,0.0,0.0,0.0,0.0,0.0,0.0,0.41081917,0.0,0.0,0.0,0.0,0.0,0.0,0.0,0.0,0.0,0.0,0.0,0.0,0.0,0.0,0.0,0.0,0.0
KIAA0040,0.0,0.0,0.0,0.0,0.0,0.0,0.0,0.0,0.0,0.0,0.0,0.0,0.0,0.0,0.0,0.0,0.0,0.0,0.0,0.0,0.0,0.0,0.0,0.0,0.2355887,0.0,0.0,0.0,0.0,0.0,0.0,0.0,0.0,0.0,0.0,0.0,0.0,0.0,0.0,0.0,0.0,0.0
RALGPS2,1.6233416,0.0,0.0,0.0,0.0,0.0,0.0,0.0,0.0,0.5553108,0.0,0.0,0.0,0.0,1.4796834,0.0,0.0,0.0,1.5115554,0.0,0.0,1.3415215,0.0,0.28842568,0.22458787,0.0,0.0,0.0,0.0,0.0,0.0,0.0,0.0,0.0,0.0,0.0,0.0,0.0,0.0,0.0,0.0,0.0
TOR3A,0.0,0.0,0.0,0.0,0.0,0.38395348,0.0,0.0,0.0,0.0,0.0,0.0,0.0,0.0,0.0,0.0,0.0,0.0,0.0,0.0,0.0,0.0,0.0,0.5448039,0.7090793,0.0,0.0,0.0,0.0,0.0,0.0,0.0,0.0,0.0,0.0,0.0,0.0,0.0,0.0,0.0,0.0,0.0
TOR1AIP2,0.0,0.0,0.0,0.0,0.0,0.0,0.0,0.0,0.0,0.18155362,0.0,0.0,0.0,0.0,0.0,0.0,0.0,0.0,0.0,0.0,0.0,0.0,0.0,0.0,0.14557157,0.0,0.0,0.0,0.0,0.0,0.0,0.0,0.0,0.0,0.0,0.0,0.0,0.0,0.0,0.0,0.0,0.0
TOR1AIP1,0.0,0.0,0.0,0.0,0.0,0.0,0.3479272,0.0,0.0,0.0,0.0,0.0,0.0,0.0,0.0,0.0,0.0,0.0,0.0,0.0,0.0,0.0,0.0,0.0,0.0,0.0,0.0,0.0,0.0,0.0,0.0,0.0,0.0,0.0,0.0,0.0,0.0,0.0,0.0,0.0,0.0,0.0
CEP350,0.0,0.0,0.0,0.7036606,0.69790685,0.0,0.57129836,0.0,0.0,0.41463724,0.0,0.0,0.0,0.0,0.6868571,0.0,0.0,0.0,0.0,0.0,0.0,0.0,0.0,0.14963485,0.29144773,0.0,0.0,0.3651699,0.0,0.0,0.0,0.0,0.0,0.0,0.0,0.0,0.0,0.0,0.0,0.0,0.0,0.0
QSOX1,0.0,0.0,0.0,0.54637545,0.0,0.0,0.0,0.0,0.0,0.0,0.0,0.0,0.0,0.0,0.0,0.0,0.0,0.0,0.0,0.0,0.0,0.0,0.0,0.0,0.0,0.0,0.0,0.0,0.0,0.0,0.0,0.0,0.0,0.0,0.0,0.0,0.0,0.0,0.0,0.0,0.0,0.0
ACBD6,0.0,0.0,0.0,0.0,0.0,0.0,0.0,0.36351648,0.0,0.44826725,0.0,0.0,0.0,0.0,0.0,0.0,0.0,0.0,0.0,0.0,0.0,0.0,0.0,0.0,0.2500447,0.0,0.0,0.07365909,0.0,0.0,0.0,0.0,0.0,0.0,0.0,0.0,0.0,0.0,0.0,0.0,0.0,0.0
IER5,0.0,0.0,0.0,0.0,0.7442745,0.8435441,0.40772784,0.12864082,0.0,0.95839614,0.6301467,0.5073828,1.3831153,1.081445,0.77814996,0.0,0.0,0.0,0.0,1.019778,1.0471916,0.0,1.1075585,0.0,0.13803001,0.0,0.0,0.0,0.0,0.0,0.65750605,0.0,0.0,0.0,0.0,0.0,0.0,0.0,0.0,1.1030318,0.0,0.0
GLUL,0.0,2.6478302,1.3757104,0.74781436,0.0,0.0,0.49645084,1.1765132,3.4317224,0.18155362,0.0,2.4702036,2.3604677,0.0,0.0,1.0340145,2.6839695,1.512388,0.0,0.0,0.0,0.0,1.57509,0.0,0.0,1.4292219,1.3518347,1.1351378,0.0,0.0,0.0,0.0,0.0,0.0,0.0,0.0,0.0,0.0,0.0,0.0,0.0,0.68001115
DHX9,0.0,0.0,0.0,0.62971175,0.55173165,0.0,0.43891594,0.63903224,0.0,0.79216564,0.0,0.0,0.0,0.0,0.0,0.0,0.0,0.0,0.0,0.0,0.0,0.0,0.0,0.0,0.41196918,0.0,0.0,0.5483339,0.0,0.0,0.0,0.0,0.0,0.0,0.0,0.0,0.0,0.0,0.0,0.0,0.0,0.53594774
SMG7,0.0,0.0,0.0,0.0,0.0,0.0,0.0,0.0,0.0,0.18155362,0.0,0.0,0.0,0.0,0.0,0.0,0.0,0.0,0.0,0.0,0.0,0.0,0.0,0.0,0.11483783,0.0,0.0,0.0,0.0,0.0,0.0,0.0,0.0,0.0,0.0,0.0,0.0,0.0,0.0,0.0,0.0,0.0
NCF2,0.0,0.0,1.5619799,1.0972029,0.0,0.0,1.1411542,0.0,0.0,0.0,0.0,0.64906085,1.1757209,0.0,0.0,0.0,0.0,0.0,0.0,0.0,0.0,0.0,1.2617943,0.0,0.0,0.0,0.0,0.0,0.0,0.0,0.0,0.0,0.0,0.0,0.0,0.0,0.0,0.0,0.0,0.0,0.0,0.0
ARPC5,0.89837277,1.3726877,1.8981833,1.8535779,1.7008532,1.0828639,1.6226885,0.24969327,1.7080402,1.4796901,0.77548546,1.5324111,1.5203841,0.0,0.7355936,1.0590374,0.83020854,2.1029873,0.0,1.1910968,0.9234757,0.0,1.7892342,0.0,0.8390535,0.0,0.0,0.9784412,0.0,0.0,0.8406488,1.0524992,0.70165443,0.0,0.8755796,0.0,0.7832142,0.90244776,0.0,0.0,0.0,1.2925215
RGL1,0.0,0.0,0.0,0.0,0.0,0.0,0.0,0.0,0.0,0.0,0.0,0.0,0.5578004,0.0,0.0,0.0,0.0,0.0,0.0,0.0,0.0,0.0,0.0,0.0,0.0,0.0,0.0,0.0,0.0,0.0,0.0,0.0,0.0,0.0,0.0,0.0,0.0,0.0,0.0,0.0,0.0,0.0
TSEN15,0.0,0.0,0.0,0.0,0.0,0.0,0.0,0.16354091,0.0,0.0,0.0,0.0,0.0,0.0,0.0,0.0,0.0,0.0,0.0,0.0,0.0,0.0,0.0,0.0,0.28064317,0.0,0.0,0.0,0.0,0.0,0.0,0.0,0.0,0.0,0.0,0.0,0.0,0.0,0.0,0.0,0.0,0.0
C1orf21,0.0,0.0,0.0,0.0,0.74997365,0.65338784,0.0,0.0,0.0,0.0,0.0,0.0,0.0,0.0,0.0,0.0,0.0,0.0,0.0,1.0056022,0.0,0.0,0.0,0.0,0.0,0.0,0.0,0.0,0.0,0.0,0.0,0.0,0.0,0.0,0.0,0.0,0.0,0.0,0.0,0.0,0.0,0.0
EDEM3,0.0,0.0,0.0,0.0,0.0,0.0,0.0,0.0,0.0,0.0,0.0,0.0,0.44090223,0.0,0.0,0.0,0.0,0.0,0.0,0.0,0.0,0.0,0.0,0.0,0.0,0.0,0.0,0.0,0.0,0.0,0.0,0.0,0.0,0.0,0.0,0.0,0.0,0.0,0.0,0.0,0.0,0.0
NIBAN1,0.0,0.0,0.0,0.6357769,0.0,0.5035982,0.6651936,0.0,0.0,0.0,0.0,0.0,0.0,0.0,0.0,0.0,0.0,0.0,0.0,0.0,0.0,0.0,0.0,0.0,0.0,0.0,0.0,0.0,0.0,0.0,0.0,0.0,0.0,0.0,0.0,0.0,0.0,0.0,0.0,0.0,0.0,0.0
RNF2,0.0,0.0,0.0,0.0,0.0,0.0,0.0,0.12816697,0.0,0.0,0.0,0.0,0.0,0.0,0.0,0.0,0.0,0.0,0.0,0.0,0.0,0.0,0.0,0.0,0.0,0.0,0.0,0.0,0.0,0.0,0.0,0.0,0.0,0.0,0.0,0.0,0.0,0.0,0.0,0.0,0.0,0.0
IVNS1ABP,0.0,0.0,0.6535437,0.39074546,0.7225676,0.0,0.4089112,0.187809,0.0,0.18083665,0.0,0.5367148,1.4048783,0.0,0.0,0.0,0.0,0.0,0.0,0.0,0.0,0.0,0.0,0.0,0.0,0.0,0.0,0.0,0.0,0.0,0.0,0.0,0.0,0.0,0.0,0.0,0.0,0.0,0.0,0.0,0.0,0.0
TPR,0.78906876,0.0,0.0,0.82816994,1.2146616,0.37913528,0.6865629,0.79496056,0.0,1.1862342,0.0,0.0,0.0,0.0,0.0,0.0,0.0,0.0,0.0,0.0,0.9357754,0.0,0.5359693,0.0,0.62534213,0.0,0.0,0.75817,1.0257465,0.0,0.6975764,0.0,0.7257168,0.0,0.899669,0.0,0.0,1.0234752,0.0,0.0,0.0,0.79963994
RGS18,0.0,0.0,0.0,0.0,0.0,0.0,0.4883857,0.0,0.0,0.0,0.0,0.0,0.44090223,0.0,0.0,0.0,0.0,2.21815,0.0,0.0,0.0,0.0,0.0,0.0,0.0,0.0,0.0,0.0,0.0,0.0,0.0,0.0,0.0,0.0,0.0,0.0,0.0,0.0,0.0,0.0,0.0,0.0
RGS1,0.0,0.0,0.0,0.0,0.0,0.940539,0.47833383,0.0,0.0,0.0,0.0,0.0,0.0,0.0,0.0,0.0,0.0,0.0,0.0,0.0,0.0,0.0,0.0,0.3187062,0.1409382,0.0,0.0,0.0,0.0,0.0,0.0,0.0,0.0,1.6742506,0.0,0.0,0.0,1.5675876,1.4408408,1.0440166,1.0362092,0.8462708
RGS2,1.5687299,0.0,1.4345363,0.0,0.0,1.3649307,1.2401574,0.0,0.0,1.0093094,0.0,0.7063019,1.6924675,1.0801587,1.4930514,0.0,1.2450752,0.0,1.059655,0.0,0.0,0.0,1.319529,0.0,0.12207285,2.019135,0.0,0.0,0.9507563,0.0,0.0,0.0,0.0,1.0084285,0.0,1.0455697,0.0,0.0,0.0,0.9607607,0.0,1.3692064
UCHL5,0.0,0.0,0.0,0.0,0.0,0.0,0.0,0.4862542,0.0,0.0,0.0,0.0,0.0,0.0,0.0,0.0,0.0,0.0,0.0,0.0,0.0,0.0,0.0,0.0,0.319569,0.0,0.0,0.0,0.0,0.0,0.0,0.0,0.0,0.0,0.0,0.0,0.0,0.0,0.0,0.0,0.0,0.0
RO60,0.0,0.0,0.0,0.0,0.5029787,0.0,0.3358107,0.3936967,0.0,0.23875955,0.0,0.0,0.0,0.0,0.0,0.0,0.0,0.0,0.0,0.0,0.0,0.0,0.0,0.0,0.15884948,0.0,0.0,0.0,0.0,0.0,0.0,0.0,0.0,0.0,0.0,0.0,0.0,0.0,0.0,0.0,0.0,0.0
GLRX2,0.0,0.0,0.0,0.0,0.0,0.0,0.0,0.1482855,0.0,0.0,0.0,0.0,0.0,0.0,0.0,0.0,0.0,0.0,0.0,0.0,0.0,0.0,0.0,0.0,0.13153149,0.0,0.0,0.0,0.0,0.0,0.0,0.0,0.0,0.0,0.0,0.0,0.0,0.0,0.0,0.0,0.0,0.0
CDC73,0.0,0.0,0.0,0.0,0.0,0.0,0.38319385,0.0,0.0,0.0,0.0,0.0,0.0,0.0,0.0,0.0,0.0,0.0,0.0,0.0,0.0,0.0,0.0,0.0,0.1802879,0.0,0.0,0.0,0.0,0.0,0.0,0.0,0.0,0.0,0.0,0.0,0.0,0.0,0.0,0.0,0.0,0.0
ASPM,0.0,0.0,0.0,0.0,1.1730683,0.0,0.0,0.0,0.0,0.25902426,0.0,0.0,0.0,0.0,0.0,0.0,0.0,0.0,0.0,0.0,0.0,0.0,0.0,0.0,0.3117829,0.0,0.0,0.0,0.0,0.0,0.0,0.0,0.0,0.0,0.0,0.0,0.0,0.0,0.0,0.0,0.0,0.0
DENND1B,0.0,0.0,0.0,0.0,0.0,0.6542072,0.0,0.0,0.0,0.0,0.0,0.0,0.0,0.0,0.0,0.0,0.0,0.0,0.0,0.0,0.0,0.0,0.0,0.0,0.14598884,0.0,0.0,0.0,0.0,0.0,0.0,0.0,0.0,0.0,0.0,0.0,0.0,0.0,0.0,0.0,0.0,0.0
PTPRC,1.9367944,1.5693587,2.1364806,1.60402,2.2924423,1.510134,1.9441123,0.0,0.0,1.1862342,1.5770416,1.4475837,1.7895869,2.337636,2.1860147,1.6950796,0.8915274,0.0,1.6409205,2.533637,2.2741508,1.7167144,2.2719903,0.0,0.528515,1.2336802,0.0,0.7427037,1.9739851,2.836986,2.0723212,2.8302817,2.1326015,2.822628,1.8699113,2.042035,2.014037,2.2956173,2.7920198,2.289337,2.120029,1.2181716
ENSG00000229989,0.0,0.0,0.0,0.0,0.0,0.57750386,0.56046355,0.0,0.0,0.0,0.0,0.0,0.5578004,0.0,0.0,0.0,0.0,0.0,0.0,0.0,0.0,0.0,0.0,0.0,0.0,0.0,0.0,0.0,0.0,0.0,0.0,0.0,0.0,0.0,0.0,0.0,0.0,0.0,0.0,0.0,0.0,0.6533436
KIF21B,0.0,0.0,0.0,0.0,0.0,0.0,0.0,0.0,0.0,0.18155362,0.0,0.0,0.0,0.0,0.0,0.0,0.0,0.0,0.0,0.0,0.0,0.0,0.0,0.0,0.0,0.0,0.0,0.0,0.0,0.0,0.0,0.0,0.0,0.0,0.0,0.0,0.0,0.0,0.0,0.0,0.0,0.0
CSRP1,0.0,0.0,0.0,0.0,0.0,0.8683862,0.38319385,0.3897825,0.0,0.0,0.0,0.0,0.0,0.0,0.0,0.0,0.0,0.8081504,0.0,0.0,0.0,0.0,0.0,0.0,0.3289506,0.0,0.0,0.0,0.0,0.0,0.0,0.0,0.0,0.0,0.0,0.0,0.0,0.0,0.0,0.0,0.0,0.0
NAV1,0.0,0.0,0.0,0.0,0.0,0.3139043,0.0,0.0,0.0,0.0,0.0,0.0,0.0,0.0,0.0,0.0,0.0,0.0,0.0,0.0,0.0,0.0,0.0,0.0,0.0,0.0,0.0,0.0,0.0,0.0,0.0,0.0,0.0,0.0,0.0,0.0,0.0,0.0,0.0,0.0,0.0,0.0
TIMM17A,0.0,0.0,0.0,0.0,0.0,0.28951037,0.42475292,0.49753502,0.0,0.47256014,0.0,0.0,0.5578004,0.0,0.0,0.0,0.0,0.0,0.0,0.0,0.0,0.0,0.0,0.12958227,0.54461384,0.0,0.0,0.19320682,0.0,0.0,0.0,0.0,0.0,0.0,0.0,0.0,0.0,0.0,0.0,0.0,0.0,0.0
RNPEP,0.0,0.0,0.0,0.516135,0.0,0.34115425,0.42269358,0.0,0.0,0.0,0.0,0.0,0.0,0.0,0.0,0.0,0.0,0.0,0.0,0.0,0.0,0.0,0.44518313,0.0,0.18442562,0.0,0.0,0.0,0.0,0.0,0.0,0.0,0.0,0.0,0.0,0.0,0.0,0.0,0.0,0.0,0.0,0.0
ARL8A,0.0,0.0,0.0,0.25885627,0.0,0.0,0.3479272,0.0,0.0,0.0,0.0,0.0,0.0,0.0,0.0,0.0,0.0,0.0,0.0,0.0,0.0,0.0,0.0,0.0,0.0,0.0,0.0,0.0,0.0,0.0,0.0,0.0,0.0,0.0,0.0,0.0,0.0,0.0,0.0,0.0,0.0,0.0
PTPN7,0.0,0.0,0.0,0.0,1.1887642,0.0,0.0,0.29690823,0.0,0.0,0.0,0.0,0.0,0.0,0.0,0.0,0.39928973,0.0,0.0,1.0727,1.0008469,0.0,0.0,0.0,0.20615016,0.0,0.0,0.44799376,0.0,0.0,0.0,0.88587725,0.0,1.0532888,0.0,0.0,0.0,0.0,0.0,0.0,0.0,0.0
UBE2T,0.0,0.0,0.0,0.0,0.68890405,0.0,0.0,0.6384737,0.0,0.18083665,0.0,0.0,0.0,0.0,0.0,0.0,0.0,0.0,0.0,0.0,0.0,0.0,0.0,0.0,0.35495833,0.0,0.0,0.0,0.0,0.0,0.0,0.0,0.0,0.0,0.0,0.0,0.0,0.0,0.0,0.0,0.0,0.0
KDM5B,0.0,0.0,0.0,0.0,0.0,0.0,0.0,0.0,0.0,0.0,0.0,0.0,0.0,0.0,0.0,0.0,0.0,0.0,0.0,0.0,0.0,0.0,0.0,0.0,0.0,0.0,0.0,0.23296636,0.0,0.0,0.0,0.0,0.0,0.0,0.0,0.0,0.0,0.0,0.0,0.0,0.0,0.0
ADIPOR1,0.0,0.0,0.0,0.0,0.0,0.4224942,0.41658252,0.48149386,0.0,0.18083665,0.0,0.8635058,0.0,0.0,0.0,0.0,0.0,0.4725344,0.0,0.0,0.0,0.0,0.5850974,0.2366023,0.34715858,0.0,0.0,0.0,0.0,0.0,0.0,0.0,0.0,0.0,0.0,0.0,0.0,0.0,0.0,0.0,0.0,0.0
TMEM183A,0.0,0.0,0.0,0.36113557,0.0,0.0,0.3869771,0.6943676,0.0,0.44826725,0.0,0.0,0.7257168,0.0,0.0,0.0,0.0,0.0,0.0,0.0,0.0,0.0,0.0,0.0,0.3683824,0.0,0.0,0.30384052,0.0,0.0,0.0,0.0,0.0,0.0,0.0,0.0,0.0,0.0,0.0,0.0,0.0,0.0
BTG2,1.2902399,0.0,0.0,0.0,1.2617307,1.7690018,0.7188798,0.0,0.0,1.1792629,1.8324765,0.0,0.44090223,1.9813608,0.8421502,0.7008349,0.44995368,0.0,1.1218058,1.5829339,1.665573,1.2576054,0.8306087,1.5618868,0.75043356,2.096069,1.8263296,0.0,1.2109742,1.5106838,1.8267668,1.1397787,2.2861552,1.642648,1.8426896,1.9999058,1.4423603,2.0194957,1.6259605,2.044748,1.9319832,1.4506394
LAX1,0.0,0.0,0.0,0.0,0.0,0.0,0.0,0.0,0.0,0.0,0.0,0.0,0.0,0.0,0.0,0.0,0.0,0.0,0.0,0.0,0.0,0.0,0.0,0.2007839,0.13101205,0.0,0.0,0.0,0.0,0.0,0.0,0.0,0.0,0.0,0.0,0.0,0.0,0.0,0.0,0.0,0.0,0.0
SNRPE,0.0,0.0,0.0,0.95862615,0.82608503,0.47506863,0.75615543,1.5043205,0.0,0.6028327,0.0,0.4963503,0.0,0.0,0.0,0.0,0.5794238,0.0,0.0,0.0,0.0,0.0,0.0,0.11111429,1.1360328,0.0,0.0,1.286694,0.0,0.0,0.0,0.0,0.0,0.0,0.0,0.0,0.0,0.0,0.0,0.0,0.0,0.8579866
PPP1R15B,0.0,0.0,0.0,0.0,0.0,0.0,0.35118595,0.0,0.0,0.18083665,0.59476876,0.0,0.0,0.0,0.0,0.0,0.0,0.0,0.0,0.0,0.0,0.0,0.0,0.0,0.0,0.0,0.0,0.0,0.0,0.0,0.0,0.0,0.0,0.0,0.0,0.0,0.0,0.0,0.0,0.0,0.0,0.0
MDM4,0.470424,0.0,0.5614326,0.44098204,0.63143724,0.0,0.5724241,0.0,0.0,0.18155362,0.0,0.0,0.0,0.0,0.6868571,0.0,0.59308225,0.0,0.0,0.0,0.0,0.0,0.0,0.0,0.27654222,1.1221257,1.4336234,0.33890146,0.0,0.0,0.0,0.0,0.0,0.0,0.0,0.0,0.0,0.0,0.0,0.0,0.0,0.94433093
SLC45A3,0.0,0.0,0.0,0.0,0.0,0.0,0.0,0.0,0.0,0.0,0.0,0.0,0.0,0.0,0.0,0.0,1.0222034,0.0,0.0,0.0,0.0,0.0,0.0,0.0,0.0,0.0,0.0,0.0,0.0,0.0,0.0,0.0,0.0,0.0,0.0,0.0,0.0,0.0,0.0,0.0,0.0,0.0
NUCKS1,0.89837277,0.0,0.0,1.6429989,2.0858946,0.9360883,0.9914379,1.3826455,0.0,1.572434,0.8185749,0.6602513,0.0,0.88646376,1.3681959,0.0,0.0,0.7437525,0.7777691,1.0525599,0.9592229,0.0,0.55158424,0.0,1.0517411,0.0,0.0,1.4994732,0.0,0.0,0.85499024,1.0905445,0.9395566,1.1091931,0.9147784,0.7299895,0.9284921,0.7695909,1.0828639,0.0,1.1326704,1.0165968
RAB29,0.0,0.0,0.0,0.0,0.6138135,0.34146005,0.3479272,0.0,0.0,0.0,0.0,0.0,0.0,0.0,0.0,0.0,0.0,0.0,0.0,0.0,0.0,0.0,0.0,0.0,0.0,0.0,0.0,0.0,0.0,0.0,0.0,0.0,0.0,0.0,0.0,0.0,0.0,0.0,0.0,0.0,0.0,0.0
RAB7B,0.0,0.0,0.0,0.0,0.0,0.7133947,0.0,0.0,0.0,0.0,0.0,0.0,0.0,0.0,0.0,0.0,0.0,0.0,0.0,0.0,0.0,0.0,0.0,0.0,0.0,0.0,0.0,0.0,0.0,0.0,0.0,0.0,0.0,0.0,0.0,0.0,0.0,0.0,0.0,0.0,0.0,0.0
RHEX,0.0,0.0,0.0,0.0,0.0,0.0,0.0,0.0,0.0,0.0,0.0,0.0,0.0,0.0,0.0,0.0,1.122653,0.0,0.0,0.0,0.0,0.0,0.0,0.0,0.0,0.0,0.0,0.0,0.0,0.0,0.0,0.0,0.0,0.0,0.0,0.0,0.0,0.0,0.0,0.0,0.0,0.0
SRGAP2,0.0,0.0,0.0,0.0,0.0,0.0,0.3259039,0.0,0.0,0.0,0.0,0.0,0.0,0.0,0.0,0.0,0.0,0.0,0.0,0.0,0.0,0.0,0.0,0.0,0.0,0.0,0.0,0.0,0.0,0.0,0.0,0.0,0.0,0.0,0.0,0.0,0.0,0.0,0.0,0.0,0.0,0.0
RASSF5,0.0,0.0,0.0,0.0,0.6094307,0.5035982,0.44801056,0.0,0.0,0.0,0.0,0.0,0.44090223,0.0,0.0,0.0,0.0,0.0,0.0,0.0,0.0,0.0,0.8137356,0.0,0.17338812,0.0,0.0,0.0,0.0,0.0,0.0,0.0,0.0,0.0,0.0,0.0,0.0,0.0,0.0,0.0,0.0,0.0
EIF2D,0.0,0.0,0.0,0.0,0.0,0.0,0.0,0.25465366,0.0,0.0,0.0,0.0,0.0,0.0,0.0,0.0,0.0,0.0,0.0,0.0,0.0,0.0,0.0,0.0,0.0,0.0,0.0,0.0,0.0,0.0,0.0,0.0,0.0,0.0,0.0,0.0,0.0,0.0,0.0,0.0,0.0,0.0
MAPKAPK2,0.0,0.0,0.0,0.7242619,0.0,0.0,0.39040408,0.0,0.0,0.41463724,0.0,0.5221987,0.0,0.0,0.0,0.0,0.0,0.0,0.0,0.0,0.0,0.0,0.0,0.15189148,0.37302485,0.0,0.0,0.13854304,0.0,0.0,0.0,0.0,0.0,0.0,0.0,0.0,0.0,0.0,0.0,0.0,0.0,1.8157189
FCMR,1.6802341,0.0,0.0,0.0,0.4849317,0.0,0.0,0.0,0.0,0.9041966,0.0,0.0,0.0,0.0,1.4796834,0.0,0.0,0.0,1.3768861,0.8754163,0.0,1.7465613,0.0,0.0,0.0,0.0,1.0024796,0.0,0.57797015,0.0,0.0,0.0,0.0,0.9123645,0.0,0.9474273,0.88378865,1.0930434,0.0,0.0,0.0,0.0
PFKFB2,0.0,0.0,0.0,0.0,0.0,0.0,0.0,0.0,0.0,0.0,0.0,0.0,0.0,0.0,0.0,0.0,0.0,0.0,0.0,0.0,0.0,0.0,0.0,0.0,0.0,0.0,0.0,0.0,0.0,0.0,0.0,0.0,0.0,0.0,0.0,0.0,0.0,0.0,0.0,0.0,0.0,0.5273494
CD55,0.78854465,0.0,1.5996587,1.0816468,0.5824684,0.3977822,0.98955816,0.0,0.0,0.23875955,0.48630244,1.2107468,0.0,0.0,1.2104161,0.0,0.0,0.0,0.97929543,0.0,0.0,1.4208658,1.3364842,0.19807847,0.19428341,1.1241069,0.0,0.22310764,0.0,0.0,0.7707124,0.0,0.0,0.0,0.86873424,1.1144369,1.0909383,0.0,0.0,0.0,1.0412813,0.7219151
CD46,0.0,0.0,0.4335553,0.31943023,0.3411291,0.37967432,0.42818734,0.17169154,0.0,0.0,0.3526248,0.3987304,0.0,0.0,0.0,0.0,0.0,0.0,0.0,0.0,0.0,0.0,0.5470687,0.0,0.14972688,0.0,0.0,0.20998693,0.0,0.0,0.0,0.0,0.0,0.0,0.0,0.0,0.0,0.0,0.0,0.0,0.0,0.0
G0S2,0.0,0.0,0.0,0.0,0.0,0.0,0.0,0.0,0.0,0.0,0.0,0.0,0.0,0.0,0.0,0.0,0.0,0.0,0.0,0.0,0.0,0.0,0.8069593,0.0,0.0,0.0,0.0,0.0,0.0,0.0,0.0,0.0,0.0,0.0,0.0,0.0,0.0,0.0,0.0,0.0,0.0,0.0
TRAF3IP3,0.0,0.0,0.0,0.0,0.71005356,0.0,0.48373562,0.0,0.0,0.0,0.94255817,0.0,0.0,0.0,0.0,0.0,0.0,0.0,0.0,1.1397786,0.97766453,0.0,0.33046967,0.0,0.33412886,0.0,0.0,0.0,0.0,0.0,0.8737457,1.0469475,0.90550804,0.0,0.9220593,0.9620731,0.8623574,1.138984,0.8978554,0.9571884,0.0,0.0
TRAF5,0.0,0.0,0.0,0.0,0.0,0.0,0.0,0.0,0.0,0.18083665,0.0,0.0,0.0,0.0,0.0,0.0,0.0,0.0,0.0,0.0,0.0,0.0,0.0,0.0,0.0,0.0,0.0,0.0,0.0,0.0,0.0,0.0,0.0,0.0,0.0,0.0,0.0,0.0,0.0,0.0,0.0,0.0
LPGAT1,0.0,0.0,0.0,0.26271167,0.0,0.41900888,0.40476632,0.0,0.0,0.0,0.0,0.0,0.0,0.0,0.0,0.0,0.0,0.0,0.0,0.0,0.0,0.0,0.0,0.0,0.0,0.0,0.0,0.0,0.0,0.0,0.0,0.0,0.0,0.0,0.0,0.0,0.0,0.0,0.0,0.0,0.0,0.48310354
DTL,0.0,0.0,0.0,0.0,0.0,0.0,0.0,0.0,0.0,0.18083665,0.0,0.0,0.0,0.0,0.0,0.0,0.0,0.0,0.0,0.0,0.0,0.0,0.0,0.0,0.14103276,0.0,0.0,0.0,0.0,0.0,0.0,0.0,0.0,0.0,0.0,0.0,0.0,0.0,0.0,0.0,0.0,0.0
PACC1,0.0,0.0,0.0,0.0,0.0,0.0,0.0,0.0,0.0,0.18083665,0.0,0.0,0.0,0.0,0.0,0.0,0.0,0.0,0.0,0.0,0.0,0.0,0.0,0.0,0.0,0.0,0.0,0.0,0.0,0.0,0.0,0.0,0.0,0.0,0.0,0.0,0.0,0.0,0.0,0.0,0.0,0.0
NENF,0.0,0.0,0.0,0.40610135,0.0,0.5944774,0.48867783,0.85193413,0.0,0.47256014,0.0,0.0,0.5578004,0.0,0.0,0.0,0.0,0.3386396,0.0,0.0,0.0,0.0,0.0,0.3995214,0.3951123,0.0,0.0,0.77091515,0.0,0.0,0.0,0.0,0.0,0.0,0.0,0.0,0.0,0.0,0.0,0.0,0.0,0.62685454
ATF3,0.0,0.0,0.0,0.0,0.0,0.70080924,0.37851083,0.0,0.0,0.0,0.0,0.84672683,2.1045504,0.0,0.0,0.0,0.0,0.0,0.0,0.0,0.0,0.0,0.633968,0.0,0.0,0.0,0.0,0.0,0.0,0.0,0.0,0.0,0.0,0.0,0.0,0.0,0.0,0.0,0.0,0.0,0.0,0.0
BATF3,0.0,0.0,0.0,0.0,0.0,1.088058,0.0,0.0,0.0,0.0,0.0,0.0,0.0,0.0,0.0,0.0,0.0,0.0,0.0,0.0,0.0,0.0,0.0,0.0,0.0,0.0,0.0,0.0,0.0,0.0,0.0,0.0,0.0,0.0,0.0,0.0,0.0,0.0,0.0,0.0,0.0,0.0
NSL1,0.0,0.0,0.0,0.0,0.0,0.0,0.0,0.16701494,0.0,0.18155362,0.0,0.0,0.0,0.0,0.0,0.0,0.0,0.0,0.0,0.0,0.0,0.0,0.0,0.0,0.14045735,0.0,0.0,0.0,0.0,0.0,0.0,0.0,0.0,0.0,0.0,0.0,0.0,0.0,0.0,0.0,0.0,0.0
CENPF,0.0,0.0,0.0,1.010732,1.628087,0.0,0.0,0.8815587,0.0,0.79216564,0.0,0.0,0.0,0.0,0.0,0.0,0.0,0.0,0.0,0.0,0.0,0.0,0.0,0.0,0.3220604,0.0,0.0,0.0,0.0,0.0,0.0,0.0,0.0,0.0,0.0,0.0,0.0,0.0,0.0,0.0,0.0,0.0
RRP15,0.0,0.0,0.0,0.0,0.0,0.0,0.0,0.31307203,0.0,0.0,0.0,0.0,0.0,0.0,0.0,0.0,0.0,0.0,0.0,0.0,0.0,0.0,0.0,0.0,0.113108404,0.0,0.0,0.0,0.0,0.0,0.0,0.0,0.0,0.0,0.0,0.0,0.0,0.0,0.0,0.0,0.0,0.0
EPRS1,0.0,0.0,0.0,0.0,0.0,0.37521976,0.4089112,0.78484213,0.0,0.44826725,0.0,0.0,0.0,0.0,0.0,0.0,0.0,0.0,0.0,0.0,0.0,0.0,0.0,0.3568207,0.9835573,0.0,0.0,0.57936156,0.0,0.0,0.0,0.0,0.0,0.0,0.0,0.0,0.0,0.0,0.0,0.0,0.0,0.0
IARS2,0.0,0.0,0.0,0.0,0.0,0.0,0.0,0.22423387,0.0,0.3953033,0.0,0.0,0.0,0.0,0.0,0.0,0.0,0.0,0.0,0.0,0.0,0.0,0.0,0.0,0.20739445,0.0,0.0,0.19062984,0.0,0.0,0.0,0.0,0.0,0.0,0.0,0.0,0.0,0.0,0.0,0.0,0.0,0.0
RAB3GAP2,0.0,0.0,0.0,0.0,0.0,0.0,0.0,0.0,0.0,0.18155362,0.0,0.0,0.0,0.0,0.0,0.0,0.0,0.0,0.0,0.0,0.0,0.0,0.0,0.0,0.0,0.0,0.0,0.0,0.0,0.0,0.0,0.0,0.0,0.0,0.0,0.0,0.0,0.0,0.0,0.0,0.0,0.0
HLX,0.0,0.0,0.0,0.38250574,0.0,0.0,0.0,0.0,0.0,0.0,0.0,0.0,0.0,0.0,0.0,0.0,0.0,0.0,0.0,0.0,0.0,0.0,0.0,0.0,0.0,0.0,0.0,0.0,0.0,0.0,0.0,0.0,0.0,0.0,0.0,0.0,0.0,0.0,0.0,0.0,0.0,0.0
MIA3,0.0,0.0,0.0,0.0,0.0,0.0,0.35118595,0.0,0.0,0.0,0.0,0.0,0.0,0.0,0.0,0.0,0.0,0.0,0.0,0.0,0.0,0.0,0.0,0.25083283,0.24788901,0.0,0.0,0.0,0.0,0.0,0.0,0.0,0.0,0.0,0.0,0.0,0.0,0.0,0.0,0.0,0.0,0.6055963
AIDA,0.0,0.0,0.0,0.0,0.0,0.34146005,0.0,0.21364279,0.0,0.0,0.0,0.0,0.7257168,0.0,0.0,0.0,0.0,0.0,0.0,0.0,0.0,0.0,0.0,0.0,0.0,0.0,0.0,0.0,0.0,0.0,0.0,0.0,0.0,0.0,0.0,0.0,0.0,0.0,0.0,0.0,0.0,0.0
BROX,0.0,0.0,0.0,0.0,0.0,0.0,0.3044914,0.0,0.0,0.0,0.0,0.0,0.0,0.0,0.0,0.0,0.0,0.0,0.0,0.0,0.0,0.0,0.0,0.0,0.0,0.0,0.0,0.0,0.0,0.0,0.0,0.0,0.0,0.0,0.0,0.0,0.0,0.0,0.0,0.0,0.0,0.0
CAPN2,0.0,0.0,0.6855351,0.7538251,0.6535872,0.34549886,0.7961055,0.0,0.0,0.0,0.0,0.5073828,0.0,0.0,0.0,0.0,0.0,0.0,0.0,0.0,0.0,0.0,0.0,0.0,0.42140996,0.0,0.0,0.0,0.0,0.0,0.0,0.0,0.0,0.0,0.0,0.0,0.0,0.0,0.0,0.0,0.0,0.0
TP53BP2,0.0,0.0,0.0,0.0,0.0,0.0,0.0,0.19918287,0.0,0.0,0.0,0.0,0.44090223,0.0,0.0,0.0,0.0,0.0,0.0,0.0,0.0,0.0,0.0,0.0,0.0,0.0,0.0,0.0,0.0,0.0,0.0,0.0,0.0,0.0,0.0,0.0,0.0,0.0,0.0,0.0,0.0,0.0
DEGS1,0.0,0.0,0.0,0.0,0.0,0.37093928,0.4023233,0.0,0.0,0.0,0.0,0.0,0.0,0.0,0.77814996,0.0,0.0,0.0,0.0,0.0,0.0,0.0,0.0,0.0,0.22705108,0.0,0.0,0.0,0.0,0.0,0.0,0.0,0.0,0.0,0.0,0.0,0.0,0.0,0.0,0.0,0.0,0.0
CNIH4,0.0,0.0,0.0,0.25150675,0.0,0.0,0.0,0.0,0.0,0.0,0.0,0.6449004,0.0,0.0,0.0,0.0,0.0,0.0,0.0,0.0,0.0,0.0,0.701053,0.0,0.0,0.0,0.0,0.0,0.0,0.0,0.0,0.0,0.0,0.0,0.0,0.0,0.0,0.0,0.0,0.0,0.0,0.0
WDR26,0.0,0.0,0.63373834,0.0,0.0,0.0,0.0,0.0,0.0,0.0,0.0,0.5367148,0.97920024,0.0,0.0,0.0,0.0,0.0,0.0,0.0,0.0,0.0,0.0,0.0,0.0,0.0,0.0,0.0,0.0,0.0,0.0,0.0,0.0,0.0,0.0,0.0,0.0,0.0,0.0,0.0,0.0,0.0
LBR,0.5121089,0.0,0.8210621,1.1376016,0.9730066,0.38905048,0.49489614,0.7402842,0.0,0.18083665,0.0,0.0,0.7257168,0.0,0.7355936,0.0,0.5192754,0.0,0.0,0.0,0.0,0.0,0.0,0.0,0.5686035,0.0,0.0,0.57706416,0.0,0.0,0.0,0.0,0.0,0.0,0.0,0.0,0.0,0.0,0.0,0.0,0.0,0.49805534
SRP9,0.7556761,0.0,0.0,0.89721036,1.1059023,0.7064579,0.7984955,1.2282264,0.0,0.9238641,0.0,0.7784047,0.5578004,0.0,0.0,0.0,0.0,1.1541044,0.0,0.0,0.0,0.0,0.6212908,0.18245165,0.8121026,0.0,1.0764471,0.93915075,0.0,0.0,0.65221786,0.0,0.0,0.0,0.0,0.0,0.0,0.78424835,0.0,0.0,0.0,0.78606856
PYCR2,0.0,0.0,0.0,0.0,0.47237256,0.0,0.0,0.5215579,0.0,0.0,0.0,0.0,0.0,0.0,0.0,0.0,0.0,1.1576474,0.0,0.0,0.0,0.0,0.0,0.0,0.23757933,0.0,0.0,0.0,0.0,0.0,0.0,0.0,0.0,0.0,0.0,0.0,0.0,0.0,0.0,0.0,0.0,0.0
H3-3A,2.315123,2.4670384,2.9419792,2.780435,2.9424279,2.7259984,3.0697186,2.7399518,2.100389,2.9593961,2.2845163,2.931665,1.661052,1.9314787,2.1860147,2.563105,2.614239,3.5928402,2.1906154,2.446044,2.4032176,2.317388,3.103997,1.3702434,2.7284636,2.7894804,2.83359,2.668731,2.1962829,0.0,1.915755,2.116435,1.931815,2.0604265,2.04387,1.6761024,1.9495189,2.1244497,2.0253742,1.7045845,1.7333943,2.8086312
ACBD3,0.0,0.0,0.0,0.0,0.0,0.0,0.30505306,0.0,0.0,0.0,0.0,0.0,0.7257168,0.0,0.0,0.0,0.0,0.0,0.0,0.0,0.0,0.0,0.0,0.22589214,0.61297196,0.0,0.0,0.0,0.0,0.0,0.0,0.0,0.0,0.0,0.0,0.0,0.0,0.0,0.0,0.0,0.0,0.0
PARP1,0.9881799,0.0,0.0,0.0,0.84422475,0.65338784,0.53160185,1.0458089,0.0,1.5112878,0.0,0.0,0.0,0.0,0.77814996,0.0,0.0,0.0,0.91308594,0.0,0.0,0.0,0.0,0.39249146,1.3110392,0.0,1.3830035,0.9479023,0.0,0.0,0.0,0.0,0.0,0.0,0.0,0.0,0.0,0.0,0.0,0.0,0.0,0.6213206
COQ8A,0.0,0.0,0.0,0.0,0.0,0.0,0.0,0.18431313,0.0,0.0,0.0,0.0,0.0,0.0,0.0,0.0,0.0,0.0,0.0,0.0,0.0,0.0,0.0,0.0,0.0,0.0,0.0,0.0,0.0,0.0,0.0,0.0,0.0,0.0,0.0,0.0,0.0,0.0,0.0,0.0,0.0,0.0
CDC42BPA,0.0,0.0,0.0,0.0,0.0,0.0,0.0,0.2796203,0.0,0.0,0.0,0.0,0.0,0.0,0.0,0.0,0.0,0.0,0.0,0.0,0.0,0.0,0.0,0.0,0.0,0.0,0.0,0.0,0.0,0.0,0.0,0.0,0.0,0.0,0.0,0.0,0.0,0.0,0.0,0.0,0.0,0.0
ARF1,0.90175134,1.085649,1.2822003,1.2842276,1.3293061,1.0831481,1.2360967,1.1862553,1.2427522,1.0799974,1.206956,1.5155156,1.4347595,1.1378303,0.77814996,0.81871665,1.224373,1.8492658,0.9595171,1.2766601,1.260133,1.1195769,1.2507429,0.8127819,1.363236,1.4649982,1.409537,1.0457592,0.98888993,0.0,1.0540189,1.114116,1.0123014,1.1423883,0.96946263,0.89361966,0.8909324,1.1689996,1.1038394,0.9960812,1.2398783,1.5799233
C1orf35,0.0,0.0,0.0,0.0,0.36804664,0.0,0.0,0.27083328,0.0,0.0,0.0,0.0,0.0,0.0,0.0,0.0,0.0,0.0,0.0,0.0,0.0,0.0,0.0,0.0,0.0,0.0,0.0,0.0,0.0,0.0,0.0,0.0,0.0,0.0,0.0,0.0,0.0,0.0,0.0,0.0,0.0,0.0
MRPL55,0.0,0.0,0.0,0.0,0.0,0.40020192,0.42581785,0.5660991,0.0,0.18083665,0.0,0.0,0.0,0.0,0.0,0.0,0.0,0.0,0.0,0.0,0.0,0.0,0.0,0.19715774,0.6020657,0.0,0.0,0.20145854,0.0,0.0,0.0,0.0,0.0,0.0,0.0,0.0,0.0,0.0,0.0,0.0,0.0,0.0
GUK1,0.90114295,0.9897175,0.954307,0.99809164,1.4546523,0.9692087,1.0492027,0.90951073,1.6206851,0.75150824,0.6301467,1.1278445,1.3831153,1.2426767,0.7355936,1.0363266,0.7688414,1.1231539,0.8458529,1.3580245,1.2945518,0.0,1.2948644,0.96580374,1.3110392,0.0,1.409537,0.69661045,1.0643617,0.0,1.0266843,1.3322078,0.9500316,1.5987263,0.893057,0.78100497,0.97236705,1.0263394,1.4640336,1.2198367,1.3714793,1.2993486
RNF187,0.0,0.0,0.0,0.0,0.48720926,0.0,0.37619096,0.7859721,0.0,0.49282485,0.0,0.0,0.44090223,0.0,0.0,0.0,0.0,0.0,0.0,0.0,0.0,0.0,0.0,0.0,0.1931466,0.0,0.0,0.24481854,0.0,0.0,0.0,0.0,0.0,0.0,0.0,0.0,0.0,0.0,0.0,0.0,0.0,0.0
RAB4A,0.0,0.0,0.0,0.0,0.0,0.3431283,0.40476632,0.33012676,0.0,0.36239028,0.0,0.0,0.0,0.0,0.0,0.0,0.0,0.53435826,0.0,0.0,0.0,0.0,0.0,0.0,0.0,0.0,0.0,0.0,0.0,0.0,0.0,0.0,0.0,0.0,0.0,0.0,0.0,0.0,0.0,0.0,0.0,0.0
ABCB10,0.0,0.0,0.0,0.0,0.0,0.0,0.0,0.36510786,0.0,0.0,0.0,0.0,0.0,0.0,0.0,0.0,0.0,0.0,0.0,0.0,0.0,0.0,0.0,0.0,0.0,0.0,0.0,0.0,0.0,0.0,0.0,0.0,0.0,0.0,0.0,0.0,0.0,0.0,0.0,0.0,0.0,0.0
GALNT2,0.0,0.0,0.0,0.0,0.0,0.0,0.0,0.0,0.0,0.0,0.0,0.0,0.0,0.0,0.0,0.0,0.0,0.0,0.0,0.0,0.0,0.0,0.0,0.0,0.17878182,0.0,0.0,0.0,0.0,0.0,0.0,0.0,0.0,0.0,0.0,0.0,0.0,0.0,0.0,0.0,0.0,0.0
ARV1,0.0,0.0,0.0,0.0,0.0,0.0,0.0,0.40277502,0.0,0.0,0.0,0.0,0.0,0.0,0.0,0.0,0.0,0.0,0.0,0.0,0.0,0.0,0.0,0.0,0.0,0.0,0.0,0.0,0.0,0.0,0.0,0.0,0.0,0.0,0.0,0.0,0.0,0.0,0.0,0.0,0.0,0.0
FAM89A,0.0,0.0,0.0,0.0,0.0,0.0,0.0,0.43122965,0.0,0.0,0.0,0.0,0.0,0.0,0.0,0.0,0.0,0.0,0.0,0.0,0.0,0.0,0.0,0.0,0.0,0.0,0.0,0.0,0.0,0.0,0.0,0.0,0.0,0.0,0.0,0.0,0.0,0.0,0.0,0.0,0.0,0.0
FSAF1,0.0,0.0,0.0,0.0,0.0,0.0,0.0,0.18107352,0.0,0.0,0.0,0.0,0.0,0.0,0.0,0.0,0.0,0.0,0.0,0.0,0.0,0.0,0.0,0.0,0.15106389,0.0,0.0,0.0,0.0,0.0,0.0,0.0,0.0,0.0,0.0,0.0,0.0,0.0,0.0,0.0,0.0,0.0
GNPAT,0.0,0.0,0.0,0.0,0.0,0.0,0.0,0.18440516,0.0,0.0,0.0,0.0,0.0,0.0,0.0,0.0,0.0,0.0,0.0,0.0,0.0,0.0,0.0,0.0,0.0,0.0,0.0,0.0,0.0,0.0,0.0,0.0,0.0,0.0,0.0,0.0,0.0,0.0,0.0,0.0,0.0,0.0
TSNAX,0.0,0.0,0.0,0.36844203,0.0,0.0,0.3689735,0.0,0.0,0.44057786,0.0,0.0,0.0,0.0,0.0,0.0,0.0,0.0,0.0,0.0,0.0,0.0,0.0,0.0,0.0,0.0,0.0,0.2447159,0.0,0.0,0.0,0.0,0.0,0.0,0.0,0.0,0.0,0.0,0.0,0.0,0.0,0.0
ENSG00000231663,0.0,0.0,0.0,0.0,0.0,0.0,0.0,0.0,0.0,0.21446666,0.0,0.0,0.0,0.0,0.0,0.0,0.0,0.0,0.0,0.0,0.0,0.0,0.0,0.0,0.0,0.0,0.0,0.0,0.0,0.0,0.0,0.0,0.0,0.0,0.0,0.0,0.0,0.0,0.0,0.0,0.0,0.0
COA6,0.0,0.0,0.0,0.0,0.0,0.0,0.32453808,0.35156015,0.0,0.18083665,0.0,0.0,0.0,0.0,0.0,0.0,0.0,0.0,0.0,0.0,0.0,0.0,0.0,0.0,0.24788901,0.0,0.0,0.0,0.0,0.0,0.0,0.0,0.0,0.0,0.0,0.0,0.0,0.0,0.0,0.0,0.0,0.0
IRF2BP2,0.510213,0.0,1.1604536,1.1850324,0.0,0.64742905,0.95283914,0.0,0.0,0.6028327,0.48630244,0.6602513,0.44090223,0.0,0.0,0.0,1.657617,0.0,0.0,0.0,0.0,0.0,0.5688796,0.0,0.09044729,0.0,0.0,0.75513047,0.0,0.0,0.90912116,0.0,0.9436592,0.0,0.9130331,0.0,0.80044985,0.7154714,0.0,0.0,0.0,1.568176
TOMM20,1.0454499,0.0,0.7192037,0.85101223,0.7543316,0.8968226,1.0089306,1.3150547,0.0,0.8787576,0.9013167,0.64906085,0.7257168,1.0425875,1.3148127,0.34380734,0.60266006,0.0,1.0619375,0.0,0.8625312,1.004559,0.7602554,0.39489627,0.84217846,0.0,1.1540726,1.1827347,0.19488612,0.0,1.2457538,1.0356815,1.1509604,1.0393887,1.3936707,1.1527367,1.204498,1.2026212,1.0800302,1.0334016,1.1338125,1.2868145
ARID4B,0.9578313,0.0,0.0,0.40517345,0.9626583,0.3977822,0.6915261,0.0,0.0,0.6770393,1.3675416,0.0,0.0,0.8926312,1.1810663,0.0,0.6487297,0.0,0.93258834,1.1298974,1.0692956,0.0,0.57565844,0.0,0.13803001,1.0639586,1.2402272,0.39978892,0.7063069,0.0,0.98807406,1.0235324,1.0998137,1.1301118,0.9578313,1.0157717,0.8968226,1.1961434,1.1074905,1.079645,0.9434675,0.77595985
LYST,0.0,0.0,1.0586684,1.2544396,0.6609163,0.0,0.41449797,0.0,0.0,0.0,0.0,0.0,0.0,0.0,0.0,0.0,0.0,0.0,0.0,0.7550181,0.9335227,0.0,0.8954295,0.0,0.0,0.0,0.0,0.15355258,0.0,0.0,0.0,0.0,0.0,1.11508,0.0,0.0,0.0,0.0,0.0,0.0,0.0,0.0
GPR137B,0.0,0.0,0.0,0.0,0.0,0.3139043,0.0,0.0,0.0,0.0,0.0,0.0,0.44090223,0.0,0.0,0.0,0.0,0.0,0.0,0.0,0.0,0.0,0.0,0.0,0.0,0.0,0.0,0.0,0.0,0.0,0.0,0.0,0.0,0.0,0.0,0.0,0.0,0.0,0.0,0.0,0.0,0.0
LGALS8,0.0,0.0,0.0,0.0,0.0,0.0,0.29905957,0.0,0.0,0.0,0.0,0.4254868,0.0,0.0,0.0,0.0,0.0,0.0,0.0,0.0,0.0,0.0,0.0,0.0,0.0,0.0,0.0,0.0,0.0,0.0,0.0,0.0,0.0,0.0,0.0,0.0,0.0,0.0,0.0,0.0,0.0,0.0
FH,0.0,0.0,0.0,0.0,0.0,0.0,0.0,0.44391942,0.0,0.3953033,0.0,0.0,0.0,0.0,0.0,0.0,0.0,0.0,0.0,0.0,0.0,0.0,0.0,0.0,0.49838933,0.0,0.0,0.0,0.0,0.0,0.0,0.0,0.0,0.0,0.0,0.0,0.0,0.0,0.0,0.0,0.0,0.0
OPN3,0.0,0.0,0.0,0.0,0.0,0.0,0.0,0.0,0.0,0.0,0.0,0.0,0.0,0.0,0.0,0.0,0.0,0.0,0.0,0.0,0.0,0.0,0.0,0.0,0.0,0.0,0.0,0.0,0.0,0.0,0.0,0.0,0.0,0.0,0.0,0.0,0.0,0.0,0.0,0.0,0.0,0.72102183
CEP170,0.0,0.0,0.0,0.0,0.0,0.0,0.45373747,0.0,0.0,0.3953033,0.0,0.0,0.0,0.0,0.0,0.0,0.0,0.0,0.0,0.0,0.0,0.0,0.0,0.0,0.0,0.0,0.0,0.21858653,0.0,0.0,0.0,0.0,0.0,0.0,0.0,0.0,0.0,0.0,0.0,0.0,0.0,0.0
SDCCAG8,0.0,0.0,0.0,0.0,0.0,0.0,0.0,0.0,0.0,0.18083665,0.0,0.0,0.0,0.0,0.0,0.0,0.0,0.0,0.0,0.0,0.0,0.0,0.0,0.0,0.0,0.0,0.0,0.0,0.0,0.0,0.0,0.0,0.0,0.0,0.0,0.0,0.0,0.0,0.0,0.0,0.0,0.0
ADSS2,0.0,0.0,0.0,0.0,0.5297115,0.0,0.3520353,0.20543616,0.0,0.0,0.0,0.0,0.0,0.0,0.0,0.0,0.0,0.0,0.0,0.0,0.0,0.0,0.0,0.0,0.0,0.0,0.0,0.061346095,0.0,0.0,0.0,0.0,0.0,0.0,0.0,0.0,0.0,0.0,0.0,0.0,0.0,0.0
DESI2,0.0,0.0,0.0,0.0,0.0,0.0,0.0,0.0,0.0,0.3953033,0.0,0.0,0.0,0.0,0.0,0.0,0.0,0.0,0.0,0.0,0.0,0.0,0.0,0.0,0.13803001,0.0,0.0,0.0,0.0,0.0,0.0,0.0,0.0,0.0,0.0,0.0,0.0,0.0,0.0,0.0,0.0,0.0
COX20,0.0,0.0,0.0,0.0,0.4398874,0.3431283,0.3358107,0.48149386,0.0,0.18155362,0.0,0.0,0.0,0.0,0.0,0.0,0.0,0.0,0.0,0.0,0.0,0.0,0.0,0.0,0.43977243,0.0,0.0,0.29898977,0.0,0.0,0.0,0.0,0.0,0.0,0.0,0.0,0.0,0.0,0.0,0.0,0.0,0.0
HNRNPU,1.252763,0.0,1.6458497,1.9596798,1.78401,1.2332883,1.7265224,1.7595813,0.0,1.653065,1.7317917,1.3961244,1.1757209,1.4267302,1.3148127,1.4218875,1.7748724,0.8280568,1.4199138,1.5660126,1.5699198,1.3995647,1.277686,0.5046105,1.5440484,1.6182361,1.5437008,1.9090762,1.3486067,1.8320358,1.3716989,1.4142916,1.5589346,1.6248956,1.3448693,1.8380833,1.3831153,1.5393146,1.567888,1.5989608,1.5562723,1.7410519
CNST,0.0,0.0,0.0,0.0,0.0,0.0,0.0,0.0,0.0,0.0,0.0,0.0,0.0,0.0,0.0,0.0,0.0,0.58891857,0.0,0.0,0.0,0.0,0.0,0.0,0.0,0.0,0.0,0.0,0.0,0.0,0.0,0.0,0.0,0.0,0.0,0.0,0.0,0.0,0.0,0.0,0.0,0.0
SCCPDH,0.0,0.0,0.0,0.0,0.0,0.0,0.0,0.6533569,0.0,0.3960203,0.0,0.0,0.0,0.0,0.0,0.0,0.0,0.0,0.0,0.0,0.0,0.0,0.0,0.0,0.0,0.0,0.0,0.51086605,0.0,0.0,0.0,0.0,0.0,0.0,0.0,0.0,0.0,0.0,0.0,0.0,0.0,0.0
AHCTF1,0.0,0.0,0.0,0.0,0.0,0.0,0.0,0.0,0.0,0.5449097,0.0,0.0,0.0,0.0,0.0,0.0,0.0,0.0,0.0,0.0,0.0,0.0,0.0,0.0,0.12638117,0.0,0.0,0.0,0.0,0.0,0.0,0.0,0.0,0.0,0.0,0.0,0.0,0.0,0.0,0.0,0.0,0.0
NLRP3,0.0,0.0,0.4494556,0.0,0.0,0.0,0.0,0.0,0.0,0.0,0.0,1.5155156,0.0,0.0,0.0,0.0,0.0,0.0,0.0,0.0,0.0,0.0,0.0,0.0,0.0,0.0,0.0,0.0,0.0,0.0,0.0,0.0,0.0,0.0,0.0,0.0,0.0,0.0,0.0,0.0,0.0,0.0
TRIM58,0.0,0.0,0.0,0.0,0.0,0.0,0.0,0.3936967,0.0,0.0,0.0,0.0,0.0,0.0,0.0,0.0,0.0,0.55827975,0.0,0.0,0.0,0.0,0.0,0.0,0.0,0.0,0.0,0.0,0.0,0.0,0.0,0.0,0.0,0.0,0.0,0.0,0.0,0.0,0.0,0.0,0.0,0.0
ACP1,0.0,0.0,0.0,0.0,0.8527663,0.47506863,0.44790858,0.82788175,0.0,0.62781835,0.0,0.0,0.0,0.0,0.0,0.0,0.0,0.87634766,0.0,0.0,0.0,0.0,0.0,0.3307935,0.86199594,0.0,0.0,0.53442353,0.0,0.0,0.0,0.0,0.0,0.0,0.0,0.0,0.0,0.0,0.0,0.0,0.0,0.0
TMEM18,0.0,0.0,0.0,0.0,0.26252794,0.0,0.0,0.18988355,0.0,0.4532262,0.0,0.0,0.0,0.0,0.0,0.0,0.0,0.0,0.0,0.0,0.0,0.0,0.0,0.0,0.24801257,0.0,0.0,0.0,0.0,0.0,0.0,0.0,0.0,0.0,0.0,0.0,0.0,0.0,0.0,0.0,0.0,0.0
ADI1,0.0,0.0,0.0,0.0,0.0,0.28412688,0.48373562,0.37387848,1.2213664,0.0,0.0,0.4254868,0.44090223,0.0,0.0,0.0,0.0,0.8014181,0.0,0.0,0.0,0.0,0.0,0.30662262,0.5799317,0.0,0.0,0.23159349,0.0,0.0,0.0,0.0,0.0,0.0,0.0,0.0,0.0,0.0,0.0,0.0,0.0,0.637352
RNASEH1,0.0,0.0,0.0,0.0,0.0,0.0,0.0,0.2852365,0.0,0.0,0.0,0.0,0.0,0.0,0.0,0.0,0.0,0.0,0.0,0.0,0.0,0.0,0.0,0.0,0.3823041,0.0,0.0,0.0,0.0,0.0,0.0,0.0,0.0,0.0,0.0,0.0,0.0,0.0,0.0,0.0,0.0,0.0
RPS7,3.4937665,2.8535218,2.7897863,2.964737,2.8650517,3.473518,3.3690543,3.5658948,2.6050937,3.198545,3.2654145,2.7971137,2.9791276,3.3685842,3.3585827,3.2335844,3.121756,2.5932877,3.4974554,3.0057335,3.3615134,3.475447,2.8785195,2.0870562,3.1757648,3.1641402,3.530381,3.5764413,3.0793543,1.5518593,3.603278,3.2059112,3.4544752,3.159921,3.686042,3.2442737,3.477511,3.4468493,3.2241974,3.3297462,3.3055654,3.4861016
ENSG00000235576,0.0,0.0,0.0,0.0,0.0,0.0,0.0,0.0,0.0,0.0,0.0,0.0,0.0,1.1074905,0.0,0.0,0.0,0.0,0.0,0.0,0.0,0.0,0.0,0.0,0.0,0.0,0.0,0.0,0.0,0.0,0.0,1.1523659,0.0,1.0093555,0.0,0.0,0.0,0.0,0.0,0.0,1.2559866,0.0
LINC00299,0.0,0.0,0.0,0.0,0.0,0.0,0.0,0.0,0.0,0.0,1.1449375,0.0,0.0,0.0,0.0,0.0,0.0,0.0,0.0,0.0,0.0,0.0,0.0,0.0,0.0,0.0,0.0,0.0,0.0,0.0,0.0,0.0,0.0,0.0,0.0,0.0,0.0,0.0,0.0,0.0,0.0,0.0
ID2,0.0,1.6155457,1.0014614,1.1781664,1.5899434,2.225044,1.0189002,0.0,0.0,0.0,2.1076543,0.72981226,1.141807,2.1890883,0.0,0.99042964,0.0,0.0,0.0,2.015398,1.9034276,0.0,1.1224246,0.0,0.0,0.0,0.0,0.0,0.0,0.0,0.89949596,2.0717654,0.0,2.1171165,0.0,0.0,0.9429887,0.0,1.9032655,2.139625,2.1379733,0.6346806
KIDINS220,0.0,0.0,0.0,0.0,0.0,0.0,0.0,0.0,0.0,0.0,0.0,0.0,0.44090223,0.0,0.0,0.0,0.0,0.0,0.0,0.0,0.0,0.0,0.0,0.0,0.0,0.0,0.0,0.0,0.0,0.0,0.0,0.0,0.0,0.0,0.0,0.0,0.0,0.0,0.0,0.0,0.0,0.0
MBOAT2,0.0,0.0,0.0,0.0,0.0,0.0,0.0,0.6769581,0.0,0.0,0.0,0.0,0.0,0.0,0.0,0.0,0.0,0.0,0.0,0.0,0.0,0.0,0.0,0.0,0.0,0.0,0.0,0.0,0.0,0.0,0.0,0.0,0.0,0.0,0.0,0.0,0.0,0.0,0.0,0.0,0.0,0.0
ITGB1BP1,0.0,0.0,0.0,0.0,0.74337584,0.3139043,0.4023233,0.36586088,0.0,0.0,0.0,0.0,0.0,0.0,0.0,0.0,0.0,0.0,0.0,0.0,0.0,0.0,0.0,0.0,0.3241825,0.0,0.0,0.0,0.0,0.0,0.0,0.0,0.0,0.0,0.0,0.0,0.0,0.0,0.0,0.0,0.0,0.0
CPSF3,0.0,0.0,0.0,0.0,0.0,0.0,0.0,0.27202302,0.0,0.41463724,0.0,0.0,0.0,0.0,0.0,0.0,0.0,0.0,0.0,0.0,0.0,0.0,0.0,0.0,0.17849067,0.0,0.0,0.0,0.0,0.0,0.0,0.0,0.0,0.0,0.0,0.0,0.0,0.0,0.0,0.0,0.0,0.0
IAH1,0.0,0.0,0.0,0.0,0.0,0.51061237,0.37619096,0.24555804,0.0,0.36239028,0.0,0.0,0.0,0.0,0.0,0.0,0.0,0.0,0.0,0.0,0.0,0.0,0.0,0.0,0.18132702,0.0,0.0,0.0,0.0,0.0,0.0,0.0,0.0,0.0,0.0,0.0,0.0,0.0,0.0,0.0,0.0,0.6259962
ADAM17,0.0,0.0,0.0,0.0,0.0,0.0,0.0,0.0,0.0,0.18083665,0.0,0.5073828,0.0,0.0,0.0,0.0,0.0,0.0,0.0,0.0,0.0,0.0,0.0,0.0,0.0,0.0,0.0,0.0,0.0,0.0,0.0,0.0,0.0,0.0,0.0,0.0,0.0,0.0,0.0,0.0,0.0,0.0
YWHAQ,0.58264226,0.0,0.0,0.9158257,1.4140551,0.64742905,0.7178564,1.3322078,0.0,0.6783769,1.105459,1.0209692,0.0,1.0528028,0.0,0.0,0.68618655,1.3545029,0.0,0.0,0.73309004,0.0,0.5602925,0.18200545,0.8719835,1.4961596,1.7635748,1.0274763,0.0,0.0,0.75222003,1.0535321,0.0,0.0,0.0,0.0,0.0,0.56626374,0.0,1.0031352,0.0,0.5708791
RRM2,0.0,0.0,0.0,0.50773835,1.3614213,0.0,0.0,0.7344917,0.0,1.3853219,0.0,0.0,0.0,0.0,0.0,0.0,0.0,0.0,0.0,0.0,0.0,0.0,0.0,0.0,1.2007624,0.0,0.0,0.0,0.0,0.0,0.0,0.0,0.0,0.0,0.0,0.0,0.0,0.0,0.0,0.0,0.0,0.0
HPCAL1,0.0,0.0,0.0,0.0,0.0,0.0,0.3404857,0.0,0.0,0.0,0.0,0.5367148,0.0,0.0,0.0,0.0,0.0,0.36439082,0.0,0.0,0.0,0.0,0.0,0.0,0.0,0.0,0.0,0.0,0.0,0.0,0.0,0.0,0.0,0.0,0.0,0.0,0.0,0.0,0.0,0.0,0.0,0.0
ODC1,1.1405746,0.0,0.0,0.0,0.0,0.37913528,0.0,1.2696838,0.0,1.0343833,0.0,0.0,0.0,0.0,0.8421502,0.0,0.0,1.1644877,1.0552737,0.0,0.0,0.0,0.0,0.4780309,1.0579314,0.0,0.0,0.4050504,0.0,0.0,0.0,0.0,0.0,0.0,0.0,0.6727957,0.0,0.0,0.0,0.0,0.0,0.784421
PDIA6,0.51613474,0.0,0.0,0.9844032,1.0965123,0.7958162,0.76818347,0.86387,0.0,0.6001893,0.0,0.4963503,1.3272191,0.0,0.0,0.0,0.45649424,0.0,0.0,0.0,0.0,0.0,0.5111965,1.5162088,2.0816321,0.0,0.0,1.2211962,0.0,0.0,0.0,0.0,0.0,0.0,0.0,0.0,0.0,0.0,0.0,0.0,0.0,1.1571693
SLC66A3,0.0,0.0,0.0,0.0,0.0,0.0,0.36171302,0.0,0.0,0.18083665,0.0,0.0,0.0,0.0,0.0,0.0,0.0,0.0,0.0,0.0,0.0,0.0,0.0,0.0,0.0,0.0,0.0,0.0,0.0,0.0,0.0,0.0,0.0,0.0,0.0,0.0,0.0,0.0,0.0,0.0,0.0,0.0
NBAS,0.0,0.0,0.0,0.0,0.0,0.0,0.0,0.15943319,0.0,0.0,0.0,0.0,0.0,0.0,0.0,0.0,0.0,0.0,0.0,0.0,0.0,0.0,0.0,0.0,0.0,0.0,0.0,0.0,0.0,0.0,0.0,0.0,0.0,0.0,0.0,0.0,0.0,0.0,0.0,0.0,0.0,0.0
DDX1,0.0,0.0,0.0,0.0,0.0,0.0,0.0,0.7359252,0.0,0.0,0.0,0.0,0.0,0.0,0.0,0.0,0.0,0.0,0.0,0.0,0.0,0.0,0.0,0.0,0.4336561,0.0,0.0,0.22612774,0.0,0.0,0.0,0.0,0.0,0.0,0.0,0.0,0.0,0.0,0.0,0.0,0.0,0.0
CYRIA,0.0,0.0,0.0,0.0,0.0,0.0,0.44801056,0.0,0.0,0.0,0.0,0.79289067,0.7257168,0.0,0.0,0.0,0.0,0.0,0.0,0.0,0.0,0.0,0.96008873,0.0,0.0,0.0,0.0,0.0,0.0,0.0,0.0,0.0,0.0,0.0,0.0,0.0,0.0,0.0,0.0,0.0,0.0,0.0
SMC6,0.565376,0.0,0.0,0.0,0.0,0.0,0.0,0.17784457,0.0,0.44826725,0.0,0.0,0.0,0.0,0.0,0.0,0.0,0.0,0.0,0.0,0.0,0.0,0.0,0.0,0.0,0.0,0.0,0.0,0.0,0.0,0.0,0.0,0.0,0.0,0.0,0.0,0.0,0.0,0.0,0.0,0.0,0.0
LAPTM4A,0.6535427,0.0,0.904719,0.6902909,0.21028236,0.67467314,1.06826,0.34509546,0.0,0.23380059,0.5784484,1.1413958,0.7458428,0.0,0.9916867,0.0,1.2188638,0.0,0.0,0.0,0.0,0.0,0.9082165,0.35134798,0.23654889,0.0,0.0,0.5755301,0.0,0.0,0.0,0.0,0.0,0.0,0.0,0.0,0.0,0.0,0.0,0.0,0.0,1.068166
SDC1,0.0,0.0,0.0,0.0,0.0,0.0,0.0,0.0,0.0,0.0,0.0,0.0,0.0,0.0,0.0,0.0,0.0,0.0,0.0,0.0,0.0,0.0,0.0,0.76587725,0.0,0.0,0.0,0.0,0.0,0.0,0.0,0.0,0.0,0.0,0.0,0.0,0.0,0.0,0.0,0.0,0.0,0.0
RHOB,1.3546724,1.5149615,0.54401636,0.0,0.0,0.0,0.49004585,0.0,0.0,0.5805218,0.3526248,0.0,2.2544127,0.0,0.77814996,0.0,0.0,0.0,0.86517775,0.0,0.0,0.0,1.5829339,0.700886,0.20240685,0.0,0.0,0.0,0.0,0.0,0.0,0.0,0.0,0.0,0.0,2.0749054,0.0,0.0,0.0,0.0,0.0,0.0
MFSD2B,0.0,0.0,0.0,0.0,0.0,0.0,0.0,0.25967383,0.0,0.0,0.0,0.0,0.0,0.0,0.0,0.0,0.0,0.0,0.0,0.0,0.0,0.0,0.0,0.0,0.0,0.0,0.0,0.0,0.0,0.0,0.0,0.0,0.0,0.0,0.0,0.0,0.0,0.0,0.0,0.0,0.0,0.0
FKBP1B,0.0,0.0,0.0,0.0,0.0,0.5034041,0.0,0.0,0.0,0.0,0.0,0.0,0.0,0.0,0.0,0.0,0.0,0.0,0.0,0.0,0.0,0.0,0.0,0.0,0.0,0.0,0.0,0.0,0.0,0.0,0.0,0.0,0.0,0.0,0.0,0.0,0.0,0.0,0.0,0.0,0.0,0.0
SF3B6,0.6262727,0.0,0.0,0.6824521,0.97114205,0.64742905,0.8496157,1.221479,0.0,0.7380967,0.72809076,0.4963503,0.0,0.0,0.0,0.0,0.79570293,0.76668644,0.0,0.0,0.0,0.0,0.59810305,0.27620402,0.9778749,0.0,1.1254485,0.9033506,0.26702702,0.0,0.74499905,0.0,0.0,0.0,0.82202554,0.0,0.0,0.86961895,0.0,0.0,0.0,0.8131943
ITSN2,1.2383103,0.0,0.0,0.0,0.42963788,0.77582276,0.4883857,0.0,0.0,0.62781835,0.0,0.0,0.7458428,0.0,1.3148127,0.0,0.0,0.0,0.8754184,0.0,0.0,0.0,0.61749744,0.0,0.22396155,1.2148914,0.0,0.0,0.0,0.0,0.0,0.0,0.0,0.0,0.0,0.0,0.0,0.0,0.0,0.0,0.0,0.0
PTRHD1,0.0,0.0,0.0,0.467742,0.0,0.8683862,0.7275926,0.48192912,0.0,0.4977838,0.0,0.0,0.0,0.0,0.0,0.0,0.0,0.0,0.0,0.0,0.0,0.0,0.0,0.0,0.30367142,0.0,0.0,0.44630307,0.0,0.0,0.0,0.0,0.0,0.0,0.0,0.0,0.0,0.0,0.0,0.0,0.0,0.6704699
CENPO,0.0,0.0,0.0,0.0,0.0,0.0,0.0,0.0,0.0,0.18083665,0.0,0.0,0.0,0.0,0.0,0.0,0.0,0.0,0.0,0.0,0.0,0.0,0.0,0.0,0.0,0.0,0.0,0.0,0.0,0.0,0.0,0.0,0.0,0.0,0.0,0.0,0.0,0.0,0.0,0.0,0.0,0.0
DTNB,0.0,0.0,0.0,0.0,0.0,0.0,0.0,0.0,0.0,0.18083665,0.0,0.0,0.0,0.0,0.0,0.0,0.0,0.0,0.0,0.0,0.0,0.0,0.0,0.0,0.0,0.0,0.0,0.0,0.0,0.0,0.0,0.0,0.0,0.0,0.0,0.0,0.0,0.0,0.0,0.0,0.0,0.0
RAB10,0.0,0.0,0.6479286,0.35418624,0.0,0.64742905,0.48666447,0.5487113,0.0,0.0,0.0,0.6602513,1.3831153,0.0,0.0,0.0,0.0,0.67194986,0.0,0.0,0.0,0.0,1.0510573,0.0,0.25929803,0.0,0.0,0.21344084,0.0,0.0,0.0,0.0,0.0,0.0,0.0,0.0,0.0,0.0,0.0,0.0,0.0,0.0
HADHA,0.58264226,0.0,0.90991855,0.92593086,0.79038227,0.96476376,1.0530457,1.0864218,0.0,0.9500345,0.77548546,0.7063019,0.5578004,0.0,0.0,0.0,0.0,0.0,0.0,0.0,0.0,0.0,0.9099855,0.0,0.6627927,0.0,0.99275464,0.9426309,0.0,0.0,0.0,0.0,0.0,0.0,0.0,0.0,0.0,0.0,0.0,0.0,0.0,0.78022504
HADHB,0.0,0.0,0.0,0.0,0.0,0.37521976,0.48373562,0.45360488,0.0,0.18083665,0.0,0.7063019,0.7257168,0.0,0.0,0.0,0.0,0.0,0.0,0.0,0.0,0.0,0.0,0.0,0.24788901,0.0,0.0,0.40017515,0.0,0.0,0.0,0.0,0.0,0.0,0.0,0.0,0.0,0.0,0.0,0.0,0.0,0.0
TMEM214,0.0,0.0,0.0,0.0,0.0,0.0,0.0,0.0,0.0,0.0,0.0,0.0,0.0,0.0,0.0,0.0,0.0,0.0,0.0,0.0,0.0,0.0,0.0,0.20557177,0.33298343,0.0,0.0,0.0,0.0,0.0,0.0,0.0,0.0,0.0,0.0,0.0,0.0,0.0,0.0,0.0,0.0,0.0
OST4,1.5056154,0.90542024,1.2609025,1.291028,1.3442924,1.5463847,1.3105247,1.6282431,2.3004243,1.6379626,1.1892662,1.5971258,1.5203841,1.5255713,1.4930514,1.2883723,1.2136846,2.4896832,1.3885682,1.3524721,1.374009,1.164128,1.3375541,1.3908383,1.888658,0.0,1.3518347,1.3619624,1.5202084,0.0,1.5826265,1.6839751,1.521642,1.6767787,1.4481437,1.4366716,1.5308007,1.5155156,1.6920607,1.5434114,1.5651891,1.6962811
PREB,0.0,0.0,0.0,0.0,0.0,0.0,0.0,0.16127299,0.0,0.0,0.0,0.0,0.0,0.0,0.0,0.0,0.0,0.0,0.0,0.0,0.0,0.0,0.0,0.26814458,0.5301881,0.0,0.0,0.0,0.0,0.0,0.0,0.0,0.0,0.0,0.0,0.0,0.0,0.0,0.0,0.0,0.0,0.0
ATRAID,0.0,0.0,0.0,0.107445866,0.6649874,0.4165121,0.528968,0.4195574,0.0,0.0,0.0,0.5073828,0.0,0.0,0.6868571,0.0,0.0,0.0,0.0,0.0,0.0,0.0,0.53097534,0.66345394,0.7441767,0.0,0.0,0.49391168,0.0,0.0,0.0,0.0,0.0,0.0,0.0,0.0,0.0,0.0,0.0,0.0,0.0,0.71360725
MPV17,0.0,0.0,0.0,0.0,0.0,0.0,0.0,0.19282532,0.0,0.0,0.0,0.0,0.44090223,0.0,0.0,0.0,0.0,0.0,0.0,0.0,0.0,0.0,0.0,0.0,0.15884948,0.0,0.0,0.0,0.0,0.0,0.0,0.0,0.0,0.0,0.0,0.0,0.0,0.0,0.0,0.0,0.0,0.0
SNX17,0.0,0.0,0.0,0.69909024,0.6706179,0.48604932,0.73392797,0.4426146,0.0,0.4977838,0.0,0.0,0.5578004,0.0,0.7355936,0.0,0.0,0.0,0.0,0.0,0.0,0.0,0.45411283,0.0,0.39136866,0.0,0.0,0.4371909,0.0,0.0,0.0,0.0,0.0,0.0,0.0,0.0,0.0,0.0,0.0,0.0,0.0,0.65806687
PPM1G,0.0,0.0,0.0,0.9640355,1.0881233,0.6542072,0.8242114,1.2055619,0.0,0.5471599,0.0,0.0,0.7257168,0.0,0.0,0.0,0.0,0.0,0.0,0.0,0.0,0.0,0.5380312,0.21273038,0.8893436,0.0,0.0,0.91059804,0.0,0.0,0.0,0.0,0.0,0.0,0.0,0.0,0.0,0.0,0.0,0.0,0.0,0.905905
NRBP1,0.0,0.0,0.0,0.0,0.40149736,0.0,0.38106546,0.29796433,0.0,0.41463724,0.0,0.3987304,0.0,0.0,0.0,0.0,0.0,0.0,0.0,0.0,0.0,0.0,0.0,0.0,0.3215746,0.0,0.0,0.0,0.0,0.0,0.0,0.0,0.0,0.0,0.0,0.0,0.0,0.0,0.0,0.0,0.0,0.0
GPN1,0.0,0.0,0.0,0.0,0.0,0.0,0.0,0.13451539,0.0,0.0,0.0,0.0,0.0,0.0,0.0,0.0,0.0,0.0,0.0,0.0,0.0,0.0,0.0,0.0,0.0,0.0,0.0,0.0,0.0,0.0,0.0,0.0,0.0,0.0,0.0,0.0,0.0,0.0,0.0,0.0,0.0,0.0
SLC4A1AP,0.0,0.0,0.0,0.0,0.0,0.0,0.0,0.0,0.0,0.0,0.0,0.0,0.0,0.0,0.0,0.0,0.0,0.0,0.0,0.0,0.0,0.0,0.0,0.0,0.17365827,0.0,0.0,0.0,0.0,0.0,0.0,0.0,0.0,0.0,0.0,0.0,0.0,0.0,0.0,0.0,0.0,0.0
MRPL33,0.0,0.0,0.49306595,1.0053098,0.49180448,0.48802102,0.6915261,0.4934838,0.0,0.49491298,0.392094,0.0,0.44090223,0.0,0.0,0.0,0.1692653,0.0,0.0,0.0,0.0,0.0,0.47458717,0.2008122,0.523927,0.0,0.0,0.6141387,0.0,0.0,0.0,0.0,0.0,0.0,0.0,0.0,0.0,0.0,0.0,0.0,0.0,0.0
FOSL2,0.0,0.0,0.7490319,0.49498057,0.0,0.3556153,0.3832682,0.0,0.0,0.0,0.0,1.0209692,0.0,0.0,0.0,0.0,0.58471215,0.0,0.0,0.0,0.0,0.0,0.80768025,0.0,0.0,0.0,0.0,0.0,0.0,0.0,0.0,0.0,0.0,0.0,0.0,0.0,0.0,0.0,0.0,0.0,0.0,0.0
PPP1CB,0.0,0.0,0.9355626,0.8555256,0.72294986,0.940539,1.0038465,0.2852365,0.0,0.5521189,0.0,0.3987304,1.4347595,0.77390856,0.0,0.49112624,0.0,0.0,0.0,0.0,0.0,0.0,0.89164734,0.0,0.41639483,0.0,0.0,0.6041978,0.0,0.0,0.8425265,0.0,0.875049,0.88088334,0.8423383,0.0,0.6986929,0.8510487,0.0,0.9864893,1.0495343,0.54626906
WDR43,0.0,0.0,0.0,0.0,0.0,0.0,0.0,0.56811404,0.0,0.0,0.0,0.0,0.0,0.0,0.0,0.0,0.0,0.0,0.0,0.0,0.0,0.0,0.0,0.0,0.39137512,0.0,0.0,0.4180358,0.0,0.0,0.0,0.0,0.0,0.0,0.0,0.0,0.0,0.0,0.0,0.0,0.0,0.0
YPEL5,1.4753764,0.0,1.0746971,0.7457285,0.8605038,0.97485316,0.98874485,0.0,0.0,0.4977838,1.2625812,0.5221987,0.7458428,1.4776349,1.0902166,0.74314415,0.0,0.18250467,1.5243062,1.2403146,1.4887191,1.7374341,0.9091286,0.43524104,0.1802879,1.7668076,1.7307138,0.29466873,1.5582643,0.0,1.0287588,1.021765,1.2545515,1.4017353,1.0358574,1.2760427,1.0423498,1.1644311,1.2522275,1.1937344,1.7767111,1.596668
LBH,1.1386954,0.0,0.0,0.0,0.6357836,0.0,0.0,0.0,0.0,0.18155362,0.0,0.0,0.0,1.034102,0.7355936,0.0,0.0,0.0,0.0,0.0,0.0,0.0,0.0,0.0,0.0,0.0,0.0,0.0,0.0,0.0,0.0,0.0,0.0,0.0,0.0,0.8926584,0.8495902,0.92023885,0.0,0.94203264,1.032353,0.0
EHD3,0.0,0.0,0.0,0.0,0.0,0.0,0.0,0.0,0.0,0.0,0.0,0.0,0.0,0.0,0.0,0.0,0.0,0.18350595,0.0,0.0,0.0,0.0,0.0,0.0,0.0,0.0,0.0,0.0,0.0,0.0,0.0,0.0,0.0,0.0,0.0,0.0,0.0,0.0,0.0,0.0,0.0,0.0
DPY30,0.0,0.0,0.0,0.0,0.0,0.0,0.0,0.40816656,0.0,0.3960203,0.0,0.0,0.0,0.0,0.0,0.0,0.0,0.0,0.0,0.0,0.0,0.0,0.0,0.0,0.20931143,0.0,0.0,0.0,0.0,0.0,0.0,0.0,0.0,0.0,0.0,0.0,0.0,0.0,0.0,0.0,0.0,0.0
YIPF4,0.0,0.0,0.0,0.0,0.0,0.0,0.3664031,0.13972999,0.0,0.36239028,0.0,0.0,0.0,0.0,0.0,0.0,0.0,0.0,0.0,0.0,0.0,0.0,0.0,0.0,0.18766053,0.0,0.0,0.0,0.0,0.0,0.0,0.0,0.0,0.0,0.0,0.0,0.0,0.0,0.0,0.0,0.0,0.0
BIRC6,0.6262727,0.0,0.0,0.27106005,0.4995436,0.38395348,0.41778326,0.0,0.0,0.25902426,0.67302287,0.0,0.0,0.0,0.6868571,0.0,0.0,0.0,0.0,0.0,0.0,0.0,0.0,0.0,0.24788901,0.0,0.0,0.0,0.0,0.0,0.0,0.0,0.0,0.0,0.0,0.0,0.0,0.0,0.0,0.0,0.0,0.5048497
LTBP1,0.0,0.0,0.0,0.0,0.0,0.0,0.0,0.0,0.0,0.0,0.0,0.0,0.0,0.0,0.0,0.0,0.0,0.53429425,0.0,0.0,0.0,0.0,0.0,0.0,0.0,0.0,0.0,0.0,0.0,0.0,0.0,0.0,0.0,0.0,0.0,0.0,0.0,0.0,0.0,0.0,0.0,0.0
RASGRP3,0.0,0.0,0.0,0.0,0.0,0.0,0.0,0.0,0.0,0.0,0.0,0.0,0.0,0.0,0.0,0.0,0.0,0.0,0.0,0.0,0.0,0.0,0.0,0.15529001,0.17849067,0.0,0.0,0.0,0.0,0.0,0.0,0.0,0.0,0.0,0.0,0.0,0.0,0.0,0.0,0.0,0.0,0.0
FAM98A,0.0,0.0,0.0,0.0,0.0,0.0,0.0,0.0,0.0,0.0,0.0,0.0,0.0,0.0,0.0,0.0,0.0,0.0,0.0,0.0,0.0,0.0,0.0,0.0,0.30059022,0.0,0.0,0.0,0.0,0.0,0.0,0.0,0.0,0.0,0.0,0.0,0.0,0.0,0.0,0.0,0.0,0.0
FEZ2,0.0,0.0,0.0,0.0,0.0,0.0,0.36318722,0.0,0.0,0.0,0.0,0.0,0.0,0.0,0.0,0.0,0.0,0.0,0.0,0.0,0.0,0.0,0.0,0.0,0.0,0.0,0.0,0.0,0.0,0.0,0.0,0.0,0.0,0.0,0.0,0.0,0.0,0.0,0.0,0.0,0.0,0.6239315
EIF2AK2,0.0,0.0,0.0,0.0,0.0,0.0,0.33419082,0.21723494,0.0,0.0,0.0,0.0,0.0,0.0,0.0,0.0,0.0,0.0,0.0,0.0,0.0,0.0,0.0,0.0,0.18095525,0.0,0.0,0.0,0.0,0.0,0.0,0.0,0.0,0.0,0.0,0.0,0.0,0.0,0.0,0.0,0.0,0.0
CEBPZOS,0.0,0.0,0.0,0.0,0.0,0.0,0.0,0.0,0.0,0.3953033,0.0,0.0,0.0,0.0,0.0,0.0,0.0,0.0,0.0,0.0,0.0,0.0,0.0,0.0,0.12207285,0.0,0.0,0.0,0.0,0.0,0.0,0.0,0.0,0.0,0.0,0.0,0.0,0.0,0.0,0.0,0.0,0.0
CEBPZ,0.0,0.0,0.0,0.0,0.4002191,0.3556153,0.3606974,0.5378798,0.0,0.21446666,0.48630244,0.0,0.0,0.0,0.0,0.0,0.0,0.0,0.0,0.0,0.0,0.0,0.0,0.0,0.3674378,0.0,0.0,0.3992709,0.0,0.0,0.0,0.0,0.0,0.0,0.0,0.0,0.0,0.0,0.0,0.0,0.0,0.0
PRKD3,0.53828317,0.0,0.0,0.0,0.0,0.3139043,0.0,0.0,0.0,0.0,0.0,0.0,0.0,0.0,0.7355936,0.0,0.0,0.0,0.0,0.0,0.0,0.0,0.0,0.0,0.0,0.0,0.0,0.0,0.0,0.0,0.0,0.0,0.0,0.0,0.0,0.0,0.0,0.0,0.0,0.0,0.0,0.0
CDC42EP3,0.0,0.0,0.7282293,0.59430134,0.0,0.0,0.0,0.0,0.0,0.0,0.0,0.8635058,0.0,0.0,0.0,0.0,0.0,0.0,0.0,0.0,0.0,0.0,0.5383135,0.0,0.0,0.0,0.0,0.0,0.0,0.0,0.0,0.0,0.0,0.0,0.0,0.0,0.0,0.0,0.0,0.0,0.0,0.0
HNRNPLL,0.0,0.0,0.0,0.0,0.0,0.28412688,0.0,0.0,0.0,0.0,0.0,0.0,0.0,0.0,0.0,0.0,0.0,0.0,0.0,0.0,0.0,0.0,0.0,0.0,0.0,0.0,0.0,0.0,0.0,0.0,0.0,0.0,0.0,0.0,0.0,0.0,0.0,0.0,0.0,0.0,0.0,0.0
SRSF7,1.5441352,0.0,0.5921398,1.185808,2.061513,1.5874956,1.1870065,1.5366455,0.0,1.4203211,1.9016483,0.6602513,0.0,2.3335464,1.8637866,1.5434114,1.2423753,0.0,1.8251655,2.017091,1.9268299,1.6813009,0.8856555,0.45582056,1.2627869,1.3892694,1.0910696,1.2705413,1.935828,2.3182132,1.9339209,2.0420222,2.2257435,2.334333,1.7157161,1.8774345,1.6583799,1.8948624,2.4978693,2.3336906,2.2847805,1.7276125
GEMIN6,0.0,0.0,0.0,0.0,0.0,0.0,0.0,0.1166251,0.0,0.0,0.0,0.0,0.0,0.0,0.0,0.0,0.0,0.0,0.0,0.0,0.0,0.0,0.0,0.0,0.0,0.0,0.0,0.0,0.0,0.0,0.0,0.0,0.0,0.0,0.0,0.0,0.0,0.0,0.0,0.0,0.0,0.0
SLC8A1,0.0,0.0,0.0,0.0,0.0,0.0,0.39008018,0.0,0.0,0.0,0.0,0.0,0.7458428,0.0,0.0,0.0,0.0,0.0,0.0,0.0,0.0,0.0,0.54051274,0.0,0.0,0.0,0.0,0.0,0.0,0.0,0.0,0.0,0.0,0.0,0.0,0.0,0.0,0.0,0.0,0.0,0.0,0.0
EML4,0.89837277,0.0,0.0,0.0,0.45889133,0.442071,0.0,0.0,0.0,0.42031318,0.9899831,0.0,1.4048783,1.2868143,1.3681959,0.0,0.0,0.0,0.90930057,0.0,0.9394697,0.0,0.15976906,0.0,0.20090127,0.0,0.0,0.0,0.0,1.5830876,0.93775594,0.7973566,0.918607,1.1113737,0.7939851,0.0,0.7551974,1.0726368,1.122085,1.1332412,1.2699907,0.0
COX7A2L,0.510213,0.0,0.67528856,0.7810334,0.7108295,0.8968226,0.8950211,0.9557576,0.0,0.47349092,1.1428969,0.6602513,0.0,0.0,0.0,0.0,0.0,0.0,0.0,0.0,0.0,0.0,0.6255661,0.2558854,0.6855706,0.0,1.1985635,0.79292387,0.0,0.0,0.84615666,0.0,0.84813684,0.0,0.9301619,0.0,0.82027864,0.87268984,0.0,0.0,0.0,1.0676773
ZFP36L2,1.3673235,1.5149615,1.4301066,1.4302276,2.187214,0.0,1.6763368,1.6035894,0.0,1.0369529,2.702852,1.5155432,2.2312644,3.5856426,2.2912343,1.9962397,2.7677426,0.0,2.0487607,2.4655943,2.7105782,2.3479142,1.2519617,0.9216946,0.7941987,2.2703338,3.1974454,1.8453166,2.6225262,2.6329195,3.1934254,2.9038963,3.3607082,3.232539,2.2247653,1.9926784,2.6741128,2.4735253,3.2576597,3.3874583,3.3962884,2.0612454
LRPPRC,0.0,0.0,0.0,0.0,0.0,0.0,0.0,0.67645067,0.0,0.0,0.0,0.0,0.0,0.0,0.0,0.0,0.0,0.0,0.0,0.0,0.0,0.0,0.0,0.0,0.19805485,0.0,0.0,0.51375544,0.0,0.0,0.0,0.0,0.0,0.0,0.0,0.0,0.0,0.0,0.0,0.0,0.0,0.0
PPM1B,0.0,0.0,0.0,0.0,0.0,0.0,0.3259039,0.0,0.0,0.4532262,0.0,0.0,0.0,0.0,0.0,0.0,0.0,0.0,0.0,0.0,0.0,0.0,0.0,0.0,0.0,0.0,0.0,0.0,0.0,0.0,0.0,0.0,0.0,0.0,0.0,0.0,0.0,0.0,0.0,0.0,0.0,0.0
EPAS1,0.0,0.0,0.0,0.0,0.0,0.0,0.0,0.0,0.0,0.0,0.0,0.0,0.5578004,0.0,0.0,0.0,0.0,0.0,0.0,0.0,0.0,0.0,0.0,0.0,0.0,0.0,0.0,0.0,0.0,0.0,0.0,0.0,0.0,0.0,0.0,0.0,0.0,0.0,0.0,0.0,0.0,0.0
RHOQ,0.0,0.0,0.0,0.0,0.0,0.0,0.39810312,0.0,0.0,0.0,0.0,0.5046885,0.44090223,0.0,0.0,0.0,0.0,0.0,0.0,0.0,0.0,0.0,0.61586154,0.0,0.31120902,0.0,0.0,0.0,0.0,0.0,0.0,0.0,0.0,0.0,0.0,0.0,0.0,0.0,0.0,0.0,0.0,0.0
CRIPT,0.0,0.0,0.0,0.0,0.0,0.0,0.0,0.17570476,0.0,0.0,0.0,0.0,0.0,0.0,0.0,0.0,0.0,0.0,0.0,0.0,0.0,0.0,0.0,0.0,0.21754807,0.0,0.0,0.0,0.0,0.0,0.0,0.0,0.0,0.0,0.0,0.0,0.0,0.0,0.0,0.0,0.0,0.0
MCFD2,0.0,0.0,0.0,0.0,0.0,0.0,0.0,0.19369827,0.0,0.0,0.0,0.0,0.0,0.0,0.0,0.0,0.0,0.0,0.0,0.0,0.0,0.0,0.0,0.0,0.08575259,0.0,0.0,0.0,0.0,0.0,0.0,0.0,0.0,0.0,0.0,0.0,0.0,0.0,0.0,0.0,0.0,0.0
TTC7A,0.0,0.0,0.0,0.0,0.0,0.0,0.0,0.0,0.0,0.18155362,0.0,0.0,0.0,0.0,0.0,0.0,0.0,0.0,0.0,0.0,0.0,0.0,0.0,0.0,0.116415784,1.3909665,1.0943637,0.0,0.0,0.0,0.0,0.0,0.0,0.0,0.0,0.0,0.0,0.0,0.0,0.0,0.0,0.0
CALM2,1.3092604,1.2629145,1.4638422,1.3869326,1.9266193,1.5776429,1.5008126,1.8338332,2.367914,1.164935,1.2572453,1.5155156,1.8454674,1.1787243,1.3148127,1.4269707,1.1296949,1.9466066,1.1775571,1.2683356,1.3358666,1.0154347,1.7567866,0.3651449,1.2012178,1.4382361,1.3541749,1.3024898,0.9406717,0.0,1.0773404,1.3903203,1.0831224,1.5662417,0.9614587,1.0069814,1.1358175,1.2588677,1.4348408,1.2221966,1.323445,1.7330592
EPCAM,0.0,0.0,0.0,0.0,0.0,0.0,0.0,0.6859332,0.0,0.0,0.0,0.0,0.0,0.0,0.0,0.0,0.0,0.0,0.0,0.0,0.0,0.0,0.0,0.0,0.0,0.0,0.0,0.0,0.0,0.0,0.0,0.0,0.0,0.0,0.0,0.0,0.0,0.0,0.0,0.0,0.0,0.0
MSH2,0.0,0.0,0.0,0.0,0.0,0.0,0.0,0.41530126,0.0,0.0,0.0,0.0,0.0,0.0,0.0,0.0,0.0,0.0,0.0,0.0,0.0,0.0,0.0,0.0,0.0,0.0,0.0,0.0,0.0,0.0,0.0,0.0,0.0,0.0,0.0,0.0,0.0,0.0,0.0,0.0,0.0,0.0
MSH6,0.0,0.0,0.0,0.0,0.0,0.0,0.0,0.33257174,0.0,0.18155362,0.0,0.0,0.0,0.0,0.0,0.0,0.0,0.0,0.0,0.0,0.0,0.0,0.0,0.0,0.1759403,0.0,0.0,0.20313361,0.0,0.0,0.0,0.0,0.0,0.0,0.0,0.0,0.0,0.0,0.0,0.0,0.0,0.0
FBXO11,0.0,0.0,0.0,0.0,0.0,0.0,0.33419082,0.0,0.0,0.21446666,0.0,0.0,0.0,0.0,0.0,0.0,0.0,0.0,0.0,0.0,0.0,0.0,0.0,0.0,0.0,0.0,0.0,0.0,0.0,0.0,0.0,0.0,0.0,0.0,0.0,0.0,0.0,0.0,0.0,0.0,0.0,0.0
FOXN2,0.0,0.0,0.0,0.0,0.0,0.48126704,0.41778326,0.0,0.0,0.0,0.0,0.0,0.0,0.0,0.0,0.0,0.0,0.0,0.0,0.0,0.0,0.0,0.0,0.0,0.0,0.0,0.0,0.0,0.0,0.0,0.0,0.0,0.0,0.0,0.0,0.0,0.0,0.0,0.0,0.0,0.0,0.0
CHAC2,0.0,0.0,0.0,0.0,0.0,0.0,0.0,0.0,0.0,0.0,0.0,0.0,0.0,0.0,0.0,0.0,0.0,0.0,0.0,0.0,0.0,0.0,0.0,0.0,0.2500447,0.0,0.0,0.0,0.0,0.0,0.0,0.0,0.0,0.0,0.0,0.0,0.0,0.0,0.0,0.0,0.0,0.0
ERLEC1,0.0,0.0,0.0,0.0,0.0,0.0,0.0,0.0,0.0,0.0,0.0,0.0,0.91374826,0.0,0.0,0.0,0.0,0.0,0.0,0.0,0.0,0.0,0.0,1.1642795,0.9440702,0.0,0.0,0.0,0.0,0.0,0.0,0.0,0.0,0.0,0.0,0.0,0.0,0.0,0.0,0.0,0.0,0.0
PSME4,0.0,0.0,0.0,0.0,0.0,0.0,0.0,0.0,0.0,0.0,0.0,0.0,0.0,0.0,0.0,0.0,0.0,0.0,0.0,0.0,0.0,0.0,0.0,0.0,0.0,0.0,0.0,0.22534773,0.0,0.0,0.0,0.0,0.0,0.0,0.0,0.0,0.0,0.0,0.0,0.0,0.0,0.0
SPTBN1,0.0,0.0,0.0,0.0,0.5129955,0.0,0.0,0.0,0.0,0.4398609,0.0,0.0,0.0,0.0,0.0,0.0,0.0,0.0,0.0,0.0,0.0,0.0,0.0,0.0,0.49953946,1.7126064,0.9181548,0.0,0.0,0.0,0.0,0.0,0.0,0.0,0.0,0.0,0.0,0.0,0.0,0.0,0.0,0.0
RTN4,0.0,1.3716987,1.1962645,1.1919346,0.8445708,0.91068757,1.3402711,0.7507236,0.0,0.7637583,0.59476876,1.2930145,0.0,0.0,0.0,0.0,0.4548787,1.2685975,0.0,0.0,0.0,0.0,1.112035,0.0,0.24775629,0.0,0.0,0.92115605,0.0,0.0,0.0,0.0,0.0,0.0,0.0,0.0,0.0,0.0,0.0,0.0,0.0,1.0483313
RPS27A,3.8775296,3.072429,3.0060303,3.1398754,3.2190995,3.4141524,3.652509,3.8650537,3.1395,3.3720062,3.907623,2.973575,3.0163913,4.0390716,3.92751,3.7873807,3.5615988,3.0908065,4.1014204,3.6176248,3.9255295,4.115053,3.1764543,2.3137534,3.359777,3.6237388,3.810325,3.7907326,3.7956853,2.0946388,4.343751,3.8820488,4.2899437,3.8292265,4.5195646,4.207653,4.358574,4.013129,3.8958495,3.9665968,4.089009,3.8696978
MTIF2,0.0,0.0,0.0,0.0,0.0,0.0,0.0,0.0,0.0,0.0,0.0,0.0,0.0,0.0,0.0,0.0,0.0,0.0,0.0,0.0,0.0,0.0,0.0,0.0,0.20931143,0.0,0.0,0.0,0.0,0.0,0.0,0.0,0.0,0.0,0.0,0.0,0.0,0.0,0.0,0.0,0.0,0.0
CCDC88A,0.0,0.2705642,1.1543329,1.2598014,0.0,1.0828639,1.1442808,0.22913328,0.0,0.18083665,0.0,0.79289067,1.141807,0.0,0.0,0.0,1.0884655,0.0,0.0,0.0,0.0,0.0,0.72398937,0.0,0.0,0.0,0.0,0.58946365,0.0,0.0,0.0,0.0,0.0,0.0,0.0,0.0,0.0,0.0,0.0,0.0,0.0,1.4934813
PPP4R3B,0.0,0.0,0.0,0.0,0.0,0.0,0.4026517,0.32494235,0.0,0.21446666,0.0,0.0,0.0,0.0,0.0,0.0,0.0,0.0,0.0,0.0,0.0,0.0,0.0,0.0,0.22396155,0.0,0.0,0.0,0.0,0.0,0.0,0.0,0.0,0.0,0.0,0.0,0.0,0.0,0.0,0.0,0.0,0.0
PNPT1,0.0,0.0,0.0,0.0,0.0,0.0,0.0,0.18177983,0.0,0.0,0.0,0.0,0.0,0.0,0.0,0.0,0.0,0.0,0.0,0.0,0.0,0.0,0.0,0.0,0.1597676,0.0,0.0,0.0,0.0,0.0,0.0,0.0,0.0,0.0,0.0,0.0,0.0,0.0,0.0,0.0,0.0,0.0
VRK2,0.0,0.0,0.0,0.0,0.0,0.0,0.0,0.22421369,0.0,0.0,0.0,0.0,0.0,0.0,0.0,0.0,0.0,0.0,0.0,0.0,0.0,0.0,0.0,0.0,0.0,0.0,0.0,0.0,0.0,0.0,0.0,0.0,0.0,0.0,0.0,0.0,0.0,0.0,0.0,0.0,0.0,0.0
BCL11A,0.470424,0.0,0.0,0.0,0.0,0.28412688,0.5419595,0.18037266,0.0,0.49282485,0.0,0.0,0.0,0.0,1.3681959,0.0,0.0,0.0,0.8531715,0.0,0.0,0.0,0.0,0.0,0.0,0.0,0.0,0.36463428,0.0,0.0,0.0,0.0,0.0,0.0,0.0,0.0,0.0,0.0,0.0,0.0,0.0,1.9041159
REL,1.250002,0.0,0.0,0.0,0.7296734,0.8047989,0.999649,0.0,0.0,1.0436778,0.3526248,1.1382626,1.141807,0.8926312,1.3681959,0.0,0.0,0.0,1.1440644,0.96723354,1.0053847,1.4130546,1.0571661,0.0,0.0,0.0,0.0,0.16727138,0.62491465,0.0,0.0,0.0,0.0,1.0149865,0.0,0.0,0.0,0.0,0.0,0.0,0.0,0.55354524
USP34,0.6126078,0.0,0.0,0.0,0.5306957,0.0,0.43932745,0.32754636,0.0,0.57238364,0.9013167,0.0,0.0,0.0,0.0,0.0,0.0,0.0,0.0,0.0,0.0,0.0,0.0,0.0,0.2261846,0.0,0.0,0.19183141,0.0721409,0.0,0.0,0.0,0.0,0.0,0.0,0.0,0.0,0.0,0.0,0.0,0.0,0.0
XPO1,0.0,0.0,0.0,0.675537,0.7187505,0.0,0.43482453,0.49341756,0.0,0.93210137,0.0,0.0,0.0,0.0,0.0,0.0,0.0,0.0,0.0,0.0,0.0,0.0,0.0,0.0,0.41639483,0.0,0.0,0.51252854,0.0,0.0,0.0,0.0,0.0,0.0,0.0,0.0,0.0,0.0,0.0,0.0,0.0,0.0
CCT4,0.0,0.0,0.0,0.6841238,0.8283294,0.7064579,0.6284687,1.3557438,0.0,0.9736973,0.81207776,0.0,0.0,0.0,0.0,0.0,0.0,0.0,0.0,0.0,0.0,0.0,0.5396968,0.0,0.8768232,0.0,0.0,1.0692642,0.0,0.0,0.6561199,0.0,0.0,0.0,0.79819345,0.966756,0.646887,0.7094885,0.0,0.0,0.0,0.72028685
COMMD1,0.0,0.0,0.0,0.0,0.0,0.0,0.0,0.4195574,0.0,0.0,0.0,0.0,0.0,0.0,0.0,0.0,0.0,0.0,0.0,0.0,0.0,0.0,0.0,0.0,0.54597014,0.0,0.0,0.0,0.0,0.0,0.0,0.0,0.0,0.0,0.0,0.0,0.0,0.0,0.0,0.0,0.0,0.0
B3GNT2,0.0,0.0,0.0,0.0,0.0,0.0,0.0,0.19237879,0.0,0.0,0.0,0.0,0.0,0.0,0.0,0.0,0.0,0.0,0.0,0.0,0.0,0.0,0.0,0.0,0.0,0.0,0.0,0.0,0.0,0.0,0.0,0.0,0.0,0.0,0.0,0.0,0.0,0.0,0.0,0.0,0.0,0.0
MDH1,0.0,0.0,0.0,0.49263158,0.8311423,0.0,0.6284687,0.6462486,0.0,0.4977838,0.0,0.0,0.0,0.0,0.0,0.0,0.0,0.0,0.0,0.0,0.0,0.0,0.0,0.20044874,0.8084107,0.0,0.0,0.60832584,0.0,0.0,0.0,0.0,0.0,0.0,0.0,0.0,0.0,0.0,0.0,0.0,0.0,0.49253154
UGP2,0.0,0.0,0.0,0.5328929,0.6768341,0.34146005,0.4026517,0.1708125,0.0,0.0,0.0,0.0,0.0,0.0,0.0,0.0,0.9701401,0.0,0.0,0.0,0.0,0.0,0.0,0.0,0.3097772,1.2258217,0.0,0.41812304,0.0,0.0,0.0,0.0,0.0,0.0,0.8243911,0.0,0.0,0.89229083,0.0,0.0,0.0,0.0
PELI1,0.65283537,0.0,0.0,0.0,0.0,0.34549886,0.0,0.0,0.0,0.18155362,0.0,0.5950968,0.5578004,0.0,0.8421502,0.0,0.0,0.0,1.0206023,0.0,0.0,0.0,0.50169,0.54731035,0.27335483,0.0,0.0,0.0,0.0,0.0,0.0,0.0,0.0,0.0,0.0,1.0660923,0.0,0.73025787,0.0,0.0,0.0,0.0
LGALSL,0.0,0.0,0.0,0.0,0.0,0.0,0.0,0.0,0.0,0.0,0.0,0.0,0.0,0.0,0.0,0.0,0.0,0.12717932,0.0,0.0,0.0,0.0,0.0,0.0,0.0,0.0,0.0,0.0,0.0,0.0,0.0,0.0,0.0,0.0,0.0,0.0,0.0,0.0,0.0,0.0,0.0,0.0
AFTPH,0.65283537,0.0,0.0,0.0,0.0,0.3828968,0.3689735,0.0,0.0,0.0,0.0,0.0,0.0,0.0,0.7355936,0.0,0.0,0.0,0.0,0.0,0.0,0.0,0.0,0.0,0.2355887,0.0,0.0,0.0,0.0,0.0,0.0,0.0,0.0,0.0,0.0,0.0,0.0,0.0,0.0,0.0,0.0,0.0
SERTAD2,0.0,0.0,0.4733402,0.5646548,0.0,0.48802102,0.3832682,0.0,0.0,0.0,0.0,0.5073828,0.0,0.0,0.0,0.0,0.0,0.0,0.0,0.0,0.0,0.0,0.0,0.0,0.0,0.0,0.0,0.21269642,0.0,0.0,0.0,0.0,0.0,0.0,0.0,0.0,0.0,0.0,0.0,0.0,0.0,0.6206742
SLC1A4,0.0,0.0,0.0,0.0,0.0,0.0,0.0,0.0,0.0,0.0,0.0,0.0,0.0,0.0,0.0,0.0,0.0,0.0,0.0,0.0,0.0,0.0,0.0,0.0,0.24767917,0.0,0.0,0.0,0.0,0.0,0.0,0.0,0.0,0.0,0.0,0.0,0.0,0.0,0.0,0.0,0.0,0.0
RAB1A,0.0,0.0,0.0,0.47943443,0.0,0.40020192,0.44683003,0.16928208,0.0,0.0,0.0,0.5950968,0.0,0.0,0.0,0.0,0.0,0.0,0.0,0.0,0.0,0.0,0.5307324,0.3187062,0.44274735,0.0,0.0,0.0,0.0,0.0,0.0,0.0,0.0,0.0,0.0,0.0,0.0,0.0,0.0,0.0,0.0,0.0
ACTR2,1.03034,0.0,2.029542,2.1414223,1.4585652,1.0382867,1.6785662,0.5516525,1.0926255,1.1215324,1.049655,1.5116012,0.91374826,0.9058592,1.3681959,0.9289553,1.4523585,0.77463055,1.0056587,1.2915777,1.067477,0.0,1.4928509,0.0,0.6465035,1.3204234,1.1254485,1.2374701,0.48208144,0.0,0.8637835,1.123764,0.94442666,1.0666049,0.8183979,0.0,0.8562347,1.0541407,1.0966163,0.8933126,1.1172193,1.5667871
C1D,0.0,0.0,0.0,0.3200121,0.4197768,0.0,0.38106546,0.5203365,0.0,0.6028327,0.0,0.0,0.0,0.0,0.0,0.0,0.0,0.0,0.0,0.0,0.0,0.0,0.0,0.0,0.35134384,0.0,0.0,0.18652064,0.0,0.0,0.0,0.0,0.0,0.0,0.0,0.0,0.0,0.0,0.0,0.0,0.0,0.0
PNO1,0.0,0.0,0.0,0.0,0.0,0.0,0.0,0.19282532,0.0,0.0,0.0,0.0,0.0,0.0,0.0,0.0,0.0,0.0,0.0,0.0,0.0,0.0,0.0,0.0,0.20739445,0.0,0.0,0.0,0.0,0.0,0.0,0.0,0.0,0.0,0.0,0.0,0.0,0.0,0.0,0.0,0.0,0.0
PPP3R1,0.0,0.0,0.0,0.0,0.0,0.3431283,0.0,0.24260345,0.0,0.0,0.0,0.0,0.0,0.0,0.0,0.0,0.0,0.08566735,0.0,0.0,0.0,0.0,0.0,0.0,0.0,0.0,0.0,0.0,0.0,0.0,0.0,0.0,0.0,0.0,0.0,0.0,0.0,0.0,0.0,0.0,0.0,0.0
CNRIP1,0.0,0.0,0.0,0.0,0.0,0.0,0.0,0.8984591,0.0,0.0,0.0,0.0,0.44090223,0.0,0.0,0.0,0.0,0.0,0.0,0.0,0.0,0.0,0.0,0.0,0.0,0.0,0.0,0.0,0.0,0.0,0.0,0.0,0.0,0.0,0.0,0.0,0.0,0.0,0.0,0.0,0.0,0.0
PLEK,0.99629664,0.0,1.5003841,1.2545738,1.200062,1.7502064,1.1038845,0.0,1.440017,0.0,0.0,1.2930145,2.0346148,0.0,0.0,0.0,0.2731341,3.0203633,0.0,1.2677851,0.0,0.0,1.3629518,0.0,0.17043604,0.0,0.0,0.45873716,0.0,0.0,0.0,1.1006163,0.0,0.0,0.0,0.0,0.0,0.0,0.0,0.0,0.0,1.5240953
ARHGAP25,1.07581,0.0,0.0,0.0,0.0,0.0,0.0,0.0,0.0,0.25902426,0.0,0.0,0.0,0.0,1.5993547,0.0,0.0,0.0,0.63700795,0.0,0.0,0.0,0.0,0.0,0.0,0.0,0.0,0.0,0.0,0.0,0.0,0.0,0.0,0.0,0.0,0.0,0.0,0.0,0.0,0.0,0.0,0.0
GFPT1,0.0,0.0,0.0,0.0,0.0,0.0,0.0,0.0,0.0,0.0,0.0,0.0,0.0,0.0,0.0,0.0,0.0,0.0,0.0,0.0,0.0,0.0,0.0,0.0,0.22068115,0.0,0.0,0.0,0.0,0.0,0.0,0.0,0.0,0.0,0.0,0.0,0.0,0.0,0.0,0.0,0.0,0.0
NFU1,0.0,0.0,0.0,0.0,0.0,0.0,0.0,0.0,0.0,0.0,0.0,0.0,0.0,0.0,0.0,0.0,0.0,0.0,0.0,0.0,0.0,0.0,0.0,0.0,0.14780025,0.0,0.0,0.0,0.0,0.0,0.0,0.0,0.0,0.0,0.0,0.0,0.0,0.0,0.0,0.0,0.0,0.0
AAK1,0.0,0.0,0.4452123,0.57536995,0.8688055,0.0,0.0,0.0,0.0,0.0,1.2089031,0.0,0.0,0.98459476,0.0,0.0,0.0,0.0,0.0,1.0335183,0.8030262,0.0,0.0,0.0,0.0,0.0,0.0,0.0,0.0,0.0,0.8975108,1.1387675,0.918607,1.0148187,0.8840804,0.8835846,0.9203297,0.90867895,1.0447328,0.9864893,0.0,0.0
ANXA4,0.0,0.0,0.0,0.0,0.0,0.0,0.36171302,0.0,0.0,0.23380059,0.0,0.0,0.0,0.0,0.0,0.0,0.0,0.0,0.0,0.0,0.0,0.0,0.0,0.0,0.0,0.0,0.0,0.0,0.0,0.0,0.0,0.0,0.0,0.0,0.0,0.0,0.0,0.0,0.0,0.0,0.0,0.0
SNRNP27,0.0,0.0,0.0,0.0,0.0,0.0,0.0,0.17024116,0.0,0.23380059,0.0,0.0,0.0,0.0,0.0,0.0,0.0,0.0,0.0,0.0,0.0,0.0,0.0,0.0,0.24788901,0.0,0.0,0.0,0.0,0.0,0.0,0.0,0.0,0.0,0.0,0.0,0.0,0.0,0.0,0.0,0.0,0.0
MXD1,0.0,0.0,0.9255396,0.39196223,0.0,0.34115425,0.50117546,0.0,0.0,0.0,0.0,1.0393877,2.0440001,0.0,0.0,0.0,0.0,0.0,0.0,0.0,0.0,0.0,0.609987,0.0,0.0,0.0,0.0,0.0,0.0,0.0,0.0,0.0,0.0,0.0,0.0,0.0,0.0,0.0,0.0,0.0,0.0,0.0
PCBP1,1.3783226,1.5149615,1.711527,1.5655147,1.5463994,1.5874956,1.6004475,2.0654426,1.9653006,1.4307257,1.2911952,1.7009133,1.7895869,1.3838991,1.8637866,1.3567384,1.041339,1.8798254,1.3329272,1.2700828,1.271282,1.4790288,1.7534688,0.6946338,1.2277617,1.7457188,1.6259605,1.3408952,1.3054955,0.0,1.2593193,1.1662538,1.0779796,1.2178223,1.0417559,1.6093425,1.2216899,1.3367426,1.2000207,1.265588,1.3962387,1.3151784
TIA1,0.0,0.0,0.0,0.0,0.0,0.0,0.0,0.0,0.0,0.23875955,0.0,0.0,0.0,0.0,0.0,0.0,0.0,0.0,0.0,0.0,0.0,0.0,0.0,0.0,0.13131355,0.0,0.0,0.0,0.0,0.0,0.0,0.0,0.0,0.0,0.0,0.0,0.0,0.0,0.0,0.0,0.0,0.0
SNRPG,0.84139884,0.0,0.0,1.0851201,1.1407228,0.6884801,0.88195956,1.7325442,1.3128728,1.1145358,0.3526248,0.72981226,0.0,0.0,0.77814996,0.0,0.56191176,1.3987782,0.86050355,0.0,0.0,0.0,0.7951827,0.21866085,1.4252676,0.0,0.0,1.1268516,0.8078215,0.0,0.84441304,0.9932896,0.0,0.92909706,0.8453597,0.9129809,0.7882829,0.9373778,0.8953636,0.9034945,1.0877972,0.8242531
FAM136A,0.0,0.0,0.0,0.0,0.0,0.0,0.0,0.61547697,0.0,0.4977838,0.0,0.0,0.0,0.0,0.0,0.0,0.0,0.0,0.0,0.0,0.0,0.0,0.0,0.16702053,0.725277,0.0,0.0,0.2951734,0.0,0.0,0.0,0.0,0.0,0.0,0.0,0.0,0.0,0.0,0.0,0.0,0.0,0.0
ADD2,0.0,0.0,0.0,0.0,0.0,0.0,0.0,0.6733758,0.0,0.0,0.0,0.0,0.0,0.0,0.0,0.0,0.0,0.0,0.0,0.0,0.0,0.0,0.0,0.0,0.0,0.0,0.0,0.0,0.0,0.0,0.0,0.0,0.0,0.0,0.0,0.0,0.0,0.0,0.0,0.0,0.0,0.0
NAGK,0.0,0.0,0.0,0.0,0.0,0.0,0.42269358,0.0,0.0,0.0,0.0,0.0,0.5578004,0.0,0.0,0.0,0.0,0.0,0.0,0.0,0.0,0.0,0.61147237,0.0,0.0,0.0,0.0,0.0,0.0,0.0,0.0,0.0,0.0,0.0,0.0,0.0,0.0,0.0,0.0,0.0,0.0,0.0
MCEE,0.0,0.0,0.0,0.0,0.0,0.0,0.0,0.0,0.0,0.0,0.0,0.0,0.0,0.0,0.0,0.0,0.0,0.0,0.0,0.0,0.0,0.0,0.0,0.0,0.14103276,0.0,0.0,0.0,0.0,0.0,0.0,0.0,0.0,0.0,0.0,0.0,0.0,0.0,0.0,0.0,0.0,0.0
MPHOSPH10,0.0,0.0,0.0,0.0,0.0,0.0,0.0,0.23719434,0.0,0.0,0.0,0.0,0.0,0.0,0.0,0.0,0.0,0.0,0.0,0.0,0.0,0.0,0.0,0.0,0.2500447,0.0,0.0,0.0,0.0,0.0,0.0,0.0,0.0,0.0,0.0,0.0,0.0,0.0,0.0,0.0,0.0,0.0
ZNF638,0.0,0.0,0.0,0.0,0.0,0.0,0.37619096,0.21530977,0.0,0.41463724,0.0,0.0,0.0,0.0,0.7355936,0.0,0.0,0.0,0.0,0.0,0.0,0.0,0.0,0.0,0.0,0.0,0.0,0.26221856,0.0,0.0,0.0,0.0,0.0,0.0,0.0,0.0,0.0,0.0,0.0,0.0,0.0,0.0
DYSF,0.0,0.0,0.0,0.0,0.0,0.41057968,0.0,0.0,0.0,0.0,0.0,0.0,0.0,0.0,0.0,0.0,0.0,0.0,0.0,0.0,0.0,0.0,0.0,0.0,0.0,0.0,0.0,0.0,0.0,0.0,0.0,0.0,0.0,0.0,0.0,0.0,0.0,0.0,0.0,0.0,0.0,0.0
PRADC1,0.0,0.0,0.0,0.0,0.0,0.0,0.0,0.0,0.0,0.0,0.0,0.0,0.0,0.0,0.0,0.0,0.0,0.0,0.0,0.0,0.0,0.0,0.0,0.0,0.16899817,0.0,0.0,0.0,0.0,0.0,0.0,0.0,0.0,0.0,0.0,0.0,0.0,0.0,0.0,0.0,0.0,0.0
CCT7,0.6126078,0.0,0.0,0.4902175,0.8207057,0.34146005,0.5691604,1.2830467,0.0,0.25902426,0.0,0.0,0.0,0.0,0.6868571,0.0,0.0,0.0,0.0,0.0,0.0,0.0,0.0,0.2514097,1.0408072,0.0,0.0,0.84094894,0.13517354,0.0,0.0,0.0,0.0,0.0,0.0,0.0,0.0,0.0,0.0,0.0,0.0,0.72595143
TPRKB,0.0,0.0,0.0,0.0,0.53550947,0.0,0.0,0.6727878,0.0,0.18155362,0.0,0.0,0.0,0.0,0.0,0.0,0.0,0.0,0.0,0.0,0.0,0.0,0.0,0.0,0.4299821,0.0,0.0,0.33062845,0.0,0.0,0.0,0.0,0.0,0.0,0.0,0.0,0.0,0.0,0.0,0.0,0.0,0.0
DGUOK,0.57448566,0.0,0.0,0.35469013,0.78176486,0.38395348,0.6220476,0.5426929,0.0,0.4977838,0.0,0.5221987,0.0,0.0,0.0,0.0,0.0,0.0,0.0,0.0,0.0,0.0,0.48728585,0.0,0.42140996,0.0,0.0,0.42311245,0.0,0.0,0.0,0.0,0.0,0.0,0.0,0.0,0.0,0.0,0.0,0.0,0.0,0.61910534
BOLA3,0.0,0.0,0.0,0.0,0.0,0.0,0.0,1.0355058,0.0,0.0,0.0,0.0,0.0,0.0,0.0,0.0,0.0,0.0,0.0,0.0,0.0,0.0,0.0,0.0,0.5857883,0.0,0.0,0.0,0.0,0.0,0.0,0.0,0.0,0.0,0.0,0.0,0.0,0.0,0.0,0.0,0.0,0.0
MOB1A,0.8548738,0.0,1.1216662,0.9650404,0.76104665,0.77582276,1.0549331,0.41897923,0.44440928,0.73981196,0.0,1.2728063,1.1757209,0.0,1.3681959,0.0,0.40936875,0.8970604,0.94486064,0.0,0.0,0.0,1.1076604,0.0,0.38533148,0.0,0.0,0.5141072,0.0,0.0,0.0,0.0,0.0,0.0,0.0,0.0,0.0,0.0,0.0,0.0,0.0,1.0305234
MTHFD2,0.0,0.0,0.0,0.4838671,0.0,0.0,0.52855307,0.77510643,0.0,0.5734832,0.0,0.0,1.141807,0.0,0.0,0.0,0.0,0.0,0.0,0.0,0.0,0.0,0.0,0.27898034,0.72056776,0.0,0.0,0.37348646,0.0,0.0,0.0,0.0,0.0,0.0,0.0,0.8504604,0.0,0.0,0.0,0.0,0.0,0.0
DCTN1,0.0,0.0,0.0,0.0,0.0,0.0,0.0,0.0,0.0,0.0,0.0,0.0,0.0,0.0,0.0,0.0,0.0,0.0,0.0,0.0,0.0,0.0,0.0,0.0,0.113108404,0.0,0.0,0.0,0.0,0.0,0.0,0.0,0.0,0.0,0.0,0.0,0.0,0.0,0.0,0.0,0.0,0.0
WBP1,0.0,0.0,0.0,0.0,0.0,0.0,0.0,0.0,0.0,0.0,0.0,0.0,0.44090223,0.0,0.0,0.0,0.0,0.0,0.0,0.0,0.0,0.0,0.0,0.14303318,0.17365827,0.0,0.0,0.0,0.0,0.0,0.0,0.0,0.0,0.0,0.0,0.0,0.0,0.0,0.0,0.0,0.0,0.0
MOGS,0.0,0.0,0.0,0.0,0.0,0.0,0.0,0.0,0.0,0.0,0.0,0.0,0.0,0.0,0.0,0.0,0.0,0.0,0.0,0.0,0.0,0.0,0.0,0.0,0.18095525,0.0,0.0,0.0,0.0,0.0,0.0,0.0,0.0,0.0,0.0,0.0,0.0,0.0,0.0,0.0,0.0,0.0
AUP1,0.78118664,0.0,0.0,0.34889024,0.44145608,0.70080924,0.69209886,0.7344917,0.0,0.44826725,0.0,0.95204604,0.44090223,0.0,0.0,0.0,0.0,0.0,0.0,0.0,0.0,0.0,0.5824516,0.6043797,0.93924016,0.0,0.0,0.47451735,0.0,0.0,0.0,0.0,0.0,0.0,0.0,0.7347235,0.0,0.0,0.0,0.0,0.0,0.637352
HTRA2,0.0,0.0,0.0,0.0,0.0,0.0,0.0,0.48130643,0.0,0.0,0.0,0.0,0.0,0.0,0.0,0.0,0.0,0.0,0.0,0.0,0.0,0.0,0.0,0.0,0.20178393,0.0,0.0,0.0,0.0,0.0,0.0,0.0,0.0,0.0,0.0,0.0,0.0,0.0,0.0,0.0,0.0,0.0
DOK1,0.0,0.0,0.0,0.0,0.0,0.0,0.0,0.0,0.0,0.0,0.0,0.0,0.0,0.0,0.0,0.0,0.0,0.2731207,0.0,0.0,0.0,0.0,0.0,0.0,0.0,0.0,0.0,0.0,0.0,0.0,0.0,0.0,0.0,0.0,0.0,0.0,0.0,0.0,0.0,0.0,0.0,0.0
HK2,0.0,0.0,0.0,0.0,0.0,0.0,0.0,0.0,0.0,0.0,0.0,0.0,0.44090223,0.0,0.0,0.0,0.0,0.0,0.0,0.0,0.0,0.0,0.0,0.0,0.0,0.0,0.0,0.0,0.0,0.0,0.0,0.0,0.0,0.0,0.0,0.0,0.0,0.0,0.0,0.0,0.0,0.0
POLE4,0.0,0.0,0.4876092,0.73337924,0.27703178,0.0,0.37992248,0.335012,0.0,0.5482596,0.0,0.4963503,0.0,0.0,0.0,0.0,0.0,0.0,0.0,0.0,0.0,0.0,0.59428877,0.0,0.31577328,0.0,0.0,0.24394257,0.0,0.0,0.0,0.0,0.0,0.0,0.0,0.0,0.0,0.0,0.0,0.0,0.0,0.0
MRPL19,0.0,0.0,0.0,0.0,0.0,0.0,0.0,0.4832767,0.0,0.18155362,0.0,0.0,0.0,0.0,0.0,0.0,0.0,0.0,0.0,0.0,0.0,0.0,0.0,0.0,0.35495833,0.0,0.0,0.0,0.0,0.0,0.0,0.0,0.0,0.0,0.0,0.0,0.0,0.0,0.0,0.0,0.0,0.0
SUCLG1,0.0,0.0,0.0,0.26358017,0.6777369,0.0,0.49472123,0.51589656,0.0,0.21446666,0.0,0.0,0.0,0.0,0.0,0.0,0.0,0.0,0.0,0.0,0.0,0.0,0.0,0.0,0.5691326,0.0,0.0,0.3813377,0.0,0.0,0.0,0.0,0.0,0.0,0.0,0.0,0.0,0.0,0.0,0.0,0.0,0.0
TRABD2A,0.0,0.0,0.0,0.0,0.0,0.0,0.0,0.0,0.0,0.0,0.0,0.0,0.0,0.0,0.0,0.0,0.0,0.0,0.0,0.0,0.0,0.0,0.0,0.0,0.0,0.0,0.0,0.0,0.0,0.0,0.0,0.0,0.0,0.0,0.895278,0.90093166,0.8778322,0.0,0.0,0.0,0.0,0.0
TMSB10,3.2253134,3.572404,3.7110777,3.9865549,3.7171862,4.3137426,4.166607,2.0089893,4.3538327,3.5584087,2.6750803,3.8777497,4.094332,3.0306604,3.3088744,3.6799984,2.3036995,1.7925801,3.0441256,3.6054506,3.2574413,3.4590402,3.974389,1.564292,3.2441757,3.3169613,3.2386703,3.041469,3.395722,1.9426601,3.7023647,3.6648297,3.5592124,3.2343578,3.7090096,3.5091522,3.669789,3.7560875,3.3888352,3.458871,3.22203,3.370871
KCMF1,0.0,0.0,0.0,0.0,0.0,0.0,0.0,0.0,0.0,0.0,0.0,0.0,0.0,0.0,0.0,0.0,0.0,0.0,0.0,0.0,0.0,0.0,0.0,0.0,0.21339111,0.0,0.0,0.0,0.0,0.0,0.0,0.0,0.0,0.0,0.0,0.0,0.0,0.0,0.0,0.0,0.0,0.0
TGOLN2,0.90358186,0.0,1.1162864,1.0112152,0.8145956,0.6017931,0.8567804,0.0,0.0,0.57238364,0.72809076,0.4963503,0.7458428,0.0,0.0,0.0,0.0,0.0,0.0,0.89322746,0.84059155,0.0,0.94308525,0.0,0.27334732,0.0,0.0,0.5749985,0.0,0.0,0.0,0.0,0.0,0.0,0.74389756,0.0,0.0,0.7808338,0.0,0.0,0.0,0.52858925
CAPG,0.89837277,0.0,1.2446089,1.4251422,0.0,0.0,1.347252,0.0,0.0,0.97332585,0.0,0.0,0.0,0.0,0.7355936,0.0,1.1252713,0.0,0.0,0.0,0.0,0.0,0.0,0.0,0.0,0.0,0.0,0.0,0.0,0.0,0.0,0.0,0.0,0.0,0.0,0.0,0.0,0.0,0.0,0.0,0.0,1.2387818
MAT2A,0.0,0.0,0.0,0.0,0.0,1.0488513,0.701911,0.49076557,0.0,0.5456267,0.0,0.0,1.5203841,0.0,0.0,0.0,0.0,0.0,0.0,0.0,0.0,0.0,0.0,0.0,0.14103276,0.0,0.0,0.348525,0.0,0.0,0.0,0.0,0.0,0.0,0.0,0.0,0.0,0.0,0.0,0.0,0.0,0.0
GGCX,0.0,0.0,0.0,0.0,0.0,0.0,0.0,0.0,0.0,0.0,0.0,0.0,0.0,0.0,0.0,0.0,0.0,0.0,0.0,0.0,0.0,0.0,0.0,0.0,0.17104095,0.0,0.0,0.0,0.0,0.0,0.0,0.0,0.0,0.0,0.0,0.0,0.0,0.0,0.0,0.0,0.0,0.0
VAMP8,0.65283537,1.8897898,1.3489223,1.7308114,1.0951922,1.3393235,1.6596198,0.6446565,2.1947927,1.0994625,0.0,1.7645767,1.661052,0.8938244,0.77814996,1.2413632,1.2673321,1.1362648,0.0,1.1557475,1.0275606,0.0,1.5343156,0.29114863,0.46136338,1.3109975,0.0,1.8518474,0.19488612,0.0,0.8343304,1.04545,0.0,0.79849416,0.0,0.0,0.72853416,0.934646,0.0,0.8403492,0.0,1.9913548
VAMP5,0.0,0.0,0.0,0.0,0.49769968,0.34115425,0.33295542,0.0,1.4965549,0.0,0.0,0.72303134,0.0,0.0,0.0,0.0,0.0,0.0,0.0,0.0,0.0,0.0,1.2001967,0.0,0.0,0.0,0.0,0.0,0.0,0.0,0.0,0.0,0.0,0.0,0.0,0.0,0.0,0.0,0.0,0.0,0.0,0.0
RNF181,0.0,0.0,0.0,0.5504613,0.490295,0.47506863,0.6596643,0.48565206,1.3652027,0.57238364,0.0,0.91348,0.7458428,0.0,0.0,0.0,0.0,0.0,0.0,0.0,0.0,0.0,0.6895765,0.27747667,0.58383787,0.0,0.0,0.49671522,0.0,0.0,0.0,0.0,0.0,0.0,0.0,0.0,0.0,0.0,0.0,0.0,0.0,0.5445305
USP39,0.0,0.0,0.0,0.0,0.0,0.0,0.0,0.32754636,0.0,0.4153542,0.0,0.0,0.0,0.0,0.0,0.0,0.0,0.0,0.0,0.0,0.0,0.0,0.0,0.0,0.12564816,0.0,0.0,0.0,0.0,0.0,0.0,0.0,0.0,0.0,0.0,0.0,0.0,0.0,0.0,0.0,0.0,0.0
C2orf68,0.0,0.0,0.0,0.0,0.0,0.0,0.0,0.0,0.0,0.18083665,0.0,0.0,0.0,0.0,0.0,0.0,0.0,0.0,0.0,0.0,0.0,0.0,0.0,0.0,0.0,0.0,0.0,0.0,0.0,0.0,0.0,0.0,0.0,0.0,0.0,0.0,0.0,0.0,0.0,0.0,0.0,0.0
GNLY,0.0,0.0,0.0,0.0,4.169705,0.0,0.0,0.0,0.0,0.0,0.0,0.0,0.0,0.0,0.0,2.0185518,0.0,0.0,0.0,4.4808865,3.6305509,0.0,0.0,0.0,0.0,0.0,0.0,0.0,0.80731285,0.0,0.0,3.4477572,0.0,1.1109653,0.0,0.0,0.0,0.0,0.0,0.0,0.0,0.0
PTCD3,0.0,0.0,0.0,0.0,0.0,0.0,0.0,0.37834653,0.0,0.21446666,0.0,0.0,0.0,0.0,0.0,0.0,0.0,0.0,0.0,0.0,0.0,0.0,0.0,0.0,0.17849067,0.0,0.0,0.0,0.0,0.0,0.0,0.0,0.0,0.0,0.0,0.0,0.0,0.0,0.0,0.0,0.0,0.0
IMMT,0.0,0.0,0.0,0.0,0.29493195,0.0,0.33419082,0.6118962,0.0,0.0,0.0,0.0,0.0,0.0,0.0,0.0,0.0,0.0,0.0,0.0,0.0,0.0,0.0,0.0,0.43977243,0.0,0.0,0.37515622,0.0,0.0,0.0,0.0,0.0,0.0,0.0,0.0,0.0,0.0,0.0,0.0,0.0,0.0
MRPL35,0.0,0.0,0.0,0.0,0.0,0.0,0.0,0.37212613,0.0,0.0,0.0,0.0,0.0,0.0,0.0,0.0,0.0,0.0,0.0,0.0,0.0,0.0,0.0,0.0,0.33039644,0.0,0.0,0.0,0.0,0.0,0.0,0.0,0.0,0.0,0.0,0.0,0.0,0.0,0.0,0.0,0.0,0.0
CHMP3,0.0,0.0,0.0,0.0,0.0,0.0,0.3869771,0.21152893,0.0,0.0,0.0,0.6449004,0.0,0.0,0.0,0.0,0.0,0.0,0.0,0.0,0.0,0.0,0.0,0.0,0.0,0.0,0.0,0.0,0.0,0.0,0.0,0.0,0.0,0.0,0.0,0.0,0.0,0.0,0.0,0.0,0.0,0.0
RMND5A,0.0,0.0,0.0,0.0,0.0,0.0,0.0,0.23102878,0.0,0.0,0.0,0.0,0.0,0.0,0.0,0.0,0.0,0.0,0.0,0.0,0.0,0.0,0.0,0.0,0.118237555,0.0,0.0,0.0,0.0,0.0,0.0,0.0,0.0,0.0,0.0,0.0,0.0,0.0,0.0,0.0,0.0,0.0
CD8A,0.0,0.0,0.0,0.0,0.0,0.0,0.0,0.0,0.0,0.0,0.0,0.0,0.0,1.3521532,0.0,0.0,0.0,0.0,0.0,0.0,0.0,0.0,0.0,0.0,0.0,0.0,0.0,0.0,0.0,0.0,0.0,1.7015239,0.0,0.0,0.0,0.0,1.4758968,0.0,1.8282996,0.0,2.397441,0.0
CD8B,0.0,0.0,0.0,0.0,0.0,0.0,0.0,0.0,0.0,0.0,0.0,0.0,0.0,0.0,0.0,0.0,0.0,0.0,0.0,0.0,0.0,0.0,0.0,0.0,0.0,0.0,0.0,0.0,0.0,0.0,0.0,1.5375054,0.0,0.0,0.0,0.0,1.7405281,0.0,1.5339303,0.0,1.8737509,0.0
CYTOR,0.0,0.0,0.0,0.0,0.7583531,0.5072514,0.45373747,0.8884813,0.0,0.0,0.0,0.0,0.0,0.0,0.0,0.0,0.0,0.43029037,0.0,0.0,0.0,0.0,0.0,1.1753285,1.0147616,0.0,0.0,0.27286038,0.0,0.0,0.0,0.0,0.0,0.0,0.0,0.0,0.0,0.0,0.0,0.0,0.0,0.0
KRCC1,0.0,0.0,0.0,0.0,0.0,0.0,0.30505306,0.0,0.0,0.49282485,0.0,0.0,0.0,0.0,0.0,0.0,0.0,0.0,0.0,0.0,0.0,0.0,0.0,0.0,0.0,0.0,0.0,0.0,0.0,0.0,0.0,0.0,0.0,0.0,0.0,0.0,0.0,0.0,0.0,0.0,0.0,0.0
EIF2AK3,0.0,0.0,0.0,0.0,0.0,0.0,0.0,0.0,0.0,0.0,0.0,0.0,0.0,0.0,0.8421502,0.0,0.0,0.0,0.0,0.0,0.0,0.0,0.0,0.2514097,0.16683619,1.4396842,0.0,0.0,0.0,0.0,0.0,0.0,0.0,0.0,0.0,0.0,0.0,0.0,0.0,0.0,0.0,0.0
RPIA,0.0,0.0,0.0,0.0,0.0,0.0,0.0,0.6452695,0.0,0.0,0.0,0.0,0.0,0.0,0.0,0.0,0.0,0.0,0.0,0.0,0.0,0.0,0.0,0.0,0.18766053,0.0,0.0,0.0,0.0,0.0,0.0,0.0,0.0,0.0,0.0,0.0,0.0,0.0,0.0,0.0,0.0,0.0
ENSG00000211592,1.3783226,0.0,0.9868586,0.86288536,0.7210534,0.0,0.4043847,0.0,0.0,0.18083665,0.0,0.0,0.0,0.0,0.0,1.2363133,0.7978238,0.0,1.8741982,0.99051476,0.0,1.6243225,0.0,5.1889095,6.398244,2.2853122,0.0,0.50356454,0.9249263,0.0,0.0,1.1552632,0.9752388,1.0083654,0.0,0.0,0.0,0.0,1.0653532,0.0,0.0,2.485598
MAL,0.0,0.0,0.0,0.0,0.0,0.0,0.0,0.0,0.0,0.0,0.0,0.0,0.0,0.0,0.0,0.0,0.0,0.0,0.0,0.0,0.0,0.0,0.0,0.0,0.0,0.0,0.0,0.0,0.0,0.0,0.8860446,0.0,0.0,0.0,1.0106316,0.91752386,0.75026834,0.0,0.0,0.0,0.0,0.0
MRPS5,0.0,0.0,0.0,0.0,0.0,0.0,0.38106546,0.33458018,0.0,0.52892566,0.0,0.0,0.7458428,0.0,0.0,0.0,0.0,0.0,0.0,0.0,0.0,0.0,0.0,0.0,0.46776456,0.0,0.0,0.2944014,0.0,0.0,0.0,0.0,0.0,0.0,0.0,0.0,0.0,0.0,0.0,0.0,0.0,0.0
ENSG00000232931,0.0,0.0,0.0,0.0,0.5205833,0.0,0.0,0.0,0.0,0.0,0.0,0.0,0.0,0.0,0.0,0.0,0.0,0.0,0.0,0.0,0.0,0.0,0.0,0.0,0.0,0.0,0.0,0.0,0.0,0.0,0.0,0.0,0.0,0.0,0.0,0.0,0.0,0.0,0.0,0.0,0.0,0.0
ANKRD36C,0.0,0.0,0.0,0.0,0.6936244,0.0,0.0,0.0,0.0,0.0,0.0,0.0,0.0,0.0,0.0,0.0,0.0,0.0,0.0,0.0,0.0,0.0,0.0,0.0,0.12226113,0.0,0.0,0.0,0.0,0.0,0.0,0.0,0.0,0.0,0.0,0.0,0.0,0.0,0.0,0.0,0.0,0.0
DUSP2,1.126152,0.0,0.0,0.0,1.7187071,2.0290954,0.5106391,0.0,0.0,0.0,0.89209247,2.005142,0.0,2.9578488,0.0,0.50528765,0.0,0.0,0.0,2.3398159,2.5142126,0.0,0.0,0.0,0.0,0.0,0.0,0.0,1.6915414,1.8774934,1.3546014,2.338059,1.5064346,3.1077027,0.912453,0.0,0.9566946,1.1706846,3.002343,2.3189015,2.1402867,0.0
STARD7,0.0,0.0,0.0,0.19029078,0.26541573,0.5072514,0.43482453,0.6166226,0.0,0.47349092,0.0,0.0,0.44090223,0.0,0.0,0.0,0.0,0.0,0.0,0.0,0.0,0.0,0.0,0.17901288,0.50506175,0.0,0.0,0.2951734,0.0,0.0,0.0,0.0,0.0,0.0,0.0,0.0,0.0,0.0,0.0,0.0,0.0,0.46837038
CIAO1,0.0,0.0,0.0,0.0,0.3439374,0.0,0.35860544,0.3017692,0.0,0.18083665,0.0,0.0,0.0,0.0,0.0,0.0,0.0,0.0,0.0,0.0,0.0,0.0,0.0,0.0,0.30367142,0.0,0.0,0.19264968,0.0,0.0,0.0,0.0,0.0,0.0,0.0,0.0,0.0,0.0,0.0,0.0,0.0,0.0
SNRNP200,0.0,0.0,0.0,0.27249312,0.7678433,0.3977822,0.38319385,0.5660991,0.0,0.49282485,0.0,0.0,0.0,0.0,0.6868571,0.0,0.0,0.0,0.0,0.0,0.0,0.0,0.0,0.0,0.36230922,0.0,0.0,0.33888793,0.0,0.0,0.0,0.0,0.0,0.0,0.0,0.0,0.0,0.0,0.0,0.0,0.0,0.6547186
NCAPH,0.0,0.0,0.0,0.0,0.50716406,0.0,0.0,0.24383698,0.0,0.0,0.0,0.0,0.0,0.0,0.0,0.0,0.0,0.0,0.0,0.0,0.0,0.0,0.0,0.0,0.17029929,0.0,0.0,0.0,0.0,0.0,0.0,0.0,0.0,0.0,0.0,0.0,0.0,0.0,0.0,0.0,0.0,0.0
ARID5A,0.0,0.0,0.0,0.0,0.31798154,0.0,0.0,0.0,0.0,0.0,0.0,0.0,0.0,0.0,0.0,0.0,0.0,0.0,0.0,0.0,0.0,0.0,0.0,0.0,0.0,0.0,0.0,0.0,0.0,0.0,0.0,0.0,0.0,0.0,0.7126286,0.0,0.0,0.0,0.0,0.0,0.0,0.0
ANKRD39,0.0,0.0,0.0,0.0,0.0,0.0,0.0,0.0,0.0,0.0,0.0,0.0,0.0,0.0,0.0,0.0,0.0,0.0,0.0,0.0,0.0,0.0,0.0,0.0,0.17393991,0.0,0.0,0.0,0.0,0.0,0.0,0.0,0.0,0.0,0.0,0.0,0.0,0.0,0.0,0.0,0.0,0.0
FAM178B,0.0,0.0,0.0,0.0,0.0,0.0,0.0,1.6322504,0.0,0.0,0.0,0.0,0.0,0.0,0.0,0.0,0.0,0.0,0.0,0.0,0.0,0.0,0.0,0.0,0.0,0.0,0.0,0.0,0.0,0.0,0.0,0.0,0.0,0.0,0.0,0.0,0.0,0.0,0.0,0.0,0.0,0.0
COX5B,1.1466931,1.7755289,1.4981551,1.689081,1.414705,1.3963988,1.5509384,1.7539889,1.9033425,1.40166,0.9013167,1.6733403,1.141807,1.0900201,1.1810663,1.4874959,1.1756241,1.5025082,1.0484507,1.2916734,1.2572476,0.0,1.735826,0.76776034,1.593471,0.0,0.935398,1.5652889,0.9930198,0.0,1.1010851,1.2058077,1.0556045,1.1571287,1.0883193,1.0412462,1.0318877,1.2471957,1.1988869,1.1254485,1.0495343,1.340383
ZAP70,0.0,0.0,0.0,0.0,1.0457947,0.0,0.0,0.0,0.0,0.0,0.0,0.0,0.0,0.0,0.0,0.0,0.0,0.0,0.0,1.1742256,0.93179154,0.0,0.0,0.0,0.0,0.0,0.0,0.0,0.0,0.0,0.0,0.0,0.0,0.0,0.0,0.9214229,0.0,0.0,0.0,0.0,0.9434675,0.0
INPP4A,0.0,0.0,0.0,0.0,0.0,0.0,0.0,0.0,0.0,0.0,0.0,0.0,0.0,0.0,0.0,0.0,0.0,0.0,0.0,0.0,0.0,0.0,0.0,0.0,0.0,0.0,0.0,0.0,0.0,0.0,0.0,0.0,0.0,0.0,0.0,0.0,0.0,0.0,0.0,0.0,0.0,0.56769776
COA5,0.0,0.0,0.0,0.0,0.0,0.0,0.0,0.0,0.0,0.0,0.0,0.0,0.0,0.0,0.0,0.0,0.0,0.0,0.0,0.0,0.0,0.0,0.0,0.0,0.14598884,0.0,0.0,0.0,0.0,0.0,0.0,0.0,0.0,0.0,0.0,0.0,0.0,0.0,0.0,0.0,0.0,0.0
MGAT4A,0.0,0.0,0.0,0.0,0.0,0.0,0.0,0.0,0.0,0.0,0.0,0.0,0.0,1.004998,0.0,0.0,0.0,0.0,0.0,0.0,0.0,0.0,0.0,0.0,0.0,0.0,0.0,0.0,0.0,0.0,0.8601488,0.0,0.0,0.0,0.92434573,0.9425586,0.9374723,0.0,0.0,0.8939098,1.0800302,0.40068805
MITD1,0.0,0.0,0.0,0.0,0.0,0.0,0.0,0.0,0.0,0.18083665,0.0,0.0,0.0,0.0,0.0,0.0,0.0,0.0,0.0,0.0,0.0,0.0,0.0,0.0,0.15630423,0.0,0.0,0.0,0.0,0.0,0.0,0.0,0.0,0.0,0.0,0.0,0.0,0.0,0.0,0.0,0.0,0.0
TXNDC9,0.0,0.0,0.0,0.0,0.0,0.0,0.0,0.2382333,0.0,0.0,0.0,0.0,0.0,0.0,0.0,0.0,0.0,0.0,0.0,0.0,0.0,0.0,0.0,0.0,0.14813367,0.0,0.0,0.0,0.0,0.0,0.0,0.0,0.0,0.0,0.0,0.0,0.0,0.0,0.0,0.0,0.0,0.0
EIF5B,0.0,0.0,0.0,0.48103192,0.6025976,0.66842306,0.48666447,1.0364774,0.0,0.62309736,0.0,0.0,0.0,0.0,0.0,0.0,0.0,0.0,0.0,0.0,0.0,0.0,0.0,0.6652395,1.088058,0.0,0.0,0.79292387,0.0,0.0,0.0,0.0,0.0,0.0,0.0,0.0,0.0,0.0,0.0,0.0,0.0,0.34304816
AFF3,0.845777,0.0,0.0,0.0,0.0,0.0,0.5179113,0.0,0.0,0.62781835,0.6301467,0.0,0.0,0.0,1.2927269,0.0,0.0,0.0,0.97449476,0.0,0.0,1.5170417,0.0,0.0,0.0,2.1968918,1.4929177,0.0,0.0,0.0,0.0,0.0,0.0,0.0,0.0,0.0,0.0,0.0,0.0,0.0,0.0,1.1556482
PDCL3,0.0,0.0,0.0,0.0,0.0,0.0,0.4363086,0.16716605,0.0,0.0,0.0,0.0,0.0,0.0,0.0,0.0,0.0,0.0,0.0,0.0,0.0,0.0,0.0,0.0,0.17393991,0.0,0.0,0.0,0.0,0.0,0.0,0.0,0.0,0.0,0.0,0.0,0.0,0.0,0.0,0.0,0.0,0.0
RPL31,2.364242,0.6834405,1.8489398,2.021482,1.6065243,2.4189217,2.1381714,2.756103,1.8419654,2.520387,2.1512852,2.0005887,1.7012795,2.221958,2.6356115,2.052301,2.1475415,1.6414356,2.3859372,1.7923847,2.029427,2.2041285,1.7905476,0.96926516,1.7958226,2.030143,2.190145,2.4790864,2.1052146,0.0,2.5205986,2.095889,2.46352,2.0510206,2.6857991,2.6077685,2.6957343,2.2792187,2.1258566,2.1501114,2.309454,2.1459432
RNF149,0.0,0.6834405,1.2444036,0.21256775,0.0,0.40578204,0.5444695,0.0,0.0,0.0,0.0,1.1278445,1.1757209,0.0,0.0,0.0,0.0,0.0,0.0,0.0,0.0,0.0,1.345921,0.15529001,0.12564816,0.0,0.0,0.0,0.0,0.0,0.68189037,0.0,0.0,0.0,0.0,0.884668,0.0,0.0,0.0,0.82320654,0.0,0.7139925
MAP4K4,0.0,0.0,0.5488041,0.58648664,0.0,0.0,0.0,0.19237879,0.0,0.314459,0.0,0.0,0.0,0.0,0.77814996,0.0,0.0,0.0,0.0,0.0,0.0,0.0,0.52261746,0.0,0.0,0.0,0.0,0.0,0.0,0.0,0.0,0.0,0.0,0.0,0.0,0.0,0.0,0.0,0.0,0.0,0.0,0.7331272
IL1R2,0.0,0.0,0.0,0.0,0.0,0.0,0.0,0.0,0.0,0.0,0.0,0.965619,0.0,0.0,0.0,0.0,0.0,0.0,0.0,0.0,0.0,0.0,0.0,0.0,0.0,0.0,0.0,0.0,0.0,0.0,0.0,0.0,0.0,0.0,0.0,0.0,0.0,0.0,0.0,0.0,0.0,0.0
IL1R1,0.0,0.0,0.0,0.0,0.0,0.0,0.0,0.0,0.0,0.0,0.96516603,0.0,0.0,0.0,0.0,0.0,0.0,0.0,0.0,0.0,0.0,0.0,0.0,0.0,0.0,0.0,0.0,0.0,0.0,0.0,0.0,0.0,0.0,0.0,0.0,0.0,0.0,0.0,0.0,0.0,0.0,0.0
IL1RL1,0.0,0.0,0.0,0.0,0.0,0.0,0.0,0.0,0.0,0.0,0.0,0.0,0.0,0.0,0.0,0.0,0.9928386,0.0,0.0,0.0,0.0,0.0,0.0,0.0,0.0,0.0,0.0,0.0,0.0,0.0,0.0,0.0,0.0,0.0,0.0,0.0,0.0,0.0,0.0,0.0,0.0,0.0
IL18R1,0.0,0.0,0.0,0.0,0.0,0.0,0.0,0.0,0.0,0.0,0.8185749,0.0,0.0,0.0,0.0,0.0,0.0,0.0,0.0,0.0,0.0,0.0,0.0,0.0,0.0,0.0,0.0,0.0,0.0,0.0,0.0,0.0,0.0,0.0,0.0,0.0,0.0,0.0,0.0,0.0,0.0,0.0
MRPS9,0.0,0.0,0.0,0.0,0.0,0.0,0.0,0.42269358,0.0,0.0,0.0,0.0,0.0,0.0,0.0,0.0,0.0,0.0,0.0,0.0,0.0,0.0,0.0,0.0,0.22759601,0.0,0.0,0.0,0.0,0.0,0.0,0.0,0.0,0.0,0.0,0.0,0.0,0.0,0.0,0.0,0.0,0.0
FHL2,0.0,0.0,0.0,0.0,0.0,0.0,0.0,0.6178416,0.0,0.0,0.0,0.0,0.0,0.0,0.0,0.0,0.0,0.0,0.0,0.0,0.0,0.0,0.0,0.0,0.0,0.0,0.0,0.0,0.0,0.0,0.0,0.0,0.0,0.0,0.0,0.0,0.0,0.0,0.0,0.0,0.0,0.0
NCK2,0.0,0.0,0.0,0.0,0.0,0.0,0.0,0.0,0.0,0.0,0.0,0.0,0.0,0.0,0.0,0.0,0.0,0.0,0.0,0.0,0.0,0.0,0.0,0.0,0.0,0.0,0.0,0.0,0.0,0.0,0.68966544,0.0,0.83492076,0.0,0.7942177,0.0,0.8114862,0.54811,0.0,0.7684728,0.0,0.0
GCC2,0.9282145,0.0,0.0,0.0,0.63546634,0.0,0.3546848,0.0,0.0,0.36239028,0.0,0.0,0.44090223,0.6855351,0.9916867,0.0,0.0,0.0,0.73071015,0.0,0.0,0.0,0.0,0.14963485,0.3209116,0.0,0.0,0.0,0.0,0.0,0.855301,1.0330517,0.97534174,1.1712221,0.9308595,0.87314874,1.0317714,0.9261837,1.106406,0.0,0.8953636,0.7806418
LIMS1,0.0,0.0,0.9033201,0.8042361,0.0,0.28412688,0.8155059,0.49431562,0.0,0.18083665,0.0,1.0883627,0.44090223,0.0,0.0,0.0,0.0,2.6377883,0.0,0.0,0.0,0.0,0.90836954,0.0,0.3294098,0.0,0.0,0.51527894,0.0,0.0,0.0,0.0,0.0,0.0,0.0,0.0,0.0,0.0,0.0,0.0,0.0,0.0
RANBP2,0.79675174,0.0,0.0,0.22602025,0.0,0.48126704,0.44801056,0.2293312,0.0,0.0,0.6301467,0.5046885,0.5578004,0.0,0.0,0.0,0.0,0.0,0.0,0.0,0.0,0.0,0.0,0.16501774,0.27262,0.0,0.0,0.33163553,0.24928647,0.0,0.0,0.0,0.0,0.0,0.0,0.0,0.0,0.0,0.0,0.0,0.0,0.0
MTLN,0.0,0.0,0.0,0.0,0.0,0.0,0.0,0.37212613,0.0,0.23380059,0.0,0.0,0.0,0.0,0.0,0.0,0.0,0.0,0.0,0.0,0.0,0.0,0.0,0.0,0.0,0.0,0.0,0.0,0.0,0.0,0.0,0.0,0.0,0.0,0.0,0.0,0.0,0.0,0.0,0.0,0.0,0.0
BUB1,0.0,0.0,0.0,0.0,0.0,0.0,0.0,0.0,0.0,0.0,0.0,0.0,0.0,0.0,0.0,0.0,0.0,0.0,0.0,0.0,0.0,0.0,0.0,0.0,0.38135964,0.0,0.0,0.0,0.0,0.0,0.0,0.0,0.0,0.0,0.0,0.0,0.0,0.0,0.0,0.0,0.0,0.0
MIR4435-2HG,0.0,0.0,0.0,0.0,0.0,0.40020192,0.0,0.39471734,0.0,0.0,0.0,0.0,0.0,0.0,0.0,0.0,0.0,0.39916435,0.0,0.0,0.0,0.0,0.0,0.0,0.26444438,0.0,0.0,0.0,0.0,0.0,0.0,0.0,0.0,0.0,0.0,0.0,0.0,0.0,0.0,0.0,0.0,0.0
BCL2L11,0.0,0.0,0.0,0.0,0.0,0.48598903,0.0,0.0,0.0,0.18083665,0.0,0.0,0.7458428,0.0,0.0,0.0,0.0,0.0,0.0,0.0,0.0,0.0,0.0,0.0,0.20090127,0.0,0.0,0.0,0.0,0.0,0.0,0.0,0.0,0.0,0.0,0.0,0.0,0.0,0.0,0.0,0.0,0.0
ANAPC1,0.0,0.0,0.0,0.0,0.0,0.0,0.0,0.0,0.0,0.18083665,0.0,0.0,0.0,0.0,0.0,0.0,0.0,0.0,0.0,0.0,0.0,0.0,0.0,0.0,0.0,0.0,0.0,0.0,0.0,0.0,0.0,0.0,0.0,0.0,0.0,0.0,0.0,0.0,0.0,0.0,0.0,0.0
CHCHD5,0.0,0.0,0.0,0.2636258,0.0,0.3556153,0.3762196,0.29783472,0.0,0.0,0.0,0.0,0.0,0.0,0.0,0.0,0.0,0.0,0.0,0.0,0.0,0.0,0.0,0.0,0.27654222,0.0,0.0,0.28598452,0.0,0.0,0.0,0.0,0.0,0.0,0.0,0.0,0.0,0.0,0.0,0.0,0.0,0.0
SLC20A1,0.0,0.0,0.0,0.0,0.57753825,0.3828968,0.0,0.0,0.0,0.0,0.0,0.0,0.44090223,0.0,0.0,0.0,0.0,0.0,0.0,0.0,0.0,0.0,0.0,0.0,0.0,0.0,0.0,0.0,0.0,0.0,0.0,0.0,0.0,0.0,0.0,0.0,0.0,0.0,0.0,0.0,0.0,0.90773726
CKAP2L,0.0,0.0,0.0,0.0,0.7213727,0.0,0.0,0.0,0.0,0.0,0.0,0.0,0.0,0.0,0.0,0.0,0.0,0.0,0.0,0.0,0.0,0.0,0.0,0.0,0.0,0.0,0.0,0.0,0.0,0.0,0.0,0.0,0.0,0.0,0.0,0.0,0.0,0.0,0.0,0.0,0.0,0.0
IL1B,0.0,0.0,0.0,0.0,0.0,0.0,0.16297461,0.0,0.0,0.0,0.0,3.4264758,1.3831153,0.0,0.0,0.0,0.0,0.0,0.0,0.0,0.0,0.0,0.0,0.0,0.0,0.0,0.0,0.0,0.0,0.0,0.0,0.0,0.0,0.0,0.0,0.0,0.0,0.0,0.0,0.0,0.0,0.0
IL1RN,0.0,0.0,0.0,0.0,0.0,0.0,0.0,0.0,0.0,0.0,0.0,0.5073828,0.0,0.0,0.0,0.0,0.0,0.0,0.0,0.0,0.0,0.0,0.0,0.0,0.0,0.0,0.0,0.0,0.0,0.0,0.0,0.0,0.0,0.0,0.0,0.0,0.0,0.0,0.0,0.0,0.0,0.0
ACTR3,1.1466931,0.0,1.4268504,1.5099268,1.4399924,1.246089,1.4015723,0.66157997,0.0,1.048669,0.0,1.054872,1.4048783,0.0,0.0,0.80092317,1.122653,1.7505943,1.0145373,1.1899022,1.0669138,0.0,1.2726446,0.26374462,0.9353551,0.0,0.0,0.94299364,0.8862552,0.0,0.9350218,1.0728266,1.006758,0.97170365,0.9480424,1.0301472,0.8985454,1.1732996,0.9700217,0.86841303,0.0,1.0093024
DDX18,0.510213,0.0,0.0,0.36891675,0.51354706,0.329874,0.50117546,0.9093425,0.0,0.57238364,0.0,0.0,0.0,0.0,0.0,0.0,0.0,0.0,0.0,0.0,0.0,0.0,0.53356606,0.20578405,0.549113,0.0,0.0,0.5339367,0.0,0.0,0.75198287,0.6056048,0.7326629,0.0,0.85756123,0.7679211,0.92489636,0.5335475,0.0,0.0,0.0,0.66020656
MARCO,0.0,1.0205148,0.0,0.0,0.0,0.0,0.0,0.0,0.0,0.0,0.0,1.3194139,0.0,0.0,0.0,0.0,0.0,0.0,0.0,0.0,0.0,0.0,0.0,0.0,0.0,0.0,0.0,0.0,0.0,0.0,0.0,0.0,0.0,0.0,0.0,0.0,0.0,0.0,0.0,0.0,0.0,0.0
STEAP3,0.0,0.0,0.0,0.0,0.0,0.0,0.0,0.1750664,0.0,0.0,0.0,0.0,0.0,0.0,0.0,0.0,0.0,0.0,0.0,0.0,0.0,0.0,0.0,0.0,0.0,0.0,0.0,0.0,0.0,0.0,0.0,0.0,0.0,0.0,0.0,0.0,0.0,0.0,0.0,0.0,0.0,0.0
DBI,0.9282145,1.6155457,1.0994798,1.4969425,1.7923136,0.8421878,1.5018215,0.1482855,1.4195268,0.9721905,0.0,1.3198661,0.7257168,0.81568164,1.3148127,0.80058503,0.85046315,0.0,0.0,1.3740088,1.066664,0.0,1.0257654,0.3844366,1.2174871,1.3497715,0.0,0.87703246,0.4737544,0.0,0.0,1.1317444,0.0,1.0300891,0.0,0.0,0.0,0.90867895,1.0168967,0.8933126,0.0,1.2598479
PTPN4,0.0,0.0,0.0,0.0,0.65585285,0.0,0.0,0.0,0.0,0.0,0.0,0.0,0.0,0.0,0.0,0.0,0.0,0.0,0.0,1.0199476,0.0,0.0,0.0,0.0,0.0,0.0,0.0,0.0,0.0,0.0,0.0,0.0,0.0,0.0,0.0,0.0,0.0,0.0,0.0,0.0,0.0,0.0
RALB,0.0,0.0,0.0,0.0,0.0,0.0,0.0,0.0,0.0,0.0,0.0,0.0,0.44090223,0.0,0.0,0.0,0.0,0.4279104,0.0,0.0,0.0,0.0,0.53861195,0.0,0.0,0.0,0.0,0.0,0.0,0.0,0.0,0.0,0.0,0.0,0.0,0.0,0.0,0.0,0.0,0.0,0.0,0.0
NIFK,0.0,0.0,0.0,0.0,0.0,0.0,0.32769254,0.5492831,0.0,0.0,0.0,0.0,0.0,0.0,0.0,0.0,0.0,0.0,0.0,0.0,0.0,0.0,0.0,0.0,0.35495833,0.0,0.0,0.47203588,0.0,0.0,0.0,0.0,0.0,0.0,0.0,0.0,0.0,0.0,0.0,0.0,0.0,0.0
TSN,0.0,0.0,0.0,0.0,0.0,0.0,0.0,0.395955,0.0,0.44057786,0.0,0.0,0.0,0.0,0.0,0.0,0.0,0.0,0.0,0.0,0.0,0.0,0.0,0.0,0.16683619,0.0,0.0,0.29656506,0.0,0.0,0.0,0.0,0.0,0.0,0.0,0.0,0.0,0.0,0.0,0.0,0.0,0.0
GYPC,0.8607786,0.0,0.0,0.0,1.04996,1.1561577,0.0,2.388577,0.0,1.0272458,1.234842,0.64906085,0.44090223,1.0838984,0.9916867,0.0,0.0,0.0,0.0,1.0564299,1.0554215,0.0,0.0,0.5448039,0.75105566,0.0,1.2039261,1.2169852,0.19114219,0.0,0.8757838,1.009466,0.98469985,1.1547425,0.9554131,1.2203007,1.5283927,1.0211964,1.1113049,0.99511296,1.1442078,0.0
BIN1,0.72478276,0.0,0.0,0.0,0.7466593,0.40235615,0.27371624,0.0,0.0,0.18083665,0.0,0.0,0.0,0.0,0.0,0.0,0.0,0.0,0.0,0.0,0.0,0.0,0.0,0.0,0.0,0.0,0.0,0.0,0.0,0.0,0.7747277,0.0,0.0,0.0,0.0,0.0,0.0,0.83271134,0.0,0.0,0.0,0.0
ERCC3,0.0,0.0,0.0,0.0,0.0,0.0,0.0,0.0,0.0,0.18083665,0.0,0.0,0.0,0.0,0.0,0.0,0.0,0.0,0.0,0.0,0.0,0.0,0.0,0.0,0.0,0.0,0.0,0.0,0.0,0.0,0.0,0.0,0.0,0.0,0.0,0.0,0.0,0.0,0.0,0.0,0.0,0.0
MAP3K2,0.0,0.0,0.6361352,0.5678545,0.0,0.0,0.42856002,0.0,0.0,0.18155362,0.0,0.0,0.44090223,0.0,0.0,0.0,0.0,0.0,0.0,0.0,0.0,0.0,0.43127006,0.0,0.14103276,0.0,0.0,0.0,0.0,0.0,0.0,0.0,0.0,0.0,0.0,0.0,0.0,0.0,0.0,0.0,0.0,0.7277347
PROC,0.0,0.0,0.0,0.0,0.0,0.0,0.0,0.0,0.0,0.0,0.0,0.0,0.0,0.0,0.0,0.0,0.0,0.0,0.0,0.0,0.0,0.0,0.0,0.0,0.0,0.0,0.0,0.0,0.0,0.0,0.0,0.0,0.0,0.0,0.0,0.0,0.0,0.0,0.0,0.0,0.0,0.5372602
IWS1,0.0,0.0,0.0,0.0,0.0,0.0,0.0,0.12833168,0.0,0.5978737,0.0,0.0,0.0,0.0,0.0,0.0,0.0,0.0,0.0,0.0,0.0,0.0,0.0,0.0,0.21339111,0.0,0.0,0.0,0.0,0.0,0.0,0.0,0.0,0.0,0.0,0.0,0.0,0.0,0.0,0.0,0.0,0.0
WDR33,0.0,0.0,0.0,0.0,0.4404997,0.0,0.42856002,0.35639018,0.0,0.0,0.0,0.47305363,0.0,0.0,0.0,0.0,0.0,0.0,0.0,0.0,0.0,0.0,0.0,0.21866085,0.46202153,0.0,0.0,0.0,0.0,0.0,0.0,0.0,0.0,0.0,0.0,0.0,0.0,0.0,0.0,0.0,0.0,0.0
POLR2D,0.0,0.0,0.0,0.0,0.0,0.0,0.0,0.27594322,0.0,0.0,0.0,0.0,0.0,0.0,0.0,0.0,0.0,0.0,0.0,0.0,0.0,0.0,0.0,0.0,0.22396155,0.0,0.0,0.0,0.0,0.0,0.0,0.0,0.0,0.0,0.0,0.0,0.0,0.0,0.0,0.0,0.0,0.0
UGGT1,0.0,0.0,0.0,0.0,0.0,0.0,0.0,0.1552586,0.0,0.0,0.0,0.0,0.0,0.0,0.0,0.0,0.0,0.0,0.0,0.0,0.0,0.0,0.0,0.0,0.15106389,0.0,0.0,0.0,0.0,0.0,0.0,0.0,0.0,0.0,0.0,0.0,0.0,0.0,0.0,0.0,0.0,0.0
SMPD4,0.0,0.0,0.0,0.0,0.0,0.0,0.0,0.22153036,0.0,0.0,0.0,0.0,0.0,0.0,0.0,0.0,0.0,0.0,0.0,0.0,0.0,0.0,0.0,0.0,0.16899817,0.0,0.0,0.0,0.0,0.0,0.0,0.0,0.0,0.0,0.0,0.0,0.0,0.0,0.0,0.0,0.0,0.0
MZT2B,0.565376,0.0,0.58582306,1.6322839,1.8248609,1.2037628,1.182398,1.3869885,0.0,1.7658633,1.064357,0.5046885,0.0,1.081445,1.1548164,0.92356706,1.240674,0.0,0.96156335,1.0624328,1.1804416,0.0,0.6590598,0.6946338,1.3377575,0.0,1.4290193,1.530854,1.116769,0.0,1.2530309,1.0588529,1.265588,1.0488713,1.367487,1.1544108,1.2154813,1.1804407,1.086364,1.1873627,1.0877972,1.1427152
VMA22,0.0,0.0,0.0,0.0,0.0,0.0,0.33419082,0.0,0.0,0.18083665,0.0,0.0,0.0,0.0,0.0,0.0,0.0,0.0,0.0,0.0,0.0,0.0,0.0,0.0,0.0,0.0,0.0,0.0,0.0,0.0,0.0,0.0,0.0,0.0,0.0,0.0,0.0,0.0,0.0,0.0,0.0,0.0
IMP4,0.0,0.0,0.0,0.0,0.0,0.0,0.0,0.6567771,0.0,0.23875955,0.0,0.0,0.0,0.0,0.0,0.0,0.0,0.0,0.0,0.0,0.0,0.0,0.0,0.11845069,0.55198824,0.0,0.0,0.20070559,0.0,0.0,0.0,0.0,0.0,0.0,0.0,0.0,0.0,0.0,0.0,0.0,0.0,0.0
PTPN18,0.0,0.0,0.0,0.52678645,0.68524206,0.4580726,0.6118924,0.0,0.0,0.0,0.0,0.6602513,0.0,0.0,0.0,0.0,0.0,0.66204363,0.0,0.0,0.0,0.0,0.8114169,0.0,0.0,0.0,0.0,0.0,0.0,0.0,0.0,0.0,0.0,0.0,0.0,0.0,0.0,0.0,0.0,0.0,0.0,0.4544013
PLEKHB2,0.0,0.0,0.5742314,0.5640662,0.0,0.50819945,0.5691604,0.1388323,0.0,0.0,0.0,0.7063019,0.0,0.0,0.0,0.0,0.0,0.0,0.0,0.0,0.0,0.0,0.58117956,0.0,0.14557157,0.0,0.0,0.2805279,0.0,0.0,0.0,0.0,0.0,0.0,0.0,0.0,0.0,0.0,0.0,0.0,0.0,0.0
MZT2A,0.0,0.0,0.0,0.7602778,0.9306735,1.1088154,0.48373562,0.85974264,0.0,0.8970875,0.0,0.0,0.0,0.0,0.0,0.0,0.0,0.0,0.0,0.0,0.0,0.0,0.0,0.21537958,0.75626326,0.0,0.0,0.86004263,0.0,0.0,0.8018714,0.0,0.72357774,0.0,0.7838285,0.0,0.0,0.6165049,0.0,0.0,0.0,0.52470803
CCNT2,0.0,0.0,0.0,0.0,0.0,0.0,0.0,0.0,0.0,0.23380059,0.0,0.0,0.0,0.0,0.0,0.0,0.0,0.0,0.0,0.0,0.0,0.0,0.0,0.0,0.0,0.0,0.0,0.0,0.0,0.0,0.0,0.0,0.0,0.0,0.0,0.0,0.0,0.0,0.0,0.0,0.0,0.0
RAB3GAP1,0.0,0.0,0.0,0.0,0.0,0.0,0.0,0.0,0.0,0.3953033,0.0,0.0,0.0,0.0,0.0,0.0,0.0,0.0,0.0,0.0,0.0,0.0,0.0,0.0,0.0,0.0,0.0,0.0,0.0,0.0,0.0,0.0,0.0,0.0,0.0,0.0,0.0,0.0,0.0,0.0,0.0,0.0
R3HDM1,0.0,0.0,0.0,0.0,0.0,0.0,0.0,0.0,0.0,0.3960203,0.0,0.0,0.0,0.0,0.0,0.0,0.0,0.0,0.0,0.0,0.0,0.0,0.0,0.0,0.14598884,0.0,0.0,0.0,0.0,0.0,0.0,0.0,0.0,0.0,0.0,0.0,0.0,0.0,0.0,0.0,0.0,0.0
UBXN4,0.8779965,0.0,0.68976444,0.81082755,0.9272211,0.57750386,0.88531214,0.8057569,0.0,0.8373678,0.48630244,0.68302804,0.5578004,0.0,0.0,0.0,0.54449064,0.0,0.6195003,0.0,0.76931036,0.0,0.6482987,0.75066173,1.0203333,0.0,0.0,0.8349774,0.7899049,0.0,0.7509768,0.0,0.8893249,0.700997,0.0,0.77364445,0.0,0.88428897,0.0,0.8565465,0.0,1.0809997
MCM6,0.0,0.0,0.0,0.0,0.5376661,0.0,0.0,0.4823083,0.0,0.18155362,0.0,0.0,0.0,0.0,0.0,0.0,0.0,0.0,0.0,0.0,0.0,0.0,0.0,0.0,0.22458787,0.0,0.0,0.23752028,0.0,0.0,0.0,0.0,0.0,0.0,0.0,0.0,0.0,0.0,0.0,0.0,0.0,0.0
DARS1,0.0,0.0,0.0,0.23418489,0.0,0.40235615,0.41870624,0.6533569,0.0,0.72047806,0.0,0.0,0.0,0.0,0.0,0.0,0.0,0.0,0.0,0.0,0.0,0.0,0.0,0.0,0.44637376,0.0,0.0,0.6794069,0.0,0.0,0.0,0.0,0.0,0.0,0.0,0.0,0.0,0.0,0.0,0.0,0.0,0.14763065
CXCR4,1.3762835,0.0,0.0,0.8144189,1.3765678,0.7979581,1.4167618,0.0,0.0,1.1120532,2.084093,0.72303134,1.5547979,2.943575,2.9876518,1.2398783,2.664238,0.0,2.3940191,1.9400191,1.7209461,2.7721202,0.91868615,0.45453474,0.46136338,2.6935663,2.1101985,0.0,1.7035071,2.0061994,2.1767256,2.5825,2.3953538,2.995637,1.6829041,1.8892263,2.042409,2.1371489,2.8912086,2.695816,2.785004,1.5790336
HNMT,0.0,0.0,0.0,0.0,0.0,0.0,0.0,0.0,0.0,0.0,0.0,0.68302804,0.0,0.0,0.0,0.0,0.0,0.0,0.0,0.0,0.0,0.0,0.0,0.0,0.0,0.0,0.0,0.0,0.0,0.0,0.0,0.0,0.0,0.0,0.0,0.0,0.0,0.0,0.0,0.0,0.0,0.0
KYNU,0.0,0.0,0.0,0.0,0.0,0.0,0.39008018,0.0,0.0,0.0,0.0,0.5073828,0.91374826,0.0,0.0,0.0,0.0,0.0,0.0,0.0,0.0,0.0,0.5889524,0.0,0.0,0.0,0.0,0.0,0.0,0.0,0.0,0.0,0.0,0.0,0.0,0.0,0.0,0.0,0.0,0.0,0.0,0.0
ARHGAP15,0.0,0.0,0.0,0.0,0.57802117,0.0,0.3762196,0.0,0.0,0.0,0.0,0.0,0.0,0.0,0.0,0.0,0.0,0.0,0.0,0.0,0.0,0.0,0.0,0.0,0.13528542,0.0,0.0,0.26655087,0.0,0.0,0.8918659,0.0,0.78386027,0.0,0.0,0.9194229,0.0,0.0,0.0,0.0,0.0,0.0
ZEB2,1.1543701,0.2705642,1.849993,1.4400418,1.0858488,0.0,1.2019428,0.3619645,0.0,0.70693946,0.0,1.5562723,0.7257168,0.0,0.0,0.77453846,1.1795549,0.8229834,0.0,1.4490576,0.0,0.0,1.6434553,0.0,0.0,1.9818723,1.893615,1.0872626,0.0,0.0,0.0,1.4497645,0.0,1.212321,0.0,0.0,0.0,0.0,0.96016335,0.0,0.0,1.1586022
ORC4,0.0,0.0,0.0,0.0,0.0,0.0,0.0,0.31307203,0.0,0.0,0.0,0.0,0.0,0.0,0.0,0.0,0.0,0.0,0.0,0.0,0.0,0.0,0.0,0.0,0.0,0.0,0.0,0.0,0.0,0.0,0.0,0.0,0.0,0.0,0.0,0.0,0.0,0.0,0.0,0.0,0.0,0.0
MMADHC,0.0,0.0,0.0,0.0,0.0,0.3828968,0.43932745,0.9692426,0.0,0.47256014,0.0,0.0,0.0,0.0,0.0,0.0,0.0,0.0,0.0,0.0,0.0,0.0,0.0,0.19078834,0.56451565,0.0,0.0,0.34542668,0.0,0.0,0.0,0.0,0.0,0.0,0.0,0.0,0.0,0.0,0.0,0.0,0.0,0.0
NMI,0.0,0.0,0.0,0.0,0.0,0.28951037,0.41449797,0.41897923,0.0,0.18083665,0.0,0.0,0.0,0.0,0.0,0.0,0.0,0.0,0.0,0.0,0.0,0.0,0.0,0.0,0.0,0.0,0.0,0.35829687,0.0,0.0,0.0,0.0,0.0,0.0,0.0,0.0,0.0,0.0,0.0,0.0,0.0,0.0
RIF1,0.0,0.0,0.0,0.56574,0.50251687,0.0,0.0,0.6535073,0.0,0.4398609,0.0,0.0,0.0,0.0,0.0,0.0,0.0,0.0,0.0,0.0,0.0,0.0,0.0,0.0,0.24427398,0.0,0.0,0.53837204,0.0,0.0,0.0,0.0,0.0,0.0,0.0,0.0,0.0,0.0,0.0,0.0,0.0,0.0
ARL5A,0.0,0.0,0.0,0.0,0.490295,0.85325944,0.68434,0.49789536,0.0,0.3960203,0.0,0.0,0.0,0.0,0.0,0.0,0.0,0.0,0.0,0.0,0.0,0.0,0.0,0.27811354,0.66193724,0.0,0.0,0.27357733,0.0,0.0,0.0,0.0,0.0,0.0,0.0,0.0,0.0,0.0,0.0,0.0,0.0,0.64419544
PRPF40A,0.53828317,0.0,0.68944293,1.0177705,0.8641447,0.52941227,0.9847698,1.0309584,0.0,0.7565536,0.0,0.5073828,0.7458428,0.0,0.0,0.0,0.59308225,0.0,0.0,0.0,0.0,0.0,0.664371,0.15189148,0.78392494,0.0,0.0,1.0051932,0.0,0.0,0.0,0.0,0.0,0.0,0.0,0.0,0.0,0.0,0.0,0.0,0.0,0.83374166
ARL6IP6,0.0,0.0,0.0,0.0,0.0,0.0,0.0,0.28863525,0.0,0.0,0.0,0.0,0.0,0.0,0.0,0.0,0.0,0.0,0.0,0.0,0.0,0.0,0.0,0.0,0.0,0.0,0.0,0.0,0.0,0.0,0.0,0.0,0.0,0.0,0.0,0.0,0.0,0.0,0.0,0.0,0.0,0.0
NR4A2,1.8371211,0.0,0.6507452,0.42875046,0.94160354,1.134337,1.1411542,0.0,0.0,0.0,1.049655,1.1278445,1.8290203,1.2274584,1.8637866,0.0,0.0,0.0,1.5233717,1.3066022,1.4792299,1.3138173,0.77737725,0.0,0.0,0.0,0.0,0.0,1.1378956,0.0,0.88104796,0.0,0.8962212,1.3601841,0.0,0.93723655,0.8379605,0.9978076,1.1603533,1.2221966,1.3962387,0.0
CYTIP,1.2397038,0.0,0.0,0.0,0.94823706,0.7185833,0.6651936,0.0,0.0,0.79216564,0.0,0.79289067,0.0,1.204907,0.0,0.27554533,0.0,0.0,0.88621217,1.2841642,1.0187871,1.1444995,1.2032497,0.7640549,0.8040752,0.0,0.0,0.0,1.116769,0.0,1.3295445,1.3718636,1.3745601,1.3049471,1.5887241,1.534204,1.4314382,1.5105463,1.3404793,1.4732987,1.5659376,0.4867301
BAZ2B,0.0,0.0,0.0,0.0,0.0,0.0,0.44801056,0.0,0.0,0.0,0.0,0.0,0.0,0.0,0.0,0.0,0.0,0.0,0.0,0.0,0.0,0.0,0.0,0.0,0.0,0.0,0.0,0.0,0.0,0.0,0.0,0.0,0.0,0.0,0.0,0.0,0.0,0.0,0.0,0.0,0.0,0.58293474
MARCHF7,0.0,0.0,0.0,0.0,0.0,0.0,0.41870624,0.16892378,0.0,0.21446666,0.0,0.0,0.0,0.0,0.0,0.0,0.0,0.0,0.0,0.0,0.0,0.0,0.0,0.0,0.0,0.0,0.0,0.0,0.0,0.0,0.0,0.0,0.0,0.0,0.0,0.0,0.0,0.0,0.0,0.0,0.0,0.0
CD302,0.0,0.0,1.3318999,1.1806041,0.0,0.0,1.0467676,0.0,0.0,0.0,0.0,0.91348,1.5203841,0.0,0.0,0.0,0.0,0.0,0.0,0.0,0.0,0.0,0.9930137,0.0,0.0,0.0,0.0,0.5142445,0.0,0.0,0.0,0.0,0.0,0.0,0.0,0.0,0.0,0.0,0.0,0.0,0.0,0.63323915
LY75,0.0,0.0,0.0,0.0,0.0,0.53241324,0.0,0.0,0.0,0.0,0.0,0.0,0.0,0.0,0.0,0.0,0.0,0.0,0.0,0.0,0.0,0.0,0.0,0.0,0.0,0.0,0.0,0.0,0.0,0.0,0.0,0.0,0.0,0.0,0.0,0.0,0.0,0.0,0.0,0.0,0.0,0.0
RBMS1,0.0,0.0,0.94822,0.7401506,0.5516763,0.0,0.59402287,0.16894667,0.0,0.36239028,1.0021521,0.8423759,1.3831153,0.0,0.0,0.0,0.0,0.0,0.0,0.0,0.0,0.0,0.45304632,0.0,0.0,0.0,0.0,0.0,0.0,0.0,0.0,0.0,0.0,0.0,0.0,0.0,0.0,0.0,0.0,0.0,0.0,0.65358716
TANK,0.0,0.0,0.0,0.0,0.0,0.0,0.3384496,0.0,0.0,0.44826725,0.0,0.0,0.0,0.0,0.0,0.0,0.0,0.0,0.0,0.0,0.0,0.0,0.0,0.0,0.16683619,0.0,0.0,0.0,0.0,0.0,0.0,0.0,0.0,0.0,0.0,0.0,0.0,0.0,0.0,0.0,0.0,0.0
PSMD14,0.0,0.0,0.0,0.0,0.6277963,0.0,0.3479272,0.52916855,0.0,0.5482596,0.0,0.0,0.0,0.0,0.0,0.0,0.0,0.0,0.0,0.0,0.0,0.0,0.0,0.0,0.6612344,0.0,0.0,0.19511926,0.0,0.0,0.0,0.0,0.0,0.0,0.0,0.0,0.0,0.0,0.0,0.0,0.0,0.0
GCA,0.0,0.0,1.4451007,1.2028928,0.0,0.7710557,0.8361043,0.0,0.0,0.0,0.0,0.47305363,0.0,0.0,0.0,0.0,0.0,0.0,0.0,0.0,0.0,0.0,0.62337136,0.0,0.0,0.0,0.0,0.36755607,0.0,0.0,0.0,0.0,0.0,0.0,0.0,0.0,0.0,0.0,0.0,0.0,0.0,0.0
COBLL1,0.0,0.0,0.0,0.0,0.0,0.0,0.0,0.0,0.0,0.0,0.0,0.0,0.0,0.0,0.9916867,0.0,0.0,0.0,0.8447933,0.0,0.0,0.0,0.0,0.30739683,0.4538422,0.0,0.0,0.0,0.0,0.0,0.0,0.0,0.0,0.0,0.0,0.0,0.0,0.0,0.0,0.0,0.0,0.85488236
SCN9A,0.0,0.0,0.0,0.0,0.0,0.0,0.0,0.0,0.0,0.0,0.0,0.0,0.0,0.0,0.0,0.0,0.0,0.0,0.0,0.0,0.0,0.0,0.0,0.0,0.0,0.0,0.0,0.0,0.0,0.0,0.0,0.0,0.0,0.0,0.0,0.0,0.0,0.0,0.0,0.0,0.0,0.63049865
CERS6,0.0,0.0,0.0,0.0,0.0,0.0,0.0,0.0,0.0,0.0,0.0,0.0,0.0,0.0,0.0,0.0,0.0,0.0,0.0,0.0,0.0,0.0,0.0,0.0,0.0,0.0,0.0,0.0,0.0,0.0,0.0,0.0,0.0,0.0,0.0,0.0,0.0,0.0,0.0,0.0,0.0,0.821295
PPIG,0.8779965,0.0,0.0,0.8231713,1.0024523,0.40235615,0.711568,0.89477396,0.0,1.228562,0.0,0.0,0.0,0.0,0.7355936,0.0,0.0,0.0,0.8355583,0.0,0.0,0.0,0.5253845,0.19522703,0.7352071,0.0,0.0,0.852855,0.6647142,0.0,0.75615543,0.0,0.7173459,0.0,0.8515104,0.0,0.77359396,0.8100978,0.0,0.0,0.0,0.6584713
SSB,0.0,0.0,0.0,0.5092771,0.6162528,0.5035982,0.6704697,1.3583821,0.0,0.7324741,0.77548546,0.0,0.7458428,0.0,0.6868571,0.0,0.0,0.0,0.0,0.0,0.0,0.0,0.55088747,0.0,0.8372169,0.0,0.0,1.0188439,0.0,0.0,0.0,0.0,0.0,0.0,0.0,0.0,0.0,0.6251806,0.0,0.0,0.0,0.7217056
METTL5,0.0,0.0,0.0,0.0,0.0,0.0,0.0,0.7084105,0.0,0.0,0.0,0.0,0.0,0.0,0.0,0.0,0.0,0.0,0.0,0.0,0.0,0.0,0.0,0.0,0.44339252,0.0,0.0,0.0,0.0,0.0,0.0,0.0,0.0,0.0,0.0,0.0,0.0,0.0,0.0,0.0,0.0,0.0
GORASP2,0.0,0.0,0.0,0.0,0.0,0.0,0.0,0.3023484,0.0,0.0,0.0,0.0,0.0,0.0,0.0,0.0,0.0,0.0,0.0,0.0,0.0,0.0,0.0,0.38551944,0.48046565,0.0,0.0,0.0,0.0,0.0,0.0,0.0,0.0,0.0,0.0,0.0,0.0,0.0,0.0,0.0,0.0,0.54744506
TLK1,0.0,0.0,0.0,0.0,0.0,0.0,0.30307323,0.23079851,0.0,0.41463724,0.81207776,0.0,0.0,0.0,0.0,0.0,0.0,0.6746577,0.0,0.0,0.0,0.0,0.0,0.21425852,0.3875177,0.0,0.0,0.0,0.0,0.0,0.0,0.0,0.0,0.0,0.0,0.0,0.0,0.0,0.0,0.0,0.0,0.0
METTL8,0.0,0.0,0.0,0.0,0.0,0.0,0.0,0.0,0.0,0.0,0.0,0.0,0.0,0.0,0.0,0.0,0.0,0.0,0.0,0.0,0.0,0.0,0.0,0.0,0.08575259,0.0,0.0,0.0,0.0,0.0,0.0,0.0,0.0,0.0,0.0,0.0,0.0,0.0,0.0,0.0,0.0,0.0
DYNC1I2,0.0,0.0,0.0,0.31104016,0.0,0.0,0.3044914,0.21169525,0.0,0.0,0.0,0.0,0.0,0.0,0.0,0.0,0.0,0.0,0.0,0.0,0.0,0.0,0.0,0.0,0.1720261,0.0,0.0,0.0,0.0,0.0,0.0,0.0,0.0,0.0,0.0,0.0,0.0,0.0,0.0,0.0,0.0,0.0
HAT1,0.0,0.0,0.0,0.3015544,0.47329956,0.0,0.0,0.49542162,0.0,0.18155362,0.0,0.0,0.0,0.0,0.0,0.0,0.0,0.0,0.0,0.0,0.0,0.0,0.0,0.0,0.44715506,0.0,0.0,0.31458163,0.0,0.0,0.0,0.0,0.0,0.0,0.0,0.0,0.0,0.0,0.0,0.0,0.0,0.0
ITGA6,0.0,0.0,0.0,0.0,0.0,0.0,0.0,0.0,0.0,0.0,0.0,0.0,0.0,0.0,0.0,0.0,0.0,0.0,0.0,0.0,0.0,0.0,0.0,0.33255312,0.0,0.0,0.0,0.0,0.0,0.0,0.0,0.0,0.0,0.0,0.0,0.0,0.0,0.0,0.0,0.0,0.0,0.0
PDK1,0.0,0.0,0.0,0.0,0.0,0.0,0.0,0.0,0.0,0.0,0.0,0.0,0.0,0.0,0.0,0.0,0.0,0.0,0.0,0.0,0.0,0.0,0.0,0.340474,0.15978293,0.0,0.0,0.0,0.0,0.0,0.0,0.0,0.0,0.0,0.0,0.0,0.0,0.0,0.0,0.0,0.0,0.0
MAP3K20,0.0,0.0,0.0,0.0,0.0,0.2875488,0.39810312,0.0,0.0,0.42031318,0.0,0.0,0.0,0.0,0.0,0.0,0.0,0.0,0.0,0.0,0.0,0.0,0.0,0.0,0.0,0.0,0.0,0.0,0.0,0.0,0.0,0.0,0.0,0.0,0.0,0.0,0.0,0.0,0.0,0.0,0.0,0.0
CDCA7,0.0,0.0,0.0,0.0,0.0,0.0,0.0,0.0,0.0,0.0,0.0,0.0,0.0,0.0,0.0,0.0,0.0,0.0,0.0,0.0,0.0,0.0,0.0,0.0,0.0,0.0,0.0,0.40054142,0.0,0.0,0.0,0.0,0.0,0.0,0.0,0.0,0.0,0.0,0.0,0.0,0.0,0.0
SP3,0.0,0.0,0.0,0.32397944,0.43713546,0.0,0.4043847,0.117566764,0.0,0.3953033,0.0,0.0,0.5578004,0.0,0.0,0.0,0.0,0.0,0.0,0.0,0.0,0.0,0.0,0.0,0.19428341,0.0,0.0,0.0,0.0,0.0,0.0,0.0,0.0,0.0,0.0,0.0,0.0,0.0,0.0,0.0,0.0,0.0
OLA1,0.0,0.0,0.0,0.0,0.39985633,0.442071,0.50284827,0.7952603,0.0,0.23380059,0.0,0.0,0.0,0.0,0.0,0.0,0.0,0.0,0.0,0.0,0.0,0.0,0.0,0.0,0.39137512,0.0,0.0,0.5385579,0.0,0.0,0.0,0.0,0.0,0.0,0.0,0.0,0.0,0.0,0.0,0.0,0.0,0.0
CIR1,0.0,0.0,0.0,0.0,0.54719734,0.0,0.43932745,0.12689343,0.0,0.18083665,0.0,0.0,0.0,0.0,0.77814996,0.0,0.0,0.0,0.0,0.0,0.0,0.0,0.0,0.0,0.22458787,0.0,0.0,0.0,0.0,0.0,0.0,0.0,0.0,0.0,0.0,0.0,0.0,0.0,0.0,0.0,0.0,0.0
WIPF1,0.9897175,0.0,0.7294506,0.39090082,1.1392748,0.59331524,0.48373562,0.0,0.0,0.70693946,0.392094,0.91348,0.44090223,1.1972713,0.9916867,0.0,0.0,0.7429616,0.8083539,1.292631,1.2730377,0.0,0.76689744,0.0,0.5760504,0.0,0.0,0.23018521,0.6581844,0.0,0.7944836,1.1795819,0.9401267,1.4633995,0.0,0.9317633,0.0,0.9523718,1.2959955,1.1813793,1.1442078,0.0
ATP5MC3,0.89837277,0.6834405,0.95325255,1.3146663,1.5525053,1.3963988,1.5120999,2.149237,1.6334537,1.0980103,1.1449375,1.229509,1.3831153,0.9186975,1.1548164,1.0256504,0.29714778,1.6749711,0.87701166,1.157802,1.0556657,0.0,1.1988075,0.9211482,2.0810692,1.1193751,1.409537,1.5247939,0.7785859,0.0,0.86481655,1.0629907,0.0,0.8526858,0.87607,0.8392904,0.88378865,0.9690057,0.91267604,0.86841303,0.0,1.4740622
MTX2,0.0,0.0,0.0,0.0,0.0,0.0,0.0,0.18598387,0.0,0.18083665,0.0,0.0,0.0,0.0,0.0,0.0,0.0,0.0,0.0,0.0,0.0,0.0,0.0,0.0,0.13528816,0.0,0.0,0.0,0.0,0.0,0.0,0.0,0.0,0.0,0.0,0.0,0.0,0.0,0.0,0.0,0.0,0.0
HNRNPA3,1.3381929,1.0205148,1.2663499,1.6992314,2.0536933,1.2772194,1.3771027,1.6647158,0.0,1.6770934,1.3675416,1.2728063,0.7257168,1.1780236,1.1548164,1.0974138,1.6279995,1.325479,1.2162839,1.5536945,1.4214616,1.2568853,1.1614106,0.5610445,1.571504,1.4183174,1.3541749,1.6012135,1.133168,0.0,1.126293,1.3307723,1.2390066,1.5493717,1.0644193,1.0459948,1.113223,1.2588677,1.3688512,1.1503698,1.2362267,1.5797455
NFE2L2,0.51613474,0.0,0.0,0.0,0.0,0.7710557,0.47691563,0.2852365,0.0,0.18083665,0.0,0.8423759,1.5203841,0.0,0.0,0.0,0.0,0.0,0.0,0.0,0.0,0.0,0.56033486,0.0,0.118237555,0.0,0.0,0.0,0.0,0.0,0.0,0.0,0.0,0.0,0.0,0.0,0.0,0.0,0.0,0.0,0.0,0.0
PRKRA,0.0,0.0,0.0,0.0,0.0,0.0,0.0,0.12644519,0.0,0.0,0.0,0.0,0.0,0.0,0.0,0.0,0.0,0.0,0.0,0.0,0.0,0.0,0.0,0.0,0.15884948,0.0,0.0,0.0,0.0,0.0,0.0,0.0,0.0,0.0,0.0,0.0,0.0,0.0,0.0,0.0,0.0,0.0
TTN,0.0,0.0,0.0,0.0,0.0,0.0,0.0,0.0,0.0,0.0,0.6301467,0.0,0.0,0.0,0.0,0.0,0.0,0.0,0.0,0.0,0.0,0.0,0.0,0.0,0.0,0.0,0.0,0.0,0.0,0.0,0.0,0.0,0.0,0.0,0.0,0.0,0.0,0.0,0.0,0.0,0.0,0.0
SESTD1,0.0,0.0,0.0,0.0,0.0,0.0,0.0,0.0,0.0,0.0,0.0,0.0,0.5578004,0.0,0.0,0.0,0.0,0.0,0.0,0.0,0.0,0.0,0.0,0.0,0.0,0.0,0.0,0.0,0.0,0.0,0.0,0.0,0.0,0.0,0.0,0.0,0.0,0.0,0.0,0.0,0.0,0.0
CWC22,0.0,0.0,0.0,0.0,0.0,0.0,0.0,0.0,0.0,0.3960203,0.0,0.0,0.0,0.0,0.0,0.0,0.0,0.0,0.0,0.0,0.0,0.0,0.0,0.0,0.0,0.0,0.0,0.0,0.0,0.0,0.0,0.0,0.0,0.0,0.0,0.0,0.0,0.0,0.0,0.0,0.0,0.0
UBE2E3,0.0,0.0,0.0,0.0,0.57237816,0.0,0.0,0.6769581,0.0,0.18155362,0.0,0.0,0.0,0.0,0.0,0.0,0.0,0.792205,0.0,0.0,0.0,0.0,0.0,0.0,0.23451747,0.0,0.0,0.0,0.0,0.0,0.0,0.0,0.0,0.0,0.0,0.0,0.0,0.0,0.0,0.0,0.0,0.0
ITGA4,0.8471455,0.0,0.0,0.0,1.1955814,0.7979581,0.8826514,0.7611965,0.0,0.36239028,1.1428969,0.0,0.5578004,0.0,0.0,0.0,1.7079458,0.0,0.0,1.3245585,1.2864381,0.0,1.0012536,0.0,0.5305739,0.0,0.0,0.7249422,0.7272054,0.0,0.0,1.1487489,0.0,1.1134288,0.0,0.0,0.0,0.0,1.1141847,0.9161707,1.2078601,0.0
DNAJC10,0.0,0.0,0.0,0.0,0.0,0.0,0.0,0.0,0.0,0.0,0.0,0.0,0.5578004,0.0,0.0,0.0,0.0,0.0,0.0,0.0,0.0,0.0,0.0,0.0,0.33298343,0.0,0.0,0.0,0.0,0.0,0.0,0.0,0.0,0.0,0.0,0.0,0.0,0.0,0.0,0.0,0.0,0.0
ZC3H15,0.8087835,0.0,0.6066288,0.7740302,0.70747626,0.65338784,0.87684774,0.8149792,0.0,0.5449097,0.0,0.64906085,0.5578004,0.0,0.0,0.0,0.6958369,0.0,0.70131576,0.0,0.7872587,0.0,0.65947485,0.27747667,0.8058254,1.1291785,0.9181548,0.8379731,0.0,0.0,0.0,0.0,0.0,0.0,0.0,0.0,0.0,0.7068743,0.0,0.0,0.0,0.95305717
SLC40A1,0.0,0.0,0.0,0.0,0.0,0.0,0.0,0.61920017,0.0,0.0,0.0,0.0,0.0,0.0,0.0,0.0,0.0,0.0,0.0,0.0,0.0,0.0,0.0,0.0,0.0,0.0,0.0,0.0,0.0,0.0,0.0,0.0,0.0,0.0,0.0,0.0,0.0,0.0,0.0,0.0,0.0,0.0
ORMDL1,0.0,0.0,0.0,0.0,0.5785691,0.0,0.42818734,0.2293312,0.0,0.0,0.0,0.0,0.0,0.0,0.0,0.0,0.0,0.0,0.0,0.0,0.0,0.0,0.0,0.16441134,0.4720016,0.0,0.0,0.31489098,0.0,0.0,0.0,0.0,0.0,0.0,0.0,0.0,0.0,0.0,0.0,0.0,0.0,0.6825797
PMS1,0.0,0.0,0.0,0.0,0.0,0.0,0.0,0.13137402,0.0,0.0,0.0,0.0,0.0,0.0,0.0,0.0,0.0,0.0,0.0,0.0,0.0,0.0,0.0,0.0,0.0,0.0,0.0,0.0,0.0,0.0,0.0,0.0,0.0,0.0,0.0,0.0,0.0,0.0,0.0,0.0,0.0,0.0
C2orf88,0.0,0.0,0.0,0.0,0.0,0.0,0.0,0.0,0.0,0.0,0.0,0.0,0.0,0.0,0.0,0.0,0.0,1.4532008,0.0,0.0,0.0,0.0,0.0,0.0,0.0,0.0,0.0,0.0,0.0,0.0,0.0,0.0,0.0,0.0,0.0,0.0,0.0,0.0,0.0,0.0,0.0,0.0
HIBCH,0.0,0.0,0.0,0.0,0.0,0.0,0.0,0.0,0.0,0.0,0.0,0.0,0.0,0.0,0.0,0.0,0.0,0.0,0.0,0.0,0.0,0.0,0.0,0.0,0.3289506,0.0,0.0,0.0,0.0,0.0,0.0,0.0,0.0,0.0,0.0,0.0,0.0,0.0,0.0,0.0,0.0,0.0
GLS,0.0,0.0,0.0,0.0,0.55222553,0.0,0.41870624,0.0,0.0,0.4195962,0.0,0.0,0.0,0.0,0.0,0.0,0.0,0.0,0.0,0.0,0.0,0.0,0.0,0.24069932,0.48633862,0.0,0.0,0.22539106,0.0,0.0,0.0,0.0,0.0,0.0,0.0,0.84646285,0.0,0.0,0.0,0.8462326,0.0,0.6322472
STAT1,0.0,0.0,0.0,0.0,0.43749923,0.0,0.3259039,0.0,0.0,0.5456267,0.0,0.0,1.5203841,0.0,0.0,0.0,0.0,0.0,0.0,0.0,0.0,0.0,0.0,0.0,0.0,0.0,0.0,0.0,0.0,0.0,0.0,0.0,0.0,0.0,0.0,0.0,0.0,0.0,0.0,0.0,0.0,0.0
STAT4,0.0,0.0,0.0,0.0,0.35275838,0.0,0.0,0.0,0.0,0.0,0.0,0.0,0.0,0.95217633,0.0,0.0,0.0,0.0,0.0,0.0,0.0,0.0,0.0,0.0,0.0,0.0,0.0,0.0,0.0,0.0,0.0,0.75134647,0.0,0.89212203,0.0,0.0,0.0,0.0,0.89067817,0.0,0.0,0.0
NABP1,0.0,0.0,0.0,0.0,0.0,0.0,0.0,0.0,0.0,0.0,0.0,0.0,1.5203841,0.0,0.0,0.0,0.0,0.0,0.0,0.0,0.0,0.0,0.0,0.0,0.0,0.0,0.0,0.0,0.0,0.0,0.0,0.0,0.0,0.0,0.0,0.0,0.0,0.0,0.0,0.0,0.0,0.0
CAVIN2,0.0,0.0,0.0,0.0,0.0,0.0,0.0,0.0,0.0,0.0,0.0,0.0,0.0,0.0,0.0,0.0,0.0,2.4429088,0.0,0.0,0.0,0.0,0.0,0.0,0.0,0.0,0.0,0.0,0.0,0.0,0.0,0.0,0.0,0.0,0.0,0.0,0.0,0.0,0.0,0.0,0.0,0.0
STK17B,1.5269334,0.0,1.4522245,0.97077644,0.7603518,1.2459302,1.4799192,0.0,0.0,0.63124,1.5696934,1.1382626,0.97920024,1.583549,2.3272262,0.68902284,0.0,0.0,1.3483416,1.1314597,1.176393,1.4939885,1.2777482,0.33914495,0.56797045,0.0,0.0,0.22481698,1.0232496,1.3685235,1.5146384,1.4785712,1.5489337,1.549664,1.609438,1.6551604,1.6459341,1.5897329,1.595975,1.7485186,1.7333943,1.3467703
ANKRD44,0.8779965,0.0,0.0,0.0,0.71793973,0.40235615,0.6489082,0.0,0.0,0.18083665,0.7733425,0.0,0.0,0.0,0.9916867,0.0,0.0,0.0,1.0225625,0.7550181,0.78257006,1.1748438,0.0,0.0,0.13153149,0.0,0.0,0.0,0.36477757,0.0,0.0,0.7361692,0.0,0.0,0.0,0.7523514,0.79534924,0.7400931,0.0,0.0,0.99532795,0.44867015
SF3B1,1.1386954,0.90542024,1.0903478,1.1083326,1.1373985,0.54746395,1.0747924,0.77785903,0.0,0.82848537,1.4086025,0.8840804,0.0,1.1147351,0.9916867,0.43652144,1.0188661,0.0,1.0776948,1.2249908,1.2131506,1.1095303,0.8725075,0.44250843,0.814243,1.4268506,1.2286537,0.9606682,0.82432914,0.0,1.0458089,1.2500908,1.0876666,1.3692337,0.9805689,1.0646077,1.028297,1.285677,1.2938784,1.112263,1.2362267,1.0630469
COQ10B,0.0,0.0,0.0,0.0,0.0,0.0,0.0,0.0,0.0,0.23380059,0.0,0.0,0.0,0.0,0.0,0.0,0.0,0.0,0.0,0.0,0.0,0.0,0.0,0.0,0.0,0.0,0.0,0.0,0.0,0.0,0.0,0.0,0.0,0.0,0.0,0.0,0.0,0.0,0.0,0.0,0.0,0.0
HSPD1,0.89837277,0.0,0.0,1.0275476,0.8315016,0.90625453,1.0580132,2.2840345,0.0,1.6511459,0.94255817,0.3987304,1.8454674,0.9792695,0.8421502,0.4668676,0.0,0.62278056,0.96031326,0.0,0.7247001,0.0,0.7451743,0.5448039,1.7400502,0.0,0.0,1.6426907,0.91370356,0.0,0.9046314,1.0115213,1.121108,1.2149005,0.9594675,2.598619,1.049655,0.94644785,1.0954225,1.3188117,1.2524059,0.7782166
HSPE1,1.1564564,0.0,0.0,0.72221345,0.96560675,1.0891035,1.0242468,2.0830667,1.3756998,1.5109291,0.81207776,0.0,1.967121,1.1490432,1.80621,1.262763,0.0,0.0,1.180991,0.9547737,1.0596565,0.70428014,0.72232306,0.6424133,1.5055336,0.60865986,0.0,1.1857262,1.197391,0.0,1.0327022,1.2302799,1.1225042,1.5804791,0.9743138,2.9102468,1.0661017,1.0441358,1.3043479,1.5996963,1.5502486,0.9536785
MOB4,0.0,0.0,0.0,0.0,0.0,0.0,0.0,0.18297052,0.0,0.0,0.0,0.0,0.0,0.0,0.0,0.0,0.0,0.0,0.0,0.0,0.0,0.0,0.0,0.0,0.14813367,0.0,0.0,0.0,0.0,0.0,0.0,0.0,0.0,0.0,0.0,0.0,0.0,0.0,0.0,0.0,0.0,0.0
SPATS2L,0.0,0.0,0.0,0.0,0.0,0.3431283,0.0,0.0,0.0,0.0,0.0,0.0,0.0,0.0,0.0,0.0,0.0,0.0,0.0,0.0,0.0,0.0,0.0,0.0,0.0,0.0,0.0,0.0,0.0,0.0,0.0,0.0,0.0,0.0,0.0,0.0,0.0,0.0,0.0,0.0,0.0,0.0
SGO2,0.0,0.0,0.0,0.0,0.5913665,0.0,0.0,0.0,0.0,0.0,0.0,0.0,0.0,0.0,0.0,0.0,0.0,0.0,0.0,0.0,0.0,0.0,0.0,0.0,0.0,0.0,0.0,0.0,0.0,0.0,0.0,0.0,0.0,0.0,0.0,0.0,0.0,0.0,0.0,0.0,0.0,0.0
BZW1,0.6760944,0.0,0.86745095,1.0448443,1.1662923,0.48126704,0.85181856,0.70870215,0.0,0.7565536,1.4186306,0.95204604,0.44090223,1.0667263,0.77814996,0.0,0.34602576,0.0,0.0,1.243203,1.3339558,0.0,0.8078601,0.0,0.6447389,1.4127371,0.76748186,0.79763424,0.7245959,0.0,0.8033664,1.0322948,0.79209673,1.15333,0.81242645,0.8971323,0.90612274,0.93062675,1.0421121,0.9161707,0.0,0.83621037
CLK1,0.78906876,0.0,0.61888766,0.61958265,0.87824374,0.7096723,0.5909688,0.14951381,0.0,0.9137148,0.81907105,0.0,0.5578004,0.99554306,0.0,0.0,1.1044432,0.0,0.8270246,1.1195073,1.0298578,0.0,0.52261746,0.25273836,0.41639483,1.0360997,1.2824671,0.40872496,0.0,0.0,0.84042406,1.0367376,0.86873424,1.1074228,0.8507029,1.2551799,0.88453925,1.0168967,1.09529,0.95976555,0.9434675,0.7373265
PPIL3,0.0,0.0,0.0,0.0,0.0,0.0,0.0,0.19677243,0.0,0.0,0.0,0.0,0.0,0.0,0.0,0.0,0.0,0.0,0.0,0.0,0.0,0.0,0.0,0.0,0.0,0.0,0.0,0.0,0.0,0.0,0.0,0.0,0.0,0.0,0.0,0.0,0.0,0.0,0.0,0.0,0.0,0.0
NIF3L1,0.0,0.0,0.0,0.0,0.0,0.0,0.0,0.0,0.0,0.23875955,0.0,0.0,0.0,0.0,0.0,0.0,0.0,0.0,0.0,0.0,0.0,0.0,0.0,0.0,0.0,0.0,0.0,0.0,0.0,0.0,0.0,0.0,0.0,0.0,0.0,0.0,0.0,0.0,0.0,0.0,0.0,0.0
HYCC2,0.0,0.0,0.0,0.0,0.0,0.0,0.0,0.0,0.0,0.23380059,0.0,0.0,0.0,0.0,0.0,0.0,0.0,0.0,0.0,0.0,0.0,0.0,0.0,0.0,0.0,0.0,0.0,0.0,0.0,0.0,0.0,0.0,0.0,0.0,0.0,0.0,0.0,0.0,0.0,0.0,0.0,0.0
NDUFB3,0.0,0.0,0.0,0.70787096,0.76150155,0.38395348,0.64895177,0.9416189,1.0164869,0.71897805,0.0,0.4963503,0.44090223,0.0,0.0,0.0,0.0,0.5055704,0.0,0.0,0.0,0.0,0.6212908,0.33872738,1.1197993,0.0,0.0,0.5773399,0.0,0.0,0.0,0.0,0.0,0.0,0.0,0.0,0.0,0.0,0.0,0.0,0.0,0.62175596
CFLAR,0.0,0.0,1.0651562,0.78809863,0.8679317,0.90625453,0.6940484,0.0,0.0,0.0,1.064357,0.838519,1.4347595,0.9921136,0.8421502,0.0,0.0,0.0,0.8410626,1.2900491,1.3797119,0.0,0.7675184,0.9961243,0.7006644,0.0,0.0,0.3923161,0.0,0.0,0.82572347,1.1551886,0.8401995,1.1459609,0.0,0.0,0.0,0.9577819,1.0948929,0.94596577,0.0,0.0
CASP10,0.0,0.0,0.0,0.0,0.0,0.0,0.0,0.0,0.0,0.0,0.0,0.0,0.0,0.0,0.0,0.0,0.0,0.0,0.0,0.0,0.0,0.0,0.0,0.11117859,0.0,0.0,0.0,0.0,0.0,0.0,0.0,0.0,0.0,0.0,0.0,0.0,0.0,0.0,0.0,0.0,0.0,0.0
CASP8,0.0,0.0,0.0,0.0,0.0,0.0,0.0,0.0,0.0,0.18083665,0.3526248,0.0,0.0,0.0,0.0,0.0,0.0,0.0,0.0,0.0,0.0,0.0,0.0,0.0,0.17849067,0.0,0.0,0.0,0.0,0.0,0.0,0.0,0.0,0.0,0.0,0.0,0.0,0.0,0.0,0.0,0.0,0.0
TRAK2,0.0,0.0,0.0,0.0,0.0,0.0,0.0,0.12833168,0.0,0.18083665,0.0,0.0,0.0,0.0,0.0,0.0,0.0,0.0,0.0,0.0,0.0,0.0,0.0,0.0,0.0,0.0,0.0,0.0,0.0,0.0,0.0,0.0,0.0,0.0,0.0,0.0,0.0,0.0,0.0,0.0,0.0,0.0
STRADB,0.0,0.0,0.0,0.0,0.0,0.0,0.0,0.70910114,0.0,0.0,0.0,0.0,0.0,0.0,0.0,0.0,0.0,0.0,0.0,0.0,0.0,0.0,0.0,0.0,0.0,0.0,0.0,0.0,0.0,0.0,0.0,0.0,0.0,0.0,0.0,0.0,0.0,0.0,0.0,0.0,0.0,0.0
SUMO1,0.0,0.0,0.0,0.6329917,0.9148682,0.4580726,0.6865629,0.811266,0.0,0.9392494,0.72809076,0.5221987,0.0,0.0,0.7355936,0.0,0.0,0.0,0.0,0.0,0.66453624,0.0,0.58973193,0.11111429,0.7533931,0.0,0.0,0.51979804,0.0,0.0,0.63527846,0.0,0.0,0.0,0.0,0.0,0.0,0.7522793,0.0,0.0,0.0,0.72677296
NOP58,0.8112776,0.0,0.0,0.4518295,0.72934204,0.48126704,0.47268915,1.1394174,0.0,0.7141442,0.0,0.0,0.7458428,0.0,0.0,0.0,0.0,0.0,0.0,0.0,0.0,0.0,0.0,0.29905057,0.86963904,0.0,0.0,0.8602276,0.77060264,0.0,0.74222034,0.0,0.83492076,0.0,0.8431292,1.0110207,0.8173726,0.8972526,0.0,0.7768153,0.0,0.7318742
WDR12,0.0,0.0,0.0,0.0,0.0,0.0,0.0,0.26079074,0.0,0.0,0.0,0.0,0.0,0.0,0.0,0.0,0.0,0.0,0.0,0.0,0.0,0.0,0.0,0.0,0.0,0.0,0.0,0.0,0.0,0.0,0.0,0.0,0.0,0.0,0.0,0.0,0.0,0.0,0.0,0.0,0.0,0.0
CYP20A1,0.0,0.0,0.0,0.0,0.0,0.0,0.0,0.0,0.0,0.0,0.0,0.0,0.0,0.0,0.0,0.0,0.0,0.0,0.0,0.0,0.0,0.0,0.0,0.0,0.12957723,0.0,0.0,0.0,0.0,0.0,0.0,0.0,0.0,0.0,0.0,0.0,0.0,0.0,0.0,0.0,0.0,0.0
CTLA4,0.0,0.0,0.0,0.0,0.0,0.0,0.0,0.0,0.0,0.0,0.0,0.0,0.0,0.0,0.0,0.0,0.0,0.0,0.0,0.0,0.0,0.0,0.0,0.0,0.0,0.0,0.0,0.0,0.0,0.0,0.0,0.0,0.0,0.0,0.0,0.0,0.0,0.95817786,0.0,0.0,0.0,0.0
ICOS,0.0,0.0,0.0,0.0,0.0,0.0,0.0,0.0,0.0,0.0,0.0,0.0,0.0,0.0,0.0,0.0,0.0,0.0,0.0,0.0,0.0,0.0,0.0,0.0,0.0,0.0,0.0,0.0,0.0,0.0,0.0,0.0,0.85936296,0.0,0.0,0.0,0.0,0.57937884,0.0,0.0,0.0,0.0
NRP2,0.0,0.0,0.0,0.0,0.0,0.0,0.0,0.0,0.0,0.0,0.0,0.0,0.44090223,0.0,0.0,0.0,0.0,0.0,0.0,0.0,0.0,0.0,0.0,0.0,0.0,0.0,0.0,0.0,0.0,0.0,0.0,0.0,0.0,0.0,0.0,0.0,0.0,0.0,0.0,0.0,0.0,0.0
NDUFS1,0.0,0.0,0.0,0.0,0.0,0.0,0.0,0.3579567,0.0,0.0,0.0,0.0,0.0,0.0,0.0,0.0,0.0,0.0,0.0,0.0,0.0,0.0,0.0,0.0,0.2865367,0.0,0.0,0.0,0.0,0.0,0.0,0.0,0.0,0.0,0.0,0.0,0.0,0.0,0.0,0.0,0.0,0.0
EEF1B2,2.6548088,2.124039,1.8069189,2.174131,2.1536024,3.155488,2.7117262,3.295277,1.7602026,2.4191163,2.6013553,2.1427493,2.395525,2.68818,2.8247209,2.6102457,2.3947344,1.6685219,2.9432034,2.0804048,2.627486,2.8476355,2.0876951,1.9004982,2.663295,1.5857575,2.1737506,2.9943354,2.5166483,0.0,3.040721,2.2143545,2.9470954,2.315639,3.3459983,3.0568275,3.1906533,2.715703,2.3327897,2.6778529,2.8441985,2.8149953
CREB1,0.0,0.0,0.0,0.0,0.0,0.0,0.0,0.0,0.0,0.21446666,0.0,0.0,0.0,0.0,0.0,0.0,0.0,0.0,0.0,0.0,0.0,0.0,0.0,0.0,0.0,0.0,0.0,0.0,0.0,0.0,0.0,0.0,0.0,0.0,0.0,0.0,0.0,0.0,0.0,0.0,0.0,0.0
METTL21A,0.0,0.0,0.0,0.0,0.0,0.0,0.0,0.37212613,0.0,0.0,0.0,0.0,0.0,0.0,0.0,0.0,0.0,0.0,0.0,0.0,0.0,0.0,0.0,0.0,0.0,0.0,0.0,0.0,0.0,0.0,0.0,0.0,0.0,0.0,0.0,0.0,0.0,0.0,0.0,0.0,0.0,0.0
ENSG00000224137,0.6719898,0.0,0.0,0.0,0.0,0.0,0.0,0.0,0.0,0.0,0.0,0.0,0.0,0.0,0.0,0.0,0.0,0.0,0.0,0.0,0.0,0.0,0.0,0.0,0.0,0.0,0.0,0.0,0.0,0.0,0.0,0.0,0.0,0.0,0.0,0.0,0.0,0.0,0.0,0.0,0.0,0.0
PIKFYVE,0.8425265,0.0,0.0,0.0,0.0,0.0,0.0,0.0,0.0,0.18083665,0.0,0.0,0.0,0.0,0.0,0.0,0.0,0.0,0.0,0.0,0.0,0.0,0.0,0.0,0.0,0.0,0.0,0.0,0.0,0.0,0.0,0.0,0.0,0.0,0.0,0.0,0.0,0.0,0.0,0.0,0.0,0.0
IKZF2,0.0,0.0,0.0,0.0,0.0,0.0,0.0,0.0,0.0,0.0,0.0,0.0,0.0,0.0,0.0,0.0,0.33123985,0.0,0.0,0.0,0.0,0.0,0.0,0.0,0.0,0.0,0.0,0.0,0.0,0.0,0.0,0.0,0.0,0.0,0.0,0.0,0.0,0.0,0.0,0.0,0.0,0.0
BARD1,0.0,0.0,0.0,0.0,0.59187335,0.0,0.0,0.0,0.0,0.62781835,0.0,0.0,0.0,0.0,0.0,0.0,0.0,0.0,0.0,0.0,0.0,0.0,0.0,0.0,0.0,0.0,0.0,0.0,0.0,0.0,0.0,0.0,0.0,0.0,0.0,0.0,0.0,0.0,0.0,0.0,0.0,0.0
ATIC,0.0,0.0,0.0,0.0,0.0,0.0,0.0,0.86997336,0.0,0.0,0.0,0.0,0.0,0.0,0.0,0.0,0.0,0.0,0.0,0.0,0.0,0.0,0.0,0.0,0.39370456,0.0,0.0,0.3573943,0.0,0.0,0.0,0.0,0.0,0.0,0.0,0.0,0.0,0.0,0.0,0.0,0.0,0.0
FN1,0.0,1.8640168,0.0,0.0,0.0,0.0,0.0,0.0,0.0,0.0,0.0,0.0,0.0,0.0,0.0,0.0,0.0,0.0,0.0,0.0,0.0,0.0,0.0,0.0,0.0,0.0,0.0,0.0,0.0,0.0,0.0,0.0,0.0,0.0,0.0,0.0,0.0,0.0,0.0,0.0,0.0,0.0
XRCC5,0.886296,0.0,0.9645628,1.245051,1.3887293,0.47506863,1.0927799,1.3806266,0.0,0.7635357,1.049655,0.95204604,0.44090223,0.9761658,0.0,0.45991644,0.8405482,0.74680096,0.80164313,1.0580541,0.8996694,0.0,0.8232438,0.2323661,1.2845893,0.0,0.0,1.2297804,0.64750385,0.0,0.83410925,1.0370901,0.0,0.98886865,0.82565147,0.9162224,0.86069983,0.8930569,1.0265692,0.7013468,0.0,1.1833417
RPL37A,3.1481435,2.6572297,2.9588025,3.1446648,2.4878829,3.163557,3.1142213,3.7417977,2.5573294,3.4240866,3.2955892,2.570812,2.720617,2.9574163,3.1234262,3.190889,3.0182943,2.6545768,3.3064356,2.6503334,2.8516622,3.182624,2.6343417,2.0929456,3.2750783,2.6366246,2.9688416,3.5824337,2.8151248,0.0,3.338571,3.1738617,3.3030388,3.062746,3.370591,3.0711439,3.5280604,3.1501026,3.0851789,3.0117865,2.9407654,3.1779823
ARPC2,1.9241996,1.8897898,2.0783937,2.1536198,2.5445747,2.449453,2.1389272,0.57643723,2.3046725,1.99195,1.2076957,1.9966062,1.4347595,1.603227,1.4930514,1.8737509,1.4645426,2.0509396,1.5890192,2.3343248,1.9321152,1.3488694,2.254975,0.74817085,1.7396334,1.1639018,1.2286537,1.6309869,1.6973221,1.4575951,1.609758,2.0112987,1.5509802,1.7886413,1.3726327,1.0697649,1.4091864,1.7012795,1.7744708,1.4937207,1.6282605,1.9329997
GPBAR1,0.0,0.0,0.0,0.0,0.0,0.0,0.0,0.0,0.0,0.0,0.0,0.0,0.0,0.0,0.0,0.0,0.0,0.0,0.0,0.0,0.0,0.0,0.47980183,0.0,0.0,0.0,0.0,0.0,0.0,0.0,0.0,0.0,0.0,0.0,0.0,0.0,0.0,0.0,0.0,0.0,0.0,0.0
AAMP,0.0,0.0,0.0,0.0,0.0,0.0,0.33851904,0.40220302,0.0,0.18083665,0.0,0.0,0.5578004,0.0,0.0,0.0,0.0,0.0,0.0,0.0,0.0,0.0,0.0,0.0,0.25635368,0.0,0.0,0.0,0.0,0.0,0.0,0.0,0.0,0.0,0.0,0.0,0.0,0.0,0.0,0.0,0.0,0.0
PNKD,0.0,0.0,0.0,0.0,0.4519701,0.0,0.38319385,0.40064067,0.0,0.3960203,0.0,0.0,0.0,0.0,0.0,0.0,0.0,0.63067484,0.0,0.0,0.0,0.0,0.0,0.0,0.44339252,0.0,0.0,0.44309622,0.0,0.0,0.0,0.0,0.0,0.0,0.0,0.0,0.0,0.0,0.0,0.0,0.0,0.0
TMBIM1,0.0,0.0,0.0,0.0,0.0,0.0,0.0,0.17712447,0.0,0.0,0.0,0.0,0.0,0.0,0.0,0.0,0.0,0.78068006,0.0,0.0,0.0,0.0,0.0,0.0,0.0,0.0,0.0,0.0,0.0,0.0,0.0,0.0,0.0,0.0,0.0,0.0,0.0,0.0,0.0,0.0,0.0,0.0
SLC11A1,0.0,1.7795953,1.8014076,0.45004565,0.0,0.0,0.0,0.0,0.0,0.0,0.0,1.5310847,1.4347595,0.0,0.0,0.0,0.0,0.0,0.0,0.0,0.0,0.0,1.4974365,0.0,0.0,0.0,0.0,0.0,0.0,0.0,0.0,0.0,0.0,0.0,0.0,0.0,0.0,0.0,0.0,0.0,0.0,0.0
CTDSP1,0.0,0.0,0.0,0.3704936,0.64667046,0.0,0.3479272,0.1873608,0.0,0.0,0.0,0.0,0.0,0.0,0.0,0.0,0.0,0.0,0.0,0.0,0.0,0.0,0.0,0.0,0.0,0.0,0.0,0.0,0.0,0.0,0.0,0.0,0.0,0.0,0.0,0.0,0.0,0.0,0.0,0.0,0.0,0.0
CNOT9,0.0,0.0,0.0,0.0,0.0,0.0,0.0,0.18297052,0.0,0.18083665,0.0,0.0,0.0,0.0,0.0,0.0,0.0,0.0,0.0,0.0,0.0,0.0,0.0,0.0,0.19805485,0.0,0.0,0.0,0.0,0.0,0.0,0.0,0.0,0.0,0.0,0.0,0.0,0.0,0.0,0.0,0.0,0.0
BCS1L,0.0,0.0,0.0,0.0,0.0,0.0,0.0,0.19282532,0.0,0.0,0.0,0.0,0.0,0.0,0.0,0.0,0.0,0.0,0.0,0.0,0.0,0.0,0.0,0.0,0.0,0.0,0.0,0.0,0.0,0.0,0.0,0.0,0.0,0.0,0.0,0.0,0.0,0.0,0.0,0.0,0.0,0.0
CNPPD1,0.0,0.0,0.0,0.0,0.0,0.69288063,0.48666447,0.13736913,0.0,0.3960203,0.0,0.0,0.0,0.0,0.0,0.0,0.0,0.0,0.0,0.0,0.0,0.0,0.0,0.0,0.0,0.0,0.0,0.0,0.0,0.0,0.0,0.0,0.0,0.0,0.0,0.0,0.0,0.0,0.0,0.0,0.0,0.0
STK16,0.0,0.0,0.0,0.0,0.0,0.0,0.0,0.0,0.0,0.18155362,0.0,0.0,0.0,0.0,0.0,0.0,0.0,0.0,0.0,0.0,0.0,0.0,0.0,0.0,0.0,0.0,0.0,0.0,0.0,0.0,0.0,0.0,0.0,0.0,0.0,0.0,0.0,0.0,0.0,0.0,0.0,0.0
TUBA4A,0.8607786,0.0,0.0,0.7617142,1.1785686,0.0,0.0,0.0,0.0,0.8373678,0.0,0.0,0.0,1.1961434,0.0,0.0,0.0,2.1955638,0.76764107,0.0,1.0631148,0.0,0.0,0.4081666,1.0415897,0.0,0.0,0.0,0.9775282,0.0,1.1556357,1.3450791,1.2240579,1.868868,0.9012298,0.9762175,0.94251037,1.1197853,1.7214125,1.3261819,1.2159821,0.0
DNPEP,0.0,0.0,0.0,0.0,0.0,0.0,0.0,0.24761549,0.0,0.18083665,0.0,0.0,0.0,0.0,0.0,0.0,0.0,0.0,0.0,0.0,0.0,0.0,0.0,0.0,0.20105934,0.0,0.0,0.0,0.0,0.0,0.0,0.0,0.0,0.0,0.0,0.0,0.0,0.0,0.0,0.0,0.0,0.0
GMPPA,0.0,0.0,0.0,0.0,0.0,0.0,0.0,0.0,0.0,0.0,0.0,0.0,0.0,0.0,0.0,0.0,0.0,0.0,0.0,0.0,0.0,0.0,0.0,0.0,0.42941025,0.0,0.0,0.0,0.0,0.0,0.0,0.0,0.0,0.0,0.0,0.0,0.0,0.0,0.0,0.0,0.0,0.0
CHPF,0.0,0.0,0.0,0.0,0.0,0.0,0.0,0.0,0.0,0.0,0.0,0.0,0.0,0.0,0.0,0.0,0.0,0.0,0.0,0.0,0.0,0.0,0.0,0.50533456,0.21783592,0.0,0.0,0.0,0.0,0.0,0.0,0.0,0.0,0.0,0.0,0.0,0.0,0.0,0.0,0.0,0.0,0.0
FARSB,0.0,0.0,0.0,0.0,0.0,0.0,0.0,0.51406646,0.0,0.0,0.0,0.0,0.0,0.0,0.0,0.0,0.0,0.0,0.0,0.0,0.0,0.0,0.0,0.0,0.12525262,0.0,0.0,0.0,0.0,0.0,0.0,0.0,0.0,0.0,0.0,0.0,0.0,0.0,0.0,0.0,0.0,0.0
MRPL44,0.0,0.0,0.0,0.0,0.0,0.0,0.0,0.27239582,0.0,0.21446666,0.0,0.0,0.0,0.0,0.0,0.0,0.0,0.0,0.0,0.0,0.0,0.0,0.0,0.0,0.19805485,0.0,0.0,0.0,0.0,0.0,0.0,0.0,0.0,0.0,0.0,0.0,0.0,0.0,0.0,0.0,0.0,0.0
CUL3,0.0,0.0,0.0,0.0,0.43484628,0.38395348,0.3988271,0.0,0.0,0.25902426,0.7733425,0.0,0.0,0.0,0.77814996,0.0,0.0,0.0,0.0,0.0,0.0,0.0,0.0,0.0,0.24836549,0.0,0.0,0.23109367,0.0,0.0,0.0,0.0,0.0,0.0,0.0,0.0,0.0,0.0,0.0,0.0,0.0,0.0
DOCK10,0.7611661,0.0,0.0,0.0,0.0,0.5072514,0.41870624,0.0,0.0,0.23875955,0.0,0.0,0.0,0.0,0.0,0.0,0.0,0.0,0.0,0.0,0.0,0.0,0.0,0.0,0.0,0.0,0.0,0.0,0.0,0.0,0.0,0.0,0.0,0.0,0.0,0.0,0.0,0.0,0.0,0.0,0.0,0.0
RHBDD1,0.0,0.0,0.0,0.0,0.0,0.0,0.0,0.0,0.0,0.0,0.0,0.0,0.0,0.0,0.0,0.0,0.0,0.0,0.0,0.0,0.0,0.0,0.0,0.0,0.12226113,0.0,0.0,0.0,0.0,0.0,0.0,0.0,0.0,0.0,0.0,0.0,0.0,0.0,0.0,0.0,0.0,0.0
MFF,0.0,0.0,0.0,0.0,0.0,0.53241324,0.4026517,0.46008152,0.0,0.47349092,0.0,0.3987304,0.0,0.0,0.0,0.0,0.0,0.77463055,0.0,0.0,0.0,0.0,0.0,0.21110761,0.45104513,0.0,0.0,0.21771143,0.0,0.0,0.0,0.0,0.0,0.0,0.0,0.0,0.0,0.0,0.0,0.0,0.0,0.4548934
AGFG1,0.0,0.0,1.0567054,0.64417,0.0,0.0,0.0,0.0,0.0,0.0,0.0,0.8840804,1.141807,0.0,0.0,0.0,0.0,0.0,0.0,0.0,0.0,0.0,0.0,0.0,0.0,0.0,0.0,0.0,0.0,0.0,0.0,0.0,0.0,0.0,0.0,0.0,0.0,0.0,0.0,0.0,0.0,0.0
PID1,0.0,0.0,0.0,0.0,0.0,0.0,0.0,0.0,0.0,0.0,0.0,0.6449004,0.5578004,0.0,0.0,0.0,0.0,0.0,0.0,0.0,0.0,0.0,0.0,0.0,0.0,0.0,0.0,0.0,0.0,0.0,0.0,0.0,0.0,0.0,0.0,0.0,0.0,0.0,0.0,0.0,0.0,0.0
TRIP12,0.0,0.0,0.54820263,0.54662406,0.0,0.0,0.42818734,0.07640275,0.0,0.21446666,0.0,0.0,0.0,0.0,0.0,0.0,0.0,0.0,0.0,0.0,0.0,0.0,0.0,0.0,0.16683619,0.0,0.0,0.19467504,0.0,0.0,0.0,0.0,0.0,0.0,0.0,0.0,0.0,0.0,0.0,0.0,0.0,0.0
SP110,1.2902399,0.0,0.0,0.0,0.5976726,0.51061237,0.7941844,0.0,0.0,0.18083665,0.0,0.0,0.7257168,0.0,0.0,0.0,0.0,0.0,1.0776606,0.0,0.0,0.0,0.81515527,0.0,0.1802879,0.0,0.0,0.0,0.0,0.0,0.0,0.0,0.7173459,0.0,0.8785721,0.751835,0.0,0.84275246,0.0,0.0,0.0,0.8123914
SP140,0.79675174,0.0,0.0,0.0,0.0,0.0,0.0,0.0,0.0,0.0,0.0,0.0,0.0,0.0,0.8421502,0.0,0.0,0.0,0.8008599,0.0,0.0,0.0,0.0,0.0,0.36811495,0.0,0.0,0.0,0.0,0.0,0.0,0.0,0.0,0.0,0.0,0.0,0.0,0.0,0.0,0.0,0.0,0.0
SP140L,0.0,0.0,0.0,0.0,0.0,0.0,0.0,0.0,0.0,0.18083665,0.0,0.0,0.0,0.0,0.7355936,0.0,0.0,0.0,0.0,0.0,0.0,0.0,0.0,0.0,0.0,0.0,0.0,0.0,0.0,0.0,0.0,0.0,0.0,0.0,0.0,0.0,0.0,0.0,0.0,0.0,0.0,0.0
SP100,1.3089151,0.0,0.8194081,0.758044,1.003822,0.38905048,0.9574851,0.17040983,0.0,0.7380967,0.0,0.0,0.7458428,0.90885574,1.3681959,0.0,0.0,0.0,1.3918655,1.1044462,0.99134517,1.493319,0.686344,0.18245165,0.3394277,1.2077799,0.0,0.40266404,0.7345717,0.0,0.8623574,1.1088495,1.007751,1.1127433,0.82648206,0.0,0.8916111,0.994254,1.0708687,0.95976555,1.106406,0.5775456
CAB39,0.0,0.0,0.0,0.0,0.0,0.0,0.42818734,0.0,0.0,0.0,0.0,0.0,0.5578004,0.0,0.0,0.0,0.0,0.0,0.0,0.0,0.0,0.0,0.0,0.0,0.19428341,0.0,0.0,0.0,0.0,0.0,0.0,0.0,0.0,0.0,0.0,0.0,0.0,0.0,0.0,0.0,0.0,0.0
ITM2C,0.0,0.0,0.0,0.0,0.0,0.0,0.0,0.0,0.0,0.4977838,1.105459,0.0,0.0,0.0,0.0,0.0,0.0,0.0,0.0,0.0,0.0,0.0,0.0,1.8334166,1.5986459,1.3175094,0.9181548,0.20885074,0.0,0.0,0.0,0.0,0.0,0.0,0.0,0.0,0.0,0.0,0.0,0.0,0.0,2.5900786
PSMD1,0.0,0.0,0.0,0.56574,0.49440616,0.0,0.4023233,0.6392689,0.0,0.4532262,0.0,0.0,0.5578004,0.0,0.0,0.0,0.0,0.0,0.0,0.0,0.0,0.0,0.0,0.0,0.5860969,0.0,0.0,0.39961052,0.0,0.0,0.0,0.0,0.0,0.0,0.0,0.0,0.0,0.0,0.0,0.0,0.0,0.0
NCL,1.6573483,0.0,0.8823745,1.467027,1.9499929,1.2762874,1.4659781,2.4731858,0.0,1.913563,1.9254495,0.95204604,1.141807,1.5042524,1.6022239,1.0959527,1.50576,1.3551434,1.5194788,1.7679937,1.8266575,1.4483927,1.1181201,0.82735014,1.9234506,1.3204234,1.4625027,1.9486878,1.6775122,0.0,1.3072903,1.5400195,1.265588,1.6472869,1.3078806,1.538882,1.3761065,1.2715583,1.5007224,1.4371604,1.5651891,1.7331741
PTMA,3.4290235,3.1617718,3.0207188,3.875897,4.1675797,3.4661844,3.4568577,3.9827197,3.061905,3.954342,3.5491512,3.4316916,3.2555892,3.4996157,3.502876,3.495732,3.7772603,3.8864055,3.5346668,3.4055307,3.4318492,3.6257672,3.3219657,1.7097042,3.6802878,4.1838713,3.98229,4.042309,3.4668045,2.3978953,3.4591463,3.379648,3.488782,3.4791973,3.50591,3.395516,3.4452808,3.456355,3.3903646,3.430495,3.4442484,3.4934359
EIF4E2,0.0,0.0,0.0,0.0,0.0,0.27226898,0.47268915,0.6089522,0.0,0.0,0.0,0.47305363,0.0,0.0,0.0,0.0,0.0,0.0,0.0,0.0,0.0,0.0,0.547805,0.0,0.28265542,0.0,0.0,0.0,0.0,0.0,0.0,0.0,0.0,0.0,0.0,0.0,0.0,0.0,0.0,0.0,0.0,0.0
GIGYF2,0.0,0.0,0.0,0.0,0.0,0.0,0.0,0.0,0.0,0.0,0.0,0.0,0.0,0.0,0.0,0.0,0.0,0.0,0.0,0.0,0.0,0.0,0.0,0.0,0.17517093,0.0,0.0,0.0,0.0,0.0,0.0,0.0,0.0,0.0,0.0,0.0,0.0,0.0,0.0,0.0,0.0,0.0
INPP5D,0.510213,0.0,0.0,0.0,0.5616102,0.79737675,0.36281422,0.0,0.0,0.4977838,0.0,0.0,0.0,0.0,0.7355936,0.0,0.0,0.0,0.0,0.0,0.7740659,0.0,0.525328,0.0,0.0,1.115946,0.0,0.28730345,0.0,0.0,0.0,0.0,0.0,0.0,0.0,0.0,0.0,0.0,0.0,0.0,0.0,0.0
DGKD,0.0,0.0,0.0,0.0,0.0,0.0,0.0,0.0,0.0,0.0,0.0,0.0,0.0,0.0,0.0,0.0,0.0,0.07414082,0.0,0.0,0.0,0.0,0.0,0.0,0.0,1.2622818,0.0,0.0,0.0,0.0,0.0,0.0,0.0,0.0,0.0,0.0,0.0,0.0,0.0,0.0,0.0,0.0
ARL4C,0.0,0.0,0.0,0.0,2.0183902,0.70080924,1.3941606,0.0,0.0,0.0,0.9341768,0.0,0.0,2.2533255,0.0,0.81871665,0.0,0.0,0.0,2.4331756,1.2867217,0.0,0.0,0.0,0.13101205,0.0,0.0,0.0,0.9406717,1.81807,1.842779,2.2766452,1.8444805,1.8220086,1.4245095,1.1833086,1.3006421,1.6871979,2.0249462,2.0284262,1.3471818,1.4622483
COPS8,0.0,0.0,0.0,0.0,0.0,0.0,0.0,0.24494746,0.0,0.4153542,0.0,0.0,0.0,0.0,0.0,0.0,0.0,0.0,0.0,0.0,0.0,0.0,0.0,0.0,0.2355887,0.0,0.0,0.0,0.0,0.0,0.0,0.0,0.0,0.0,0.0,0.0,0.0,0.0,0.0,0.0,0.0,0.0
LRRFIP1,1.0705537,0.9897175,1.6518161,1.7223561,1.5150406,1.2536565,1.6924223,0.23948298,0.0,1.0937396,1.2266064,0.965619,1.9422761,0.93342704,1.4796834,1.0104092,1.0766072,0.55827975,1.0152667,1.1923339,1.1726091,1.020061,1.8258924,0.0,0.28265542,0.82168627,1.4625027,1.2008808,0.88679266,0.0,1.1942153,1.1809098,1.0726368,1.094893,0.9358215,0.9620235,0.9294189,1.1563071,1.0697355,1.1095303,0.980621,1.3676522
UBE2F,0.0,0.0,0.0,0.0,0.5112797,0.65338784,0.4506386,0.518864,0.0,0.0,0.0,0.68302804,0.0,0.0,0.0,0.0,0.0,1.1030084,0.0,0.8563554,0.0,0.0,0.4016111,0.0,0.0,0.0,0.0,0.0,0.0,0.0,0.0,0.0,0.0,0.0,0.0,0.0,0.0,0.0,0.0,0.0,0.0,0.17587379
ILKAP,0.0,0.0,0.0,0.0,0.4772057,0.0,0.0,0.43972003,0.0,0.4977838,0.0,0.0,0.0,0.0,0.0,0.0,0.0,0.0,0.0,0.0,0.0,0.0,0.0,0.0,0.17365827,0.0,0.0,0.0,0.0,0.0,0.0,0.0,0.0,0.0,0.0,0.0,0.0,0.0,0.0,0.0,0.0,0.0
HES6,0.0,0.0,0.0,0.0,0.0,0.0,0.0,0.9524869,0.0,0.0,0.0,0.0,0.0,0.0,0.0,0.0,0.0,0.0,0.0,0.0,0.0,0.0,0.0,0.0,0.0,0.0,0.0,0.0,0.0,0.0,0.0,0.0,0.0,0.0,0.0,0.0,0.0,0.0,0.0,0.0,0.0,0.0
NDUFA10,0.0,0.0,0.0,0.37181818,0.44145608,0.3977822,0.47656822,0.70870215,0.0,0.18155362,0.0,0.0,0.0,0.0,0.0,0.0,0.0,0.0,0.0,0.0,0.0,0.0,0.0,0.0,0.41196918,0.0,0.0,0.40656075,0.0,0.0,0.0,0.0,0.0,0.0,0.0,0.0,0.0,0.0,0.0,0.0,0.0,0.0
COPS9,0.0,0.0,0.85101026,0.9975375,0.932819,0.5944774,0.8126005,0.7514854,0.0,0.66755974,0.59476876,0.965619,1.1682736,0.0,0.0,0.0,0.0,0.0,0.0,0.64374024,0.76299787,0.0,0.74944353,0.4275832,1.0239813,0.0,0.0,0.7988839,0.0,0.0,0.7780863,1.065104,0.0,0.9872856,0.0,0.0,0.77359396,0.69289726,0.9874395,0.0,0.0,0.81384254
RNPEPL1,0.0,0.0,0.0,0.23817076,0.7210534,0.40578204,0.42856002,0.18107352,0.0,0.0,0.0,0.0,0.5578004,0.0,0.0,0.0,0.0,0.0,0.0,0.0,0.0,0.0,0.43484658,0.0,0.17694849,0.0,0.0,0.0,0.0,0.0,0.0,0.0,0.0,0.0,0.0,0.0,0.0,0.0,0.0,0.0,0.0,0.0
CAPN10,0.0,0.0,0.0,0.0,0.0,0.0,0.0,0.0,0.0,0.18155362,0.0,0.0,0.0,0.0,0.0,0.0,0.0,0.0,0.0,0.0,0.0,0.0,0.0,0.0,0.0,0.0,0.0,0.0,0.0,0.0,0.0,0.0,0.0,0.0,0.0,0.0,0.0,0.0,0.0,0.0,0.0,0.0
MTERF4,0.0,0.0,0.0,0.0,0.0,0.0,0.0,0.0,0.0,0.0,0.0,0.0,0.0,0.0,0.0,0.0,0.0,0.0,0.0,0.0,0.0,0.0,0.0,0.0,0.21339111,0.0,0.0,0.0,0.0,0.0,0.0,0.0,0.0,0.0,0.0,0.0,0.0,0.0,0.0,0.0,0.0,0.0
PPP1R7,0.0,0.0,0.0,0.0,0.6502644,0.0,0.42777815,0.30392876,0.0,0.23380059,0.0,0.0,0.0,0.0,0.0,0.0,0.0,0.0,0.0,0.0,0.0,0.0,0.0,0.0,0.6043609,0.0,0.0,0.0,0.0,0.0,0.0,0.0,0.0,0.0,0.0,0.0,0.0,0.0,0.0,0.0,0.0,0.0
HDLBP,0.0,0.0,0.0,0.58859164,0.0,0.34549886,0.49489614,0.64387745,0.0,0.4532262,0.0,0.47305363,0.97920024,0.0,0.0,0.0,0.0,0.0,0.0,0.0,0.0,0.0,0.52261746,1.2366478,1.0798376,0.0,0.0,0.53792775,0.0,0.0,0.0,0.0,0.0,0.0,0.0,0.0,0.0,0.0,0.0,0.0,0.0,0.0
SEPTIN2,0.57448566,0.0,0.0,0.64853305,0.69387543,0.59331524,0.6220476,0.7084105,0.0,0.49282485,0.0,0.91348,1.1682736,0.0,0.7355936,0.0,0.616223,0.7477088,0.0,0.0,0.0,0.0,0.0,0.3187062,0.5760504,0.972504,0.76748186,0.50861776,0.0,0.0,0.0,0.0,0.0,0.0,0.0,0.0,0.0,0.0,0.0,0.0,0.0,0.8105514
STK25,0.0,0.0,0.0,0.0,0.0,0.0,0.0,0.7783283,0.0,0.18083665,0.0,0.0,0.0,0.0,0.0,0.0,0.0,0.0,0.0,0.0,0.0,0.0,0.0,0.0,0.0,0.0,0.0,0.0,0.0,0.0,0.0,0.0,0.0,0.0,0.0,0.0,0.0,0.0,0.0,0.0,0.0,0.0
THAP4,0.0,0.0,0.0,0.0,0.0,0.0,0.0,0.23805381,0.0,0.0,0.0,0.0,0.0,0.0,0.0,0.0,0.0,0.0,0.0,0.0,0.0,0.0,0.0,0.0,0.0,0.0,0.0,0.0,0.0,0.0,0.0,0.0,0.0,0.0,0.0,0.0,0.0,0.0,0.0,0.0,0.0,0.0
ATG4B,0.0,0.0,0.0,0.0,0.0,0.0,0.0,0.0,0.0,0.0,0.0,0.0,0.0,0.0,0.0,0.0,0.0,0.0,0.0,0.0,0.0,0.0,0.0,0.0,0.15349633,0.0,0.0,0.0,0.0,0.0,0.0,0.0,0.0,0.0,0.0,0.0,0.0,0.0,0.0,0.0,0.0,0.0
DTYMK,0.0,0.0,0.0,0.43282968,0.9145435,0.0,0.0,0.88730323,0.0,0.5456267,0.0,0.0,0.0,0.0,0.0,0.0,0.0,0.0,0.0,0.0,0.0,0.0,0.0,0.0,0.58235437,0.0,0.0,0.0,0.0,0.0,0.0,0.0,0.0,0.0,0.0,0.0,0.0,0.0,0.0,0.0,0.0,0.0
ING5,0.0,0.0,0.0,0.0,0.0,0.0,0.0,0.14261837,0.0,0.0,0.0,0.0,0.0,0.0,0.0,0.0,0.0,0.0,0.0,0.0,0.0,0.0,0.0,0.0,0.113108404,0.0,0.0,0.0,0.0,0.0,0.0,0.0,0.0,0.0,0.0,0.0,0.0,0.0,0.0,0.0,0.0,0.0
TRNT1,0.0,0.0,0.0,0.0,0.0,0.0,0.0,0.0,0.0,0.18155362,0.0,0.0,0.0,0.0,0.0,0.0,0.0,0.0,0.0,0.0,0.0,0.0,0.0,0.0,0.0,0.0,0.0,0.0,0.0,0.0,0.0,0.0,0.0,0.0,0.0,0.0,0.0,0.0,0.0,0.0,0.0,0.0
CRBN,0.0,0.0,0.0,0.0,0.5082131,0.0,0.30307323,0.0,0.0,0.0,0.0,0.0,0.0,0.0,0.0,0.0,0.0,0.0,0.0,0.0,0.0,0.0,0.0,0.0,0.0,0.0,0.0,0.18981542,0.0,0.0,0.0,0.0,0.0,0.0,0.7278694,0.0,0.0,0.0,0.0,0.0,0.0,0.0
ITPR1,0.0,0.0,0.0,0.0,0.0,0.0,0.32769254,0.0,0.0,0.0,0.0,0.0,0.0,0.0,0.8421502,0.0,0.0,0.0,0.0,0.0,0.0,0.0,0.0,0.0,0.0,0.0,0.0,0.0,0.0,0.0,0.0,0.0,0.0,0.0,0.0,0.0,0.0,0.0,0.0,0.0,0.0,0.0
BHLHE40,0.0,0.0,0.0,0.0,0.6176947,0.0,0.6595515,0.0,0.0,0.0,0.0,0.91348,0.0,1.1522919,0.0,0.0,0.0,0.0,0.0,0.0,0.83698165,0.0,0.0,0.0,0.0,0.0,0.0,0.0,0.0,0.0,0.0,0.0,0.0,0.0,0.0,0.0,0.0,0.0,0.0,1.1404297,0.0,0.6231895
ARL8B,0.0,0.0,0.0,0.4193051,0.0,0.0,0.0,0.0,0.0,0.41463724,0.0,1.0928676,0.0,0.0,0.0,0.0,0.0,0.0,0.0,0.0,0.0,0.0,0.0,0.0,0.0,0.0,0.0,0.15103471,0.0,0.0,0.0,0.0,0.0,0.0,0.0,0.0,0.0,0.0,0.0,0.0,0.0,0.0
EDEM1,0.0,0.0,0.0,0.0,0.0,0.59812146,0.0,0.0,0.0,0.0,0.0,0.0,0.0,0.0,0.0,0.0,0.0,0.0,0.0,0.0,0.0,0.0,0.0,0.16702053,0.5686035,0.0,0.0,0.0,0.0,0.0,0.0,0.0,0.0,0.0,0.0,0.0,0.0,0.0,0.0,0.0,0.0,0.0
THUMPD3-AS1,0.0,0.0,0.0,0.0,0.0,0.0,0.0,0.0,0.0,0.18083665,0.0,0.0,0.0,0.0,0.0,0.0,0.0,0.0,0.0,0.0,0.0,0.0,0.0,0.0,0.09044729,0.0,0.0,0.049848992,0.0,0.0,0.0,0.0,0.0,0.0,0.0,0.0,0.0,0.0,0.0,0.0,0.0,0.0
THUMPD3,0.0,0.0,0.0,0.0,0.0,0.0,0.0,0.0,0.0,0.0,0.0,0.0,0.0,0.0,0.0,0.0,0.0,0.0,0.0,0.0,0.0,0.0,0.0,0.0,0.18095525,0.0,0.0,0.0,0.0,0.0,0.0,0.0,0.0,0.0,0.0,0.0,0.0,0.0,0.0,0.0,0.0,0.0
SETD5,0.0,0.0,0.0,0.0,0.0,0.0,0.0,0.0,0.0,0.0,0.48630244,0.0,0.0,0.0,0.0,0.0,0.0,0.0,0.0,0.0,0.0,0.0,0.0,0.0,0.18984015,0.0,0.0,0.0,0.0,0.0,0.0,0.0,0.0,0.0,0.0,0.0,0.0,0.0,0.0,0.0,0.0,0.0
MTMR14,0.0,0.0,0.0,0.0,0.0,0.50513124,0.6652854,0.0,0.0,0.5471599,0.0,0.0,0.0,0.0,0.0,0.0,0.0,0.0,0.0,0.0,0.0,0.0,0.0,0.0,0.13148819,0.0,0.0,0.0,0.0,0.0,0.0,0.0,0.0,0.0,0.0,0.0,0.0,0.0,0.0,0.0,0.0,0.0
CAMK1,0.0,0.0,0.0,0.0,0.0,0.0,0.0,0.0,0.0,0.0,0.0,0.0,0.7458428,0.0,0.0,0.0,0.0,0.0,0.0,0.0,0.0,0.0,0.5617404,0.0,0.0,0.0,0.0,0.0,0.0,0.0,0.0,0.0,0.0,0.0,0.0,0.0,0.0,0.0,0.0,0.0,0.0,0.0
TADA3,0.0,0.0,0.0,0.0,0.6097182,0.3431283,0.4739445,0.2382333,0.0,0.3953033,0.0,0.0,0.0,0.0,0.0,0.0,0.0,0.8281126,0.0,0.0,0.0,0.0,0.0,0.0,0.20739445,0.0,0.0,0.0,0.0,0.0,0.0,0.0,0.0,0.0,0.0,0.0,0.0,0.0,0.0,0.0,0.0,0.0
ARPC4,0.88428897,0.6834405,1.3754985,1.5673122,1.4620278,1.0828639,1.2540503,0.6638537,0.0,0.9041966,0.0,1.1472063,0.7257168,0.8490541,0.7355936,0.6605679,0.69338334,1.7349217,0.7696631,1.226436,1.1286223,0.0,1.2439351,0.0,0.68249017,0.0,0.0,0.9830918,0.2788683,0.0,0.8202075,1.0309005,0.8062368,0.0,0.8086109,0.0,0.0,1.0062072,0.0,0.8827068,0.0,1.2049768
RPUSD3,0.0,0.0,0.0,0.0,0.0,0.0,0.0,0.32679036,0.0,0.0,0.0,0.0,0.0,0.0,0.0,0.0,0.0,0.0,0.0,0.0,0.0,0.0,0.0,0.0,0.0,0.0,0.0,0.0,0.0,0.0,0.0,0.0,0.0,0.0,0.0,0.0,0.0,0.0,0.0,0.0,0.0,0.0
JAGN1,0.0,0.0,0.0,0.0,0.0,0.0,0.0,0.21251258,0.0,0.0,0.0,0.0,0.0,0.0,0.0,0.0,0.0,0.0,0.0,0.0,0.0,0.0,0.0,0.0,0.16462293,0.0,0.0,0.0,0.0,0.0,0.0,0.0,0.0,0.0,0.0,0.0,0.0,0.0,0.0,0.0,0.0,0.0
EMC3,0.0,0.0,0.0,0.23746859,0.4398874,0.37521976,0.42593443,0.24747586,0.0,0.0,0.0,0.0,0.0,0.0,0.0,0.0,0.0,0.46247277,0.0,0.0,0.0,0.0,0.0,0.14519256,0.32989597,0.0,0.0,0.15816277,0.0,0.0,0.0,0.0,0.0,0.0,0.0,0.0,0.0,0.0,0.0,0.0,0.0,0.0
FANCD2,0.0,0.0,0.0,0.0,0.0,0.0,0.0,0.0,0.0,0.18155362,0.0,0.0,0.0,0.0,0.0,0.0,0.0,0.0,0.0,0.0,0.0,0.0,0.0,0.0,0.0,0.0,0.0,0.0,0.0,0.0,0.0,0.0,0.0,0.0,0.0,0.0,0.0,0.0,0.0,0.0,0.0,0.0
BRK1,1.0703018,0.0,1.0253637,1.0294908,1.2161708,1.3792855,1.3811415,1.0143948,1.1799252,0.5725053,0.0,1.074369,1.141807,0.81568164,0.77814996,0.0,0.8915274,1.4010556,0.8385191,1.0932083,0.91107273,0.0,1.2306159,0.31557232,0.75982106,1.0399802,0.0,0.9935842,0.0,0.0,0.7805133,0.9988899,0.0,0.7645726,0.0,0.0,0.0,0.94375503,0.80589396,0.7905797,0.9434675,1.3320903
VHL,0.0,0.0,0.0,0.0,0.0,0.0,0.0,0.0,0.0,0.0,0.0,0.0,0.0,0.0,0.0,0.0,0.0,0.0,0.0,0.0,0.0,0.0,0.0,0.0,0.13528542,0.0,0.0,0.0,0.0,0.0,0.0,0.0,0.0,0.0,0.0,0.0,0.0,0.0,0.0,0.0,0.0,0.0
SEC13,0.0,0.0,0.0,0.34141636,0.0,0.47506863,0.44683003,0.6100787,0.0,0.0,0.0,0.0,0.44090223,0.0,0.0,0.0,0.0,0.0,0.0,0.0,0.0,0.0,0.0,0.5120151,0.8040752,0.0,0.0,0.2693004,0.0,0.0,0.0,0.0,0.0,0.0,0.0,0.0,0.0,0.0,0.0,0.0,0.0,0.61844456
MKRN2,0.0,0.0,0.0,0.0,0.0,0.0,0.0,0.0,0.0,0.18155362,0.0,0.0,0.0,0.0,0.0,0.0,0.0,0.0,0.0,0.0,0.0,0.0,0.0,0.0,0.0,0.0,0.0,0.0,0.0,0.0,0.0,0.0,0.0,0.0,0.0,0.0,0.0,0.0,0.0,0.0,0.0,0.0
RAF1,0.0,0.0,0.0,0.0,0.0,0.0,0.0,0.1951735,0.0,0.44826725,0.0,0.0,0.0,0.0,0.0,0.0,0.0,0.0,0.0,0.0,0.0,0.0,0.0,0.0,0.2261846,0.0,0.0,0.0,0.0,0.0,0.0,0.0,0.0,0.0,0.0,0.0,0.0,0.0,0.0,0.0,0.0,0.0
TMEM40,0.0,0.0,0.0,0.0,0.0,0.0,0.0,0.0,0.0,0.0,0.0,0.0,0.0,0.0,0.0,0.0,0.0,0.23504448,0.0,0.0,0.0,0.0,0.0,0.0,0.0,0.0,0.0,0.0,0.0,0.0,0.0,0.0,0.0,0.0,0.0,0.0,0.0,0.0,0.0,0.0,0.0,0.0
RPL32,3.947143,3.459691,3.2530026,3.3717344,3.0764902,3.9006193,3.708431,4.0801105,3.2611847,3.8404548,3.8166883,3.1837764,3.5015202,3.999121,3.8484476,3.7592487,3.6372614,2.7656221,4.114145,3.2724295,3.689517,4.118054,3.3279872,2.397567,3.2686036,3.31493,3.6239207,3.9782004,3.8331232,1.9777756,4.31549,3.6458006,4.1990285,3.6569886,4.5290813,4.3533664,4.419717,4.0664454,3.6959212,3.9331992,4.162384,3.6865773
IQSEC1,0.8112776,0.0,0.0,0.0,0.0,0.0,0.0,0.0,0.0,0.21446666,0.0,0.4963503,0.0,0.0,0.0,0.0,0.0,0.0,0.0,0.0,0.0,0.0,0.0,0.0,0.0,0.45580325,0.0,0.0,0.0,0.0,0.0,0.0,0.0,0.0,0.0,0.0,0.0,0.0,0.0,0.0,0.0,0.0
NUP210,0.0,0.0,0.0,0.4954735,0.7712016,0.38905048,0.37619096,0.2336039,0.0,0.5521189,0.0,0.0,0.0,0.0,0.0,0.0,0.0,0.0,0.0,0.0,0.0,0.0,0.0,0.0,0.27095515,0.0,0.0,0.18944591,0.0,0.0,0.0,0.0,0.0,0.0,0.0,0.0,0.0,0.0,0.0,0.0,0.0,0.0
LSM3,0.0,0.0,0.0,0.8158996,1.0500277,0.4580726,0.6672891,1.0436854,0.0,0.4977838,0.0,0.5046885,0.7257168,0.0,0.0,0.0,0.0,0.27986684,0.0,0.0,0.0,0.0,0.0,0.22176713,1.2892015,0.0,0.0,0.6721817,0.0,0.0,0.0,0.0,0.0,0.0,0.0,0.0,0.0,0.0,0.0,0.0,0.0,0.6909354
SLC6A6,0.0,0.0,0.0,0.0,0.0,0.0,0.0,0.0,0.0,0.0,0.0,0.5073828,0.7458428,0.0,0.0,0.0,0.0,0.0,0.0,0.0,0.0,0.0,0.0,0.0,0.0,0.0,0.0,0.0,0.0,0.0,0.0,0.0,0.0,0.0,0.0,0.0,0.0,0.0,0.0,0.0,0.0,0.0
CCDC174,0.0,0.0,0.0,0.0,0.0,0.0,0.0,0.0,0.0,0.23380059,0.0,0.0,0.0,0.0,0.0,0.0,0.0,0.0,0.0,0.0,0.0,0.0,0.0,0.0,0.0,0.0,0.0,0.0,0.0,0.0,0.0,0.0,0.0,0.0,0.0,0.0,0.0,0.0,0.0,0.0,0.0,0.0
FGD5-AS1,0.0,0.0,0.0,0.0,0.0,0.0,0.0,0.0,0.0,0.18083665,0.0,0.0,0.0,0.0,0.0,0.0,0.0,0.0,0.0,0.0,0.0,0.0,0.0,0.0,0.0,0.0,0.0,0.0,0.0,0.0,0.0,0.0,0.0,0.0,0.0,0.0,0.0,0.0,0.0,0.0,0.0,0.0
MRPS25,0.0,0.0,0.0,0.0,0.0,0.0,0.0,0.5726852,0.0,0.18155362,0.0,0.0,0.0,0.0,0.0,0.0,0.0,0.0,0.0,0.0,0.0,0.0,0.0,0.0,0.31600973,0.0,0.0,0.0,0.0,0.0,0.0,0.0,0.0,0.0,0.0,0.0,0.0,0.0,0.0,0.0,0.0,0.0
SH3BP5,0.8650553,0.0,0.0,0.0,0.42373848,0.0,0.8242114,0.0,0.0,0.3924805,0.0,0.6602513,1.1757209,0.0,0.0,0.0,0.0,0.0,0.0,0.0,0.0,0.0,0.5427435,0.0,0.23654889,0.0,0.0,0.0,0.0,0.0,0.0,0.0,0.0,0.0,0.0,0.0,0.0,0.0,0.0,0.0,0.0,0.0
EAF1,0.0,0.0,0.0,0.0,0.0,0.0,0.0,0.0,0.0,0.0,0.0,0.5073828,0.0,0.0,0.0,0.0,0.0,0.0,0.0,0.0,0.0,0.0,0.0,0.0,0.0,0.0,0.0,0.0,0.0,0.0,0.0,0.0,0.0,0.0,0.0,0.0,0.0,0.0,0.0,0.0,0.0,0.0
ANKRD28,0.0,0.0,0.0,0.60183084,0.0,0.0,0.0,0.0,0.0,0.0,0.48630244,0.0,0.0,0.0,0.0,0.0,0.58219385,0.0,0.0,0.0,0.0,0.0,0.0,0.69976217,0.4669268,0.0,0.0,0.8035427,0.0,0.0,0.0,0.0,0.0,0.0,0.0,0.0,0.0,0.0,0.0,0.0,0.0,0.0
DPH3,0.0,0.0,0.0,0.0,0.0,0.0,0.0,0.0,0.0,0.0,0.0,0.0,0.0,0.0,0.0,0.0,0.0,0.0,0.0,0.0,0.0,0.0,0.0,0.0,0.15630423,0.0,0.0,0.0,0.0,0.0,0.0,0.0,0.0,0.0,0.0,0.0,0.0,0.0,0.0,0.0,0.0,0.0
OXNAD1,0.0,0.0,0.0,0.0,0.0,0.0,0.0,0.0,0.0,0.0,0.0,0.0,0.0,0.97565055,0.0,0.0,0.0,0.0,0.0,0.0,0.0,0.0,0.0,0.0,0.0,0.0,0.0,0.0,0.0,0.0,0.7248377,0.0,0.0,0.0,0.8818352,0.9278908,1.0909383,0.0,0.0,0.8939098,1.0624948,0.0
RFTN1,0.0,0.0,0.0,0.0,0.0,0.40020192,0.3404857,0.0,0.0,0.0,0.0,0.0,0.0,0.0,0.0,0.0,0.0,0.0,0.0,0.0,0.0,0.0,0.0,0.0,0.0,0.0,0.0,0.0,0.0,0.0,0.0,0.0,0.0,0.0,0.0,0.0,0.0,0.0,0.0,0.0,0.0,0.0
SATB1,0.0,0.0,0.0,0.0,0.0,0.0,0.39040408,0.0,0.0,0.0,0.61280143,0.0,0.0,1.0530457,0.0,0.0,0.0,0.0,0.0,0.0,0.0,0.0,0.0,0.0,0.0,0.0,0.0,0.0,0.0,0.0,0.7407816,0.0,0.0,0.0,0.93305266,0.8845423,0.98977053,0.0,0.0,0.0,0.0,0.0
RAB5A,0.0,0.0,0.0,0.0,0.0,0.50819945,0.3689735,0.0,0.0,0.0,0.0,0.0,0.0,0.0,0.0,0.0,0.0,0.0,0.0,0.0,0.0,0.0,0.0,0.0,0.0,0.0,0.0,0.0,0.0,0.0,0.0,0.0,0.0,0.0,0.0,0.0,0.0,0.0,0.0,0.0,0.0,0.0
UBE2E2,0.0,0.0,0.0,0.0,0.0,0.0,0.2934634,0.0,0.0,0.3953033,0.0,0.0,0.97920024,0.0,0.0,0.0,0.0,0.0,0.0,0.0,0.0,0.0,0.0,0.0,0.0,0.0,0.0,0.0,0.0,0.0,0.0,0.0,0.0,0.0,0.0,0.0,0.0,0.0,0.0,0.0,0.0,0.0
UBE2E1,0.0,0.0,0.0,0.0,0.0,0.37913528,0.27371624,0.25306308,0.0,0.0,0.0,0.0,0.0,0.0,0.0,0.0,0.0,0.0,0.0,0.0,0.0,0.0,0.0,0.0,0.17043604,0.0,0.0,0.31489098,0.0,0.0,0.0,0.0,0.0,0.0,0.0,0.0,0.0,0.0,0.0,0.0,0.0,0.0
RPL15,3.2317328,2.5746036,2.7180681,2.836708,2.847317,3.234867,3.3245711,3.4940422,2.7600462,2.919622,3.2219934,2.758898,2.720617,3.0735521,3.31153,3.0894213,2.7718394,2.7021914,3.2313075,2.8611808,3.1335044,3.3868086,2.82757,2.0384617,3.188047,3.274984,3.3171957,3.3743725,3.0365615,0.0,3.2833784,2.9420855,3.1547294,2.963988,3.281897,3.0932,3.370029,3.1383562,2.959798,2.9947987,2.9314966,3.3692052
TOP2B,0.0,0.0,0.0,0.49866244,0.0,0.28412688,0.3520353,0.0,0.0,0.18083665,0.0,0.0,0.0,0.0,0.0,0.0,0.54435766,0.0,0.0,0.0,0.0,0.0,0.0,0.0,0.12881172,0.0,1.4929177,0.61214995,0.0,0.0,0.0,0.0,0.0,0.0,0.0,0.0,0.0,0.0,0.0,0.0,0.0,0.0
NGLY1,0.0,0.0,0.0,0.0,0.0,0.3556153,0.33295542,0.34586093,0.0,0.44826725,0.0,0.0,0.0,0.0,0.77814996,0.0,0.0,0.0,0.0,0.0,0.0,0.0,0.0,0.30905342,0.37435994,0.0,0.0,0.18603835,0.0,0.0,0.0,0.0,0.0,0.0,0.0,0.0,0.0,0.0,0.0,0.0,0.0,0.7880472
CMC1,0.0,0.0,0.0,0.0,0.8179772,0.0,0.0,0.20815918,0.0,0.18083665,0.0,0.0,0.0,0.0,0.0,0.0,0.0,0.0,0.0,1.2442571,2.2345095,0.0,0.0,0.0,0.15349633,0.0,0.0,0.0,0.0,0.0,0.0,0.0,0.0,2.0786948,0.0,0.0,0.0,0.0,1.7231117,0.0,0.0,0.0
AZI2,0.0,0.0,0.0,0.0,0.0,0.0,0.0,0.0,0.0,0.0,0.0,0.4254868,0.0,0.0,0.0,0.0,0.0,0.0,0.0,0.0,0.0,0.0,0.0,0.0,0.0,0.0,0.0,0.0,0.0,0.0,0.0,0.0,0.0,0.0,0.0,0.0,0.0,0.0,0.0,0.0,0.0,0.0
TGFBR2,0.0,0.0,0.0,0.0,0.0,0.0,0.0,0.0,0.0,0.0,0.0,0.0,0.5578004,0.0,0.0,0.0,0.0,0.0,0.0,0.0,0.0,0.0,0.0,0.0,0.0,0.0,0.0,0.0,0.0,0.0,0.0,0.0,0.0,0.0,0.0,0.0,0.5477407,0.0,0.0,0.0,0.0,0.55306864
STT3B,0.0,0.0,0.0,0.66090345,0.0,0.38905048,0.35118595,0.23174405,0.0,0.44057786,0.0,0.47305363,0.0,0.0,0.0,0.0,0.0,0.0,0.0,0.0,0.0,0.0,0.0,0.25083283,0.5919916,0.0,0.935398,0.5622442,0.0,0.0,0.0,0.0,0.0,0.0,0.0,0.0,0.0,0.0,0.0,0.0,0.0,0.5349308
OSBPL10,0.0,0.0,0.0,0.0,0.0,0.0,0.0,0.0,0.0,0.0,0.0,0.0,0.0,0.0,0.0,0.0,0.0,0.0,0.0,0.0,0.0,0.0,0.0,0.0,0.16684455,0.0,0.0,0.0,0.0,0.0,0.0,0.0,0.0,0.0,0.0,0.0,0.0,0.0,0.0,0.0,0.0,0.0
CMTM7,0.0,0.0,0.0,0.0,0.0,0.0,0.41870624,0.0,0.0,0.18083665,0.0,0.72303134,0.7458428,0.0,0.0,0.0,0.0,0.0,0.0,0.0,0.0,0.0,0.8106179,0.0,0.0,2.2194567,1.7771192,0.0,0.0,0.0,0.0,0.0,0.0,0.0,0.0,0.0,0.0,0.0,0.0,0.0,0.0,0.0
CMTM6,0.90358186,0.0,1.0550551,1.0879726,0.45379516,1.083187,1.061422,0.0,0.0,0.93481153,0.9341768,1.097946,1.141807,0.0,0.0,0.0,0.0,1.263719,0.0,0.0,0.0,0.0,1.370795,0.0,0.22572826,0.0,0.0,0.52830327,0.0,0.0,0.0,0.0,0.0,0.0,0.0,0.0,0.0,0.0,0.0,0.0,0.0,0.65726906
DYNC1LI1,0.0,0.0,0.0,0.0,0.0,0.48126704,0.49061,0.27055314,0.0,0.0,0.0,0.0,0.0,0.0,0.0,0.0,0.0,0.0,0.0,0.0,0.0,0.0,0.0,0.0,0.24736819,0.0,0.0,0.0,0.0,0.0,0.0,0.0,0.0,0.0,0.0,0.0,0.0,0.0,0.0,0.0,0.0,0.0
CNOT10,0.0,0.0,0.0,0.0,0.0,0.0,0.0,0.16701494,0.0,0.18083665,0.0,0.0,0.0,0.0,0.0,0.0,0.0,0.0,0.0,0.0,0.0,0.0,0.0,0.0,0.0,0.0,0.0,0.0,0.0,0.0,0.0,0.0,0.0,0.0,0.0,0.0,0.0,0.0,0.0,0.0,0.0,0.0
GLB1,0.0,0.0,0.0,0.0,0.0,0.0,0.3259039,0.0,0.0,0.0,0.0,0.0,0.0,0.0,0.0,0.0,0.0,0.0,0.0,0.0,0.0,0.0,0.0,0.0,0.0,0.0,0.0,0.0,0.0,0.0,0.0,0.0,0.0,0.0,0.0,0.0,0.0,0.0,0.0,0.0,0.0,0.0
CRTAP,0.0,0.0,0.6529507,0.50978076,0.0,0.48604932,0.5444695,0.3936967,0.0,0.0,0.0,0.5104259,0.0,0.0,0.0,0.0,0.0,0.0,0.0,0.0,0.0,0.0,0.0,0.0,0.0,0.0,0.0,0.31212556,0.0,0.0,0.0,0.0,0.0,0.0,0.0,0.0,0.0,0.0,0.0,0.0,0.0,0.0
PDCD6IP,0.0,0.0,0.0,0.42412204,0.0,0.0,0.47691563,0.22153036,0.0,0.18155362,0.6301467,0.0,0.0,0.0,0.0,0.0,0.0,0.0,0.0,0.0,0.0,0.0,0.5945152,0.0,0.15630423,0.0,0.0,0.2743472,0.0,0.0,0.0,0.0,0.0,0.0,0.0,0.0,0.0,0.0,0.0,0.0,0.0,0.0
ARPP21,0.0,0.0,0.0,0.0,0.0,0.0,0.0,0.0,0.0,0.0,0.0,0.0,0.0,0.0,0.0,0.0,0.0,0.0,0.0,0.0,0.0,0.0,0.0,0.0,0.0,0.0,1.2824671,0.0,0.0,0.0,0.0,0.0,0.0,0.0,0.0,0.0,0.0,0.0,0.0,0.0,0.0,0.0
TRANK1,0.0,0.0,0.0,0.0,0.0,0.0,0.0,0.0,0.0,0.18083665,0.0,0.0,0.0,0.0,0.0,0.0,0.0,0.0,0.0,0.0,0.0,0.0,0.0,0.0,0.0,0.0,0.0,0.0,0.0,0.0,0.0,0.0,0.0,0.0,0.0,0.0,0.0,0.0,0.0,0.0,0.0,0.0
MLH1,0.0,0.0,0.0,0.0,0.0,0.0,0.0,0.14261837,0.0,0.0,0.0,0.0,0.0,0.0,0.0,0.0,0.0,0.0,0.0,0.0,0.0,0.0,0.0,0.0,0.24767917,0.0,0.0,0.0,0.0,0.0,0.0,0.0,0.0,0.0,0.0,0.0,0.0,0.0,0.0,0.0,0.0,0.0
LRRFIP2,0.0,0.0,0.0,0.0,0.0,0.38395348,0.0,0.32578605,0.0,0.0,0.0,0.0,0.0,0.0,0.0,0.0,0.0,0.83432925,0.0,0.0,0.0,0.0,0.0,0.0,0.15630423,0.0,0.0,0.0,0.0,0.0,0.0,0.0,0.0,0.0,0.0,0.0,0.0,0.0,0.0,0.0,0.0,0.0
GOLGA4,0.0,0.0,0.0,0.0,0.61330813,0.2875488,0.42475292,0.36520562,0.0,0.44826725,0.94255817,0.0,0.0,0.0,0.0,0.0,0.0,0.0,0.0,0.0,0.0,0.0,0.0,0.5364494,0.54461384,0.0,0.0,0.20230256,0.0,0.0,0.0,0.0,0.0,0.0,0.0,0.0,0.0,0.0,0.0,0.0,0.0,0.6454308
CTDSPL,0.0,0.0,0.0,0.0,0.0,0.0,0.0,0.0,0.0,0.0,0.0,0.0,0.0,0.0,0.0,0.0,0.0,0.42960876,0.0,0.0,0.0,0.0,0.0,0.0,0.0,0.0,0.0,0.0,0.0,0.0,0.0,0.0,0.0,0.0,0.0,0.0,0.0,0.0,0.0,0.0,0.0,0.0
PLCD1,0.0,0.0,0.0,0.0,0.0,0.5457487,0.0,0.0,0.0,0.0,0.0,0.0,0.0,0.0,0.0,0.0,0.0,0.0,0.0,0.0,0.0,0.0,0.0,0.0,0.0,0.0,0.0,0.0,0.0,0.0,0.0,0.0,0.0,0.0,0.0,0.0,0.0,0.0,0.0,0.0,0.0,0.0
ACAA1,0.0,0.0,0.0,0.0,0.0,0.6620797,0.8725276,0.18037266,0.0,0.0,0.0,0.0,0.0,0.0,0.0,0.0,0.0,0.0,0.0,0.0,0.0,0.0,0.80978644,0.0,0.22458787,0.0,0.0,0.0,0.0,0.0,0.0,0.0,0.0,0.0,0.0,0.0,0.0,0.0,0.0,0.0,0.0,0.55192554
MYD88,0.0,0.0,0.0,0.0,0.0,1.0568686,0.81829166,0.0,0.0,0.25902426,0.0,0.6602513,0.0,0.0,0.0,0.0,0.0,0.0,0.0,0.0,0.0,0.0,1.0245335,0.0,0.0,0.0,0.0,0.0,0.0,0.0,0.0,0.0,0.0,0.0,0.0,0.0,0.0,0.0,0.0,0.0,0.0,0.0
OXSR1,0.0,0.0,0.0,0.0,0.0,0.70080924,0.39008018,0.0,0.0,0.0,0.0,0.0,1.141807,0.0,0.0,0.0,0.0,0.0,0.0,0.0,0.0,0.0,0.0,0.0,0.0,0.0,0.0,0.0,0.0,0.0,0.0,0.0,0.0,0.0,0.0,0.0,0.0,0.0,0.0,0.0,0.0,0.0
CSRNP1,0.8112776,0.0,0.0,0.0,0.66409343,0.96556866,0.7601645,0.0,0.0,0.9041966,1.2238884,0.64906085,1.7012795,1.0999475,0.0,0.0,0.0,0.0,0.0,0.0,1.1204116,0.0,0.5820347,0.0,0.0,0.0,1.4625027,0.0,0.0,0.0,0.9090327,0.0,0.94442666,0.0,0.7950495,1.2629864,0.0,0.54811,0.0,1.2283119,1.2259256,0.0
SLC25A38,0.0,0.0,0.0,0.0,0.0,0.0,0.0,0.3829364,0.0,0.0,0.0,0.0,0.0,0.0,0.0,0.0,0.0,0.0,0.0,0.0,0.0,0.0,0.0,0.0,0.0,0.0,0.0,0.0,0.0,0.0,0.0,0.0,0.0,0.0,0.0,0.0,0.0,0.0,0.0,0.0,0.0,0.0
RPSA,3.0861945,2.1799026,2.1046567,2.7689686,2.9585946,2.6750336,2.9609408,3.3922,2.3945448,3.0379486,3.0575922,2.183535,2.3710601,3.0773618,3.0774934,2.9130173,2.9387581,2.0960078,3.238361,2.600378,3.07413,3.2973788,2.2893767,1.571147,2.896999,2.6203563,2.7904239,3.333329,2.9961581,1.7026241,3.516421,2.7235398,3.259795,2.7856536,3.550702,3.2651057,3.477564,3.2641258,2.8321385,3.0086277,3.1802714,3.176407
EIF1B,0.90175134,0.0,0.0,0.45376468,0.66593015,0.59331524,0.57409585,0.78604877,0.0,0.6785321,0.0,1.1161138,0.44090223,0.0,0.7355936,0.0,0.0,0.61912197,0.97779447,0.0,0.0,1.213649,0.5914006,0.0,0.39370456,1.3246961,1.1254485,0.43379027,0.60675466,0.0,0.0,0.0,0.0,0.0,0.0,0.0,0.0,0.0,0.0,0.0,0.0,0.742048
RPL14,3.2602844,2.8430557,2.3655624,2.4278424,2.7961164,3.2609997,3.1069853,3.7607265,2.5077386,3.0600586,3.2459722,2.4981503,2.4614627,3.3945704,3.1956506,3.0844908,2.9536185,2.258638,3.4174888,2.9529786,3.1822243,3.2459722,2.791459,1.9898895,2.8639622,2.691886,3.1228411,3.1961155,3.1443114,0.0,3.6932511,3.2270794,3.5363655,3.0875044,3.734384,3.680716,3.7620306,3.4644773,3.2029815,3.3982518,3.4830542,3.076714
CTNNB1,0.565376,1.085649,0.84282774,0.64369726,0.0,0.55245733,0.6699801,0.0,0.0,0.47256014,0.94255817,1.054872,1.141807,0.0,0.6868571,0.0,0.0,0.0,0.0,0.0,0.0,0.0,0.7961187,0.0,0.12881172,0.0,0.0,0.3895585,0.0,0.0,0.0,0.0,0.0,0.0,0.0,0.0,0.0,0.0,0.0,0.0,0.0,0.0
SEC22C,0.0,0.0,0.0,0.0,0.0,0.0,0.0,0.19211742,0.0,0.0,0.0,0.0,0.0,0.0,0.0,0.0,0.0,0.0,0.0,0.0,0.0,0.0,0.0,0.0,0.0,0.0,0.0,0.0,0.0,0.0,0.0,0.0,0.0,0.0,0.0,0.0,0.0,0.0,0.0,0.0,0.0,0.0
SS18L2,0.0,0.0,0.0,0.0,0.0,0.40020192,0.34136593,0.49197674,0.0,0.4977838,0.0,0.0,0.0,0.0,0.0,0.0,0.0,0.0,0.0,0.0,0.0,0.0,0.0,0.0,0.37302485,0.0,0.0,0.0,0.0,0.0,0.0,0.0,0.0,0.0,0.0,0.0,0.0,0.0,0.0,0.0,0.0,0.0
NKTR,0.8087835,0.0,0.0,0.41962686,0.98077935,0.3977822,0.6055493,0.1972709,0.0,0.47256014,0.89209247,0.0,0.0,0.8340355,0.7355936,0.0,0.0,0.0,0.7187612,0.9358215,0.85186267,0.0,0.5639893,0.16775352,0.54484046,0.0,0.0,0.6906139,0.4737544,1.8035223,0.82898355,1.034102,1.0108538,1.0932413,0.80937093,0.0,0.8425265,0.9759596,1.0631148,0.9602629,1.0362092,0.7991014
HIGD1A,0.0,0.0,0.0,0.0,0.0,0.0,0.0,0.33988395,0.0,0.0,0.0,0.0,0.0,0.0,0.0,0.0,0.0,0.41933805,0.0,0.0,0.0,0.0,0.0,0.0,0.24427398,0.0,0.0,0.0,0.0,0.0,0.0,0.0,0.0,0.0,0.0,0.0,0.0,0.0,0.0,0.0,0.0,0.81030273
POMGNT2,0.0,0.0,0.0,0.0,0.0,0.0,0.0,0.089526,0.0,0.0,0.0,0.0,0.0,0.0,0.0,0.0,0.0,0.0,0.0,0.0,0.0,0.0,0.0,0.0,0.0,0.0,0.0,0.0,0.0,0.0,0.0,0.0,0.0,0.0,0.0,0.0,0.0,0.0,0.0,0.0,0.0,0.0
ABHD5,0.0,0.0,0.0,0.0,0.0,0.0,0.0,0.37019387,0.0,0.0,0.0,0.0,0.0,0.0,0.0,0.0,0.0,0.0,0.0,0.0,0.0,0.0,0.0,0.0,0.0,0.0,0.0,0.0,0.0,0.0,0.0,0.0,0.0,0.0,0.0,0.0,0.0,0.0,0.0,0.0,0.0,0.0
KIAA1143,0.0,0.0,0.0,0.0,0.0,0.0,0.0,0.14544432,0.0,0.0,0.0,0.0,0.0,0.0,0.0,0.0,0.0,0.0,0.0,0.0,0.0,0.0,0.0,0.0,0.0,0.0,0.0,0.0,0.0,0.0,0.0,0.0,0.0,0.0,0.0,0.0,0.0,0.0,0.0,0.0,0.0,0.0
KIF15,0.0,0.0,0.0,0.0,0.53518045,0.0,0.0,0.0,0.0,0.0,0.0,0.0,0.0,0.0,0.0,0.0,0.0,0.0,0.0,0.0,0.0,0.0,0.0,0.0,0.0,0.0,0.0,0.0,0.0,0.0,0.0,0.0,0.0,0.0,0.0,0.0,0.0,0.0,0.0,0.0,0.0,0.0
ZDHHC3,0.0,0.0,0.0,0.0,0.0,0.0,0.0,0.28292108,0.0,0.0,0.0,0.0,0.0,0.0,0.0,0.0,0.0,0.0,0.0,0.0,0.0,0.0,0.0,0.0,0.17058174,0.0,0.0,0.0,0.0,0.0,0.0,0.0,0.0,0.0,0.0,0.0,0.0,0.0,0.0,0.0,0.0,0.0
EXOSC7,0.0,0.0,0.0,0.0,0.0,0.0,0.0,0.3584625,0.0,0.0,0.0,0.0,0.0,0.0,0.0,0.0,0.0,0.0,0.0,0.0,0.0,0.0,0.0,0.0,0.17365827,0.0,0.0,0.0,0.0,0.0,0.0,0.0,0.0,0.0,0.0,0.0,0.0,0.0,0.0,0.0,0.0,0.0
XCR1,0.0,0.0,0.0,0.0,0.0,0.9254782,0.0,0.0,0.0,0.0,0.0,0.0,0.0,0.0,0.0,0.0,0.0,0.0,0.0,0.0,0.0,0.0,0.0,0.0,0.0,0.0,0.0,0.0,0.0,0.0,0.0,0.0,0.0,0.0,0.0,0.0,0.0,0.0,0.0,0.0,0.0,0.0
CCR1,0.0,0.0,0.0,0.0,0.0,0.0,0.0,0.0,0.0,0.0,0.0,0.5046885,0.7458428,0.0,0.0,0.0,0.0,0.0,0.0,0.0,0.0,0.0,0.0,0.0,0.0,0.0,0.0,0.0,0.0,0.0,0.0,0.0,0.0,0.0,0.0,0.0,0.0,0.0,0.0,0.0,0.0,0.0
CCDC12,0.470424,0.0,0.0,0.0,0.73384356,0.53241324,0.6339667,0.34274825,0.0,0.49529564,0.0,0.0,0.0,0.0,0.0,0.0,0.0,0.0,0.0,0.0,0.0,0.0,0.4461106,0.0,0.41196918,0.0,0.0,0.35909384,0.0,0.0,0.0,0.0,0.0,0.0,0.0,0.0,0.0,0.0,0.0,0.0,0.0,0.67074984
NBEAL2,0.0,0.0,0.0,0.0,0.0,0.5457487,0.0,0.0,0.0,0.0,0.0,0.0,0.0,0.0,0.0,0.0,0.0,0.0,0.0,0.0,0.0,0.0,0.0,0.0,0.0,0.0,0.0,0.0,0.0,0.0,0.0,0.0,0.0,0.0,0.0,0.0,0.0,0.0,0.0,0.0,0.0,0.0
SETD2,0.0,0.0,0.0,0.24695584,0.49659026,0.40578204,0.49489614,0.17792389,0.0,0.3953033,0.0,0.0,0.7257168,0.0,0.0,0.0,0.0,0.0,0.0,0.0,0.0,0.0,0.0,0.0,0.0,0.0,0.0,0.19113845,0.0,0.0,0.0,0.0,0.0,0.0,0.0,0.0,0.0,0.0,0.0,0.0,0.0,0.4712922
KLHL18,0.0,0.0,0.0,0.0,0.0,0.0,0.0,0.18280953,0.0,0.0,0.0,0.0,0.0,0.0,0.0,0.0,0.0,0.0,0.0,0.0,0.0,0.0,0.0,0.0,0.0,0.0,0.0,0.0,0.0,0.0,0.0,0.0,0.0,0.0,0.0,0.0,0.0,0.0,0.0,0.0,0.0,0.0
ELP6,0.0,0.0,0.0,0.0,0.0,0.0,0.0,0.0,0.0,0.0,0.0,0.0,0.0,0.0,0.0,0.0,0.0,0.0,0.0,0.0,0.0,0.0,0.0,0.0,0.17338812,0.0,0.0,0.0,0.0,0.0,0.0,0.0,0.0,0.0,0.0,0.0,0.0,0.0,0.0,0.0,0.0,0.0
SMARCC1,0.0,0.0,0.0,0.4465893,0.0,0.48604932,0.5586959,0.6273992,0.0,0.70693946,0.0,0.0,0.0,0.0,0.0,0.0,0.0,0.0,0.0,0.0,0.0,0.0,0.0,0.0,0.3097917,0.45580325,0.0,0.7889055,0.0,0.0,0.0,0.0,0.0,0.0,0.0,0.0,0.0,0.0,0.0,0.0,0.0,0.56484044
DHX30,0.0,0.0,0.0,0.0,0.0,0.0,0.0,0.33458018,0.0,0.49282485,0.0,0.0,0.0,0.0,0.0,0.0,0.0,0.0,0.0,0.0,0.0,0.0,0.0,0.0,0.24683121,0.0,0.0,0.0,0.0,0.0,0.0,0.0,0.0,0.0,0.0,0.0,0.0,0.0,0.0,0.0,0.0,0.0
MAP4,0.0,0.0,0.0,0.0,0.0,0.27226898,0.0,0.0,0.0,0.0,0.0,0.0,0.0,0.0,0.0,0.0,0.0,0.0,0.0,0.0,0.0,0.0,0.0,0.0,0.17043604,0.0,0.0,0.0,0.0,0.0,0.0,0.0,0.0,0.0,0.0,0.0,0.0,0.0,0.0,0.0,0.0,0.0
TMA7,1.7358924,1.3758222,1.6078532,1.834051,1.9844855,1.829596,1.703032,2.0646846,1.9598831,2.156456,1.7611761,1.7275,2.0440001,2.0208192,1.4930514,1.72995,1.5756266,2.045709,1.6826115,1.9718525,1.778703,1.4757668,1.6207988,1.0497756,1.833968,1.5920696,1.7512681,1.6838031,1.8768773,0.0,1.9754543,2.3327198,1.9452248,2.2727509,1.8699113,1.751214,2.017138,1.8661687,2.2768934,1.90928,1.8737509,1.8260236
SHISA5,0.0,0.0,0.0,0.0,0.66580653,0.0,0.33295542,0.24555804,0.0,0.0,0.0,0.0,0.44090223,0.0,0.0,0.0,0.0,0.0,0.0,0.0,0.0,0.0,0.48595905,0.0,0.28544554,0.0,0.0,0.0,0.0,0.0,0.0,0.0,0.0,0.0,0.0,0.0,0.0,0.0,0.0,0.0,0.0,0.0
UQCRC1,0.0,0.0,0.739549,1.0122457,0.74988514,0.67467314,0.7961055,1.0975069,0.0,0.7324741,0.0,0.90413547,0.0,0.0,0.0,0.0,0.0,0.0,0.0,0.0,0.0,0.0,0.855698,0.2457521,0.86957866,0.0,0.0,0.74423015,0.0,0.0,0.0,0.0,0.0,0.0,0.0,0.0,0.0,0.0,0.0,0.0,0.0,0.0
IP6K2,0.0,0.0,0.0,0.0,0.0,0.0,0.0,0.14513557,0.0,0.23875955,0.0,0.0,0.0,0.0,0.0,0.0,0.0,0.0,0.0,0.0,0.0,0.0,0.0,0.0,0.12957723,0.0,0.0,0.0,0.0,0.0,0.0,0.0,0.0,0.0,0.0,0.0,0.0,0.0,0.0,0.0,0.0,0.0
PRKAR2A,0.0,0.0,0.0,0.0,0.0,0.0,0.36171302,0.0,0.0,0.0,0.0,0.0,0.0,0.0,0.0,0.0,0.0,0.0,0.0,0.0,0.0,0.0,0.0,0.0,0.0,0.0,0.0,0.0,0.0,0.0,0.0,0.0,0.0,0.0,0.0,0.0,0.0,0.0,0.0,0.0,0.0,0.0
ARIH2,0.0,0.0,0.0,0.0,0.4760384,0.4224942,0.34136593,0.49316096,0.0,0.18083665,0.0,0.0,0.0,0.0,0.0,0.0,0.0,0.0,0.0,0.0,0.0,0.0,0.0,0.0,0.3209116,0.0,0.0,0.0,0.0,0.0,0.0,0.0,0.0,0.0,0.0,0.0,0.0,0.0,0.0,0.0,0.0,0.0
DALRD3,0.0,0.0,0.0,0.0,0.0,0.0,0.0,0.0,0.0,0.41463724,0.0,0.0,0.0,0.0,0.0,0.0,0.0,0.0,0.0,0.0,0.0,0.0,0.0,0.0,0.0,0.0,0.0,0.0,0.0,0.0,0.0,0.0,0.0,0.0,0.0,0.0,0.0,0.0,0.0,0.0,0.0,0.0
NDUFAF3,0.0,0.0,0.0,0.0,0.7909095,0.4165121,0.42818734,0.93888044,0.0,0.47349092,0.0,0.6449004,0.7257168,0.0,0.0,0.0,0.0,1.6184655,0.0,0.0,0.0,0.0,0.5285389,0.4081666,0.75043356,0.0,0.0,0.45155954,0.0,0.0,0.0,0.0,0.0,0.0,0.0,0.0,0.0,0.0,0.0,0.0,0.0,0.6486237
IMPDH2,0.0,0.0,0.0,0.0,0.32724643,0.48598903,0.43283626,1.490435,0.0,0.4977838,0.7733425,0.0,0.0,0.0,0.0,0.0,0.0,0.0,0.0,0.0,0.0,0.0,0.0,0.0,0.48684168,0.0,0.0,1.1469603,0.0,0.0,0.0,0.0,0.0,0.0,0.0,0.0,0.0,0.0,0.0,0.0,0.0,0.0
QRICH1,0.0,0.0,0.0,0.0,0.0,0.0,0.0,0.16701494,0.0,0.0,0.0,0.0,0.0,0.0,0.0,0.0,0.0,0.0,0.0,0.0,0.0,0.0,0.0,0.0,0.13131355,0.0,0.0,0.0,0.0,0.0,0.0,0.0,0.0,0.0,0.0,0.0,0.0,0.0,0.0,0.0,0.0,0.0
QARS1,0.0,0.0,0.0,0.0,0.0,0.2875488,0.43283626,0.4801834,0.0,0.0,0.0,0.0,0.0,0.0,0.0,0.0,0.0,0.0,0.0,0.0,0.0,0.0,0.0,0.0,0.24795079,0.0,0.0,0.4790584,0.0,0.0,0.0,0.0,0.0,0.0,0.0,0.0,0.0,0.0,0.0,0.0,0.0,0.0
USP4,0.0,0.0,0.0,0.0,0.0,0.3139043,0.3384496,0.0,0.0,0.18083665,0.0,0.0,0.0,0.0,0.0,0.0,0.0,0.0,0.0,0.0,0.0,0.0,0.0,0.0,0.0,0.0,0.0,0.0,0.0,0.0,0.0,0.0,0.0,0.0,0.0,0.0,0.0,0.0,0.0,0.0,0.0,0.0
RHOA,1.8047943,2.1226137,1.9198723,1.9397835,1.9371792,1.7762352,1.7726432,1.5772702,2.0464957,1.5127156,1.5042977,2.1895578,1.8290203,1.3614675,2.0507255,1.4909147,1.5085807,2.6286821,1.5680645,1.5194771,1.4491425,1.4581854,2.2496362,0.80804175,1.3456881,1.6973398,2.0921447,1.4644599,1.4866834,0.0,1.250002,1.4468999,1.0536537,1.4397963,1.0067029,1.4124087,1.1253783,1.3912271,1.2873838,1.3861444,1.3962387,1.6501805
APEH,0.0,0.0,0.0,0.0,0.0,0.0,0.0,0.83120865,0.0,0.0,0.0,0.0,0.0,0.0,0.0,0.0,0.0,0.0,0.0,0.0,0.0,0.0,0.0,0.0,0.22572826,0.0,0.0,0.0,0.0,0.0,0.0,0.0,0.0,0.0,0.0,0.0,0.0,0.0,0.0,0.0,0.0,0.0
GMPPB,0.0,0.0,0.0,0.0,0.0,0.0,0.0,0.0,0.0,0.0,0.0,0.0,0.0,0.0,0.0,0.0,0.0,0.0,0.0,0.0,0.0,0.0,0.0,0.33154058,0.8565353,0.0,0.0,0.0,0.0,0.0,0.0,0.0,0.0,0.0,0.0,0.0,0.0,0.0,0.0,0.0,0.0,0.0
UBA7,0.0,0.0,0.0,0.0,0.0,0.0,0.0,0.0,0.0,0.18083665,0.0,0.0,0.0,0.0,0.0,0.0,0.0,0.0,0.0,0.0,0.0,0.0,0.0,0.0,0.0,0.0,0.0,0.0,0.0,0.0,0.0,0.0,0.0,0.0,0.0,0.0,0.0,0.0,0.0,0.0,0.0,0.0
RBM6,0.6721774,0.0,0.0,0.0,0.44600976,0.0,0.3546848,0.13638774,0.0,0.49282485,0.0,0.0,0.0,0.0,0.0,0.0,0.0,0.0,0.0,0.0,0.0,0.0,0.0,0.22589214,0.33617535,0.0,0.0,0.24267532,0.0,0.0,0.0,0.0,0.0,0.0,0.0,0.0,0.0,0.0,0.0,0.0,0.0,0.6280608
RBM5,0.0,0.0,0.0,0.40864018,0.41162446,0.0,0.32769254,0.0,0.0,0.0,0.0,0.0,0.0,0.0,0.0,0.0,0.0,0.0,0.0,0.0,0.0,0.0,0.0,0.0,0.18766053,0.0,0.0,0.2764121,0.0,0.0,0.0,0.0,0.0,0.0,0.0,0.0,0.0,0.0,0.0,0.0,0.0,0.0
GNAI2,0.92434573,1.575357,2.02497,2.0549927,1.7230496,1.2921519,2.0440829,0.19736072,1.3618983,1.2133833,1.0021521,1.8690995,1.4048783,1.0838984,0.9916867,1.6021183,1.3492317,0.0,1.0242198,1.4246892,1.3321564,0.0,2.1688673,0.2744419,0.9631382,0.0,1.031539,1.2914104,0.62172234,0.0,1.1406469,1.2494693,1.1298262,1.1586261,1.028297,0.93492866,0.91374826,1.2927269,1.1990488,1.1305358,1.1326704,1.5583866
IFRD2,0.0,0.0,0.0,0.0,0.0,0.0,0.0,0.7155782,0.0,0.0,0.0,0.0,0.0,0.0,0.0,0.0,0.0,0.0,0.0,0.0,0.0,0.0,0.0,0.0,0.2261846,0.0,0.0,0.0,0.0,0.0,0.0,0.0,0.0,0.0,0.0,0.0,0.0,0.0,0.0,0.0,0.0,0.0
TUSC2,0.0,0.0,0.0,0.0,0.0,0.0,0.0,0.29719716,0.0,0.18083665,0.0,0.0,0.0,0.0,0.0,0.0,0.0,0.0,0.0,0.0,0.0,0.0,0.0,0.0,0.23462802,0.0,0.0,0.0,0.0,0.0,0.0,0.0,0.0,0.0,0.0,0.0,0.0,0.0,0.0,0.0,0.0,0.0
RASSF1,0.0,0.0,0.0,0.0,0.7905303,0.0,0.0,0.19918287,0.0,0.4532262,0.0,0.0,0.0,0.0,0.0,0.0,0.59508157,0.0,0.0,0.0,0.79475725,0.0,0.0,0.0,0.0,0.0,0.0,0.3310532,0.0,0.0,0.0,0.0,0.0,0.0,0.0,0.0,0.0,0.0,0.0,0.0,0.0,0.0
CYB561D2,0.0,0.0,0.0,0.0,0.34711617,0.0,0.0,0.0,0.0,0.0,0.0,0.0,0.0,0.0,0.0,0.0,0.0,0.0,0.0,0.0,0.0,0.0,0.0,0.0,0.22068115,0.0,0.0,0.0,0.0,0.0,0.0,0.0,0.0,0.0,0.0,0.0,0.0,0.0,0.0,0.0,0.0,0.0
MAPKAPK3,0.0,0.0,0.0,0.40441135,0.0,0.0,0.36281422,0.0,0.0,0.0,0.0,0.0,0.0,0.0,0.0,0.0,0.0,0.0,0.0,0.0,0.0,0.0,0.71392685,0.0,0.0,0.0,0.0,0.27341878,0.0,0.0,0.0,0.0,0.0,0.0,0.0,0.0,0.0,0.0,0.0,0.0,0.0,0.58205104
MANF,0.0,0.0,0.0,0.0,0.47591254,0.34146005,0.0,0.0,0.0,0.0,0.0,0.0,0.0,0.0,0.0,0.0,0.0,0.0,0.0,0.0,0.0,0.0,0.0,1.1475568,1.5895361,0.0,0.0,0.37439036,0.0,0.0,0.0,0.0,0.0,0.0,0.0,0.0,0.0,0.0,0.0,0.0,0.0,0.87509
TEX264,0.0,0.0,0.0,0.0,0.60745955,0.28951037,0.3404857,0.0,0.0,0.23380059,0.0,0.0,0.0,0.0,0.0,0.0,0.0,0.0,0.0,0.0,0.0,0.0,0.0,0.0,0.22705108,0.0,0.0,0.0,0.0,0.0,0.0,0.0,0.0,0.0,0.0,0.0,0.0,0.0,0.0,0.0,0.0,0.0
RRP9,0.0,0.0,0.0,0.0,0.0,0.0,0.0,0.16873805,0.0,0.0,0.0,0.0,0.0,0.0,0.0,0.0,0.0,0.0,0.0,0.0,0.0,0.0,0.0,0.0,0.0,0.0,0.0,0.0,0.0,0.0,0.0,0.0,0.0,0.0,0.0,0.0,0.0,0.0,0.0,0.0,0.0,0.0
ABHD14B,0.6721774,0.0,0.0,0.0,0.0,0.3556153,0.36318722,0.48000717,0.0,0.18155362,0.0,0.0,0.0,0.0,0.6868571,0.0,0.0,0.0,0.0,0.0,0.0,0.0,0.0,0.0,0.0,0.0,0.0,0.3916124,0.0,0.0,0.0,0.0,0.0,0.0,0.0,0.0,0.0,0.0,0.0,0.0,0.0,0.0
ABHD14A,0.0,0.0,0.0,0.0,0.0,0.0,0.0,0.0,0.0,0.0,0.0,0.0,0.0,0.0,0.0,0.0,0.0,0.0,0.0,0.0,0.0,0.0,0.0,0.0,0.1146783,0.0,0.0,0.0,0.0,0.0,0.0,0.0,0.0,0.0,0.0,0.0,0.0,0.0,0.0,0.0,0.0,0.0
ACY1,0.0,0.0,0.0,0.0,0.0,0.0,0.0,0.31307203,0.0,0.0,0.0,0.0,0.0,0.0,0.0,0.0,0.0,0.0,0.0,0.0,0.0,0.0,0.0,0.0,0.0,0.0,0.0,0.0,0.0,0.0,0.0,0.0,0.0,0.0,0.0,0.0,0.0,0.0,0.0,0.0,0.0,0.0
RPL29,3.560042,2.9064546,2.8094401,2.8087249,2.8685725,3.4788957,3.334806,3.7841384,2.6328547,3.1301806,3.4101007,2.926914,3.2974322,3.3750014,3.4217768,3.3087335,2.9029412,2.6854475,3.5578508,2.966108,3.3176785,3.6519704,3.0258965,2.3130128,3.102155,3.0549726,3.2896943,3.4221091,3.3374147,0.0,3.7271976,3.1037512,3.5548193,3.010715,3.8998585,3.6310768,3.7453144,3.5932586,3.0807312,3.3604288,3.3768063,3.3534865
POC1A,0.0,0.0,0.0,0.0,0.0,0.0,0.0,0.13451539,0.0,0.0,0.0,0.0,0.0,0.0,0.0,0.0,0.0,0.0,0.0,0.0,0.0,0.0,0.0,0.0,0.08575259,0.0,0.0,0.0,0.0,0.0,0.0,0.0,0.0,0.0,0.0,0.0,0.0,0.0,0.0,0.0,0.0,0.0
TWF2,0.0,0.0,0.0,0.65824866,0.72878414,0.69288063,0.69968575,0.0,0.0,0.21446666,0.0,0.7784047,0.0,0.0,0.0,0.0,0.0,0.57220435,0.0,0.0,0.0,0.0,0.44045603,0.0,0.22458787,0.0,0.0,0.0,0.0,0.0,0.0,0.0,0.0,0.0,0.0,0.0,0.0,0.0,0.0,0.0,0.0,0.6635225
PPM1M,0.0,0.0,0.0,0.0,0.0,0.6174085,0.0,0.0,0.0,0.0,0.0,0.4254868,0.0,0.0,0.0,0.0,0.0,0.0,0.0,0.0,0.0,0.0,0.0,0.0,0.0,0.0,0.0,0.0,0.0,0.0,0.0,0.0,0.0,0.0,0.0,0.0,0.0,0.0,0.0,0.0,0.0,0.0
WDR82,0.0,0.0,0.0,0.38580364,0.2692778,0.28951037,0.3404857,0.22824296,0.0,0.18155362,0.0,0.0,0.0,0.0,0.0,0.0,0.0,0.0,0.0,0.0,0.0,0.0,0.0,0.0,0.1802879,0.0,0.0,0.2745456,0.0,0.0,0.0,0.0,0.0,0.0,0.0,0.0,0.0,0.0,0.0,0.0,0.0,0.0
STAB1,0.0,0.0,0.0,0.0,0.0,0.0,0.0,0.0,0.0,0.0,0.0,0.6602513,1.5203841,0.0,0.0,0.0,0.0,0.0,0.0,0.0,0.0,0.0,0.0,0.0,0.0,0.0,0.0,0.0,0.0,0.0,0.0,0.0,0.0,0.0,0.0,0.0,0.0,0.0,0.0,0.0,0.0,0.0
NT5DC2,0.0,0.0,0.0,0.0,0.0,0.0,0.0,0.0,0.0,0.0,0.0,0.0,0.0,0.0,0.0,0.0,0.0,0.0,0.0,0.0,0.0,0.0,0.0,0.0,0.28064317,0.0,0.0,0.0,0.0,0.0,0.0,0.0,0.0,0.0,0.0,0.0,0.0,0.0,0.0,0.0,0.0,0.0
UQCC5,0.0,0.0,0.0,0.0,0.0,0.0,0.0,0.13451539,0.0,0.0,0.0,0.0,0.0,0.0,0.0,0.0,0.0,0.0,0.0,0.0,0.0,0.0,0.0,0.0,0.12525262,0.0,0.0,0.0,0.0,0.0,0.0,0.0,0.0,0.0,0.0,0.0,0.0,0.0,0.0,0.0,0.0,0.0
PBRM1,0.0,0.0,0.0,0.56452394,0.6473317,0.37967432,0.44636363,0.3023484,0.0,0.18155362,0.0,0.0,0.0,0.0,0.0,0.0,0.0,0.0,0.0,0.0,0.0,0.0,0.0,0.0,0.39058423,0.0,0.0,0.26575089,0.0,0.0,0.0,0.0,0.0,0.0,0.0,0.0,0.0,0.0,0.0,0.0,0.0,0.591164
GNL3,0.0,0.0,0.0,0.0,0.0,0.0,0.0,0.7221045,0.0,0.21446666,0.0,0.0,0.0,0.0,0.0,0.0,0.0,0.0,0.0,0.0,0.0,0.0,0.0,0.3745089,0.78789055,0.0,0.0,0.4845079,0.0,0.0,0.0,0.0,0.0,0.0,0.0,0.0,0.0,0.0,0.0,0.0,0.0,0.0
GLT8D1,0.0,0.0,0.0,0.0,0.0,0.0,0.0,0.0,0.0,0.0,0.0,0.0,0.0,0.0,0.0,0.0,0.0,0.0,0.0,0.0,0.0,0.0,0.0,0.0,0.07294999,0.0,0.0,0.0,0.0,0.0,0.0,0.0,0.0,0.0,0.0,0.0,0.0,0.0,0.0,0.0,0.0,0.0
SPCS1,0.78308517,0.0,0.50083727,0.82789385,0.9271988,0.9853937,0.9914379,1.0696194,0.0,0.91243386,0.72809076,0.5950968,0.0,0.95907027,0.0,0.0,0.6395736,0.5952124,0.9464485,0.8394145,0.89337015,0.0,0.75060785,1.487692,1.7455511,0.0,0.0,0.8578119,0.759536,0.0,0.9351158,1.0096323,0.9032325,0.9913135,0.94222367,0.84698033,0.90920967,0.9531547,1.0037918,0.8588138,1.1542213,2.0737424
PRKCD,0.0,0.0,0.0,0.30183676,0.0,0.0,0.4004618,0.0,0.0,0.44057786,0.0,0.0,0.0,0.0,0.0,0.0,0.0,0.0,0.0,0.0,0.0,0.0,0.0,0.0,0.1597676,0.0,0.0,0.0,0.0,0.0,0.0,0.0,0.0,0.0,0.0,0.0,0.0,0.0,0.0,0.0,0.0,0.0
TKT,0.0,0.0,2.0224671,1.9262022,0.64804024,0.836957,1.4596043,1.3742716,1.6413208,1.3003557,0.0,1.5116012,0.7257168,0.0,0.6868571,1.2621269,0.5674067,0.0,0.0,0.0,0.0,0.0,1.8992937,0.17707415,1.0578846,0.9720962,2.3684235,1.4890771,0.0,0.0,0.0,0.0,0.0,0.0,0.0,0.0,0.0,0.0,0.0,0.0,0.0,0.7531122
SELENOK,0.886296,0.8459288,0.0,0.48664844,0.95440745,0.8145584,0.694751,0.4550538,0.0,0.3960203,0.61280143,1.2728063,0.97920024,1.1849928,0.0,0.4222407,0.7584225,0.0,0.9406502,1.113841,1.1226444,0.98041284,0.8378489,1.2183923,1.0474879,0.0,0.0,0.33509818,0.94923675,0.0,1.0232468,1.0489315,1.0694212,1.1976752,1.0028076,1.0323611,0.94041204,1.0657274,1.1555612,1.1332412,1.2047434,0.7574183
TASOR,0.0,0.0,0.0,0.0,0.0,0.0,0.3762196,0.0,0.0,0.0,0.0,0.0,0.0,0.0,0.9916867,0.0,0.0,0.0,0.0,0.0,0.0,0.0,0.0,0.0,0.0,0.0,0.0,0.0,0.0,0.0,0.0,0.0,0.0,0.0,0.0,0.0,0.0,0.0,0.0,0.0,0.0,0.0
APPL1,0.0,0.0,0.0,0.5491099,0.31449646,0.5072514,0.6256453,0.0,0.0,0.4195962,0.0,0.0,0.0,0.0,0.0,0.0,0.0,0.0,0.0,0.0,0.0,0.0,0.0,0.0,0.23451747,0.0,0.0,0.4409243,0.0,0.0,0.0,0.0,0.0,0.0,0.0,0.0,0.0,0.0,0.0,0.0,0.0,0.7593783
ARF4,0.0,0.0,0.0,0.251296,0.0,0.47506863,0.51399225,0.59892726,0.0,0.0,0.6301467,0.79289067,0.0,0.0,0.0,0.0,0.0,0.9411061,0.0,0.0,0.0,0.0,0.0,0.75066173,1.0473505,0.0,0.0,0.31343818,0.0,0.0,0.0,0.0,0.0,0.0,0.0,0.0,0.0,0.0,0.0,0.0,0.0,0.72795695
FLNB,0.0,0.0,0.0,0.0,0.0,0.0,0.0,0.0,0.0,0.0,0.0,0.0,0.0,0.0,0.0,0.0,0.0,0.0,0.0,0.0,0.0,0.0,0.0,0.0,0.0,0.0,0.0,0.0,0.0,0.0,0.0,0.0,0.0,0.0,0.0,0.0,0.0,0.0,0.0,0.0,0.0,0.68361175
DNASE1L3,0.0,0.0,0.0,0.0,0.0,1.5009933,0.0,0.0,0.0,0.0,0.0,0.0,0.0,0.0,0.0,0.0,0.0,0.0,0.0,0.0,0.0,0.0,0.0,0.0,0.0,0.0,0.0,0.0,0.0,0.0,0.0,0.0,0.0,0.0,0.0,0.0,0.0,0.0,0.0,0.0,0.0,0.33213806
PXK,0.0,0.0,0.0,0.0,0.0,0.0,0.3546848,0.0,0.0,0.18083665,0.0,0.0,0.0,0.0,0.0,0.0,0.0,0.0,0.0,0.0,0.0,0.0,0.0,0.0,0.0,0.0,0.0,0.0,0.0,0.0,0.0,0.0,0.0,0.0,0.0,0.0,0.0,0.0,0.0,0.0,0.0,0.0
PDHB,0.0,0.0,0.0,0.0,0.0,0.0,0.40606603,0.39315575,0.0,0.3953033,0.0,0.0,0.0,0.0,0.0,0.0,0.0,0.0,0.0,0.0,0.0,0.0,0.0,0.0,0.4464751,0.0,0.0,0.0,0.0,0.0,0.0,0.0,0.0,0.0,0.0,0.0,0.0,0.0,0.0,0.0,0.0,0.0
FHIT,0.0,0.0,0.0,0.0,0.0,0.0,0.0,0.0,0.0,0.0,0.0,0.0,0.0,0.0,0.0,0.0,0.0,0.0,0.0,0.0,0.0,0.0,0.0,0.0,0.0,0.0,0.0,0.0,0.0,0.0,0.0,0.0,0.0,0.0,0.7708062,0.0,0.0,0.0,0.0,0.0,0.0,0.0
THOC7,0.0,0.0,0.0,0.3263186,0.49926743,0.49875098,0.50117546,0.8893249,0.0,0.6069472,0.0,0.0,0.7257168,0.0,0.0,0.0,0.0,0.0,0.0,0.0,0.0,0.0,0.0,0.0,0.45760334,0.0,0.0,0.6500396,0.0,0.0,0.0,0.0,0.0,0.0,0.0,0.0,0.0,0.0,0.0,0.0,0.0,0.6108465
PSMD6,0.0,0.0,0.0,0.0,0.0,0.0,0.4004618,0.9270595,0.0,0.44826725,0.0,0.0,0.0,0.0,0.0,0.0,0.0,0.11314371,0.0,0.0,0.0,0.0,0.0,0.0,0.47473156,0.0,0.0,0.3154226,0.0,0.0,0.0,0.0,0.0,0.0,0.0,0.0,0.0,0.0,0.0,0.0,0.0,0.0
SUCLG2,0.0,0.0,0.0,0.0,0.0,0.0,0.0,0.0,0.0,0.3960203,0.0,0.0,0.0,0.0,0.0,0.0,0.0,0.0,0.0,0.0,0.0,0.0,0.0,0.0,0.2261846,0.0,0.0,0.0,0.0,0.0,0.0,0.0,0.0,0.0,0.0,0.0,0.0,0.0,0.0,0.0,0.0,0.0
TMF1,0.7233591,0.0,0.0,0.3635657,0.5903077,0.0,0.40317827,0.0,0.0,0.42031318,0.61280143,0.0,0.0,0.0,0.0,0.0,0.0,0.0,0.0,0.0,0.0,0.0,0.0,0.21983844,0.33039644,0.0,0.0,0.20250706,0.0,0.0,0.0,0.0,0.0,0.0,0.0,0.0,0.0,0.0,0.0,0.0,0.0,0.6173187
UBA3,0.0,0.0,0.0,0.0,0.0,0.0,0.0,0.0,0.0,0.18083665,0.0,0.0,0.0,0.0,0.0,0.0,0.0,0.0,0.0,0.0,0.0,0.0,0.0,0.0,0.0,0.0,0.0,0.0,0.0,0.0,0.0,0.0,0.0,0.0,0.0,0.0,0.0,0.0,0.0,0.0,0.0,0.0
ARL6IP5,0.9282145,0.0,0.91214097,0.7081669,1.000491,0.4580726,1.0091059,0.22824296,0.0,0.44826725,1.1359036,0.5104259,0.5578004,0.8938244,1.1548164,0.0,0.0,1.128644,0.96456313,1.1707613,0.90727067,0.0,1.0086355,0.0,0.46542203,0.0,0.0,0.71579844,0.40689817,0.0,1.1642796,1.3701092,1.0694212,1.128622,0.9476553,0.96598756,0.8776679,1.1593013,1.1940548,1.0624948,1.1338125,0.83136785
FOXP1,1.1446455,0.0,0.0,0.46575063,0.8862123,0.49875098,0.7097773,0.25214896,0.0,0.4977838,0.0,0.5367148,0.5578004,0.8893249,1.4796834,0.6410922,0.8599949,0.0,1.069987,1.0273172,1.0112994,1.5555347,0.7012279,0.0,0.0,1.7037277,1.5437008,0.82802695,1.0946745,1.722356,1.2886198,1.0799018,1.4372827,1.0743484,1.4659525,1.2032442,1.5299498,1.477722,1.1603533,1.1305358,0.74956125,1.1004746
RYBP,0.0,0.0,0.0,0.0,0.0,0.0,0.0,0.0,0.0,0.0,0.0,0.0,0.5578004,0.0,0.0,0.0,0.0,0.0,0.0,0.0,0.0,0.0,0.0,0.0,0.0,0.0,0.0,0.0,0.0,0.0,0.0,0.0,0.0,0.0,0.0,0.0,0.0,0.0,0.0,0.0,0.0,0.0
PPP4R2,0.0,0.0,0.0,0.2635082,0.0,0.0,0.3479272,0.4649623,0.0,0.21446666,0.0,0.0,0.0,0.0,0.0,0.0,0.0,0.0,0.0,0.0,0.0,0.0,0.0,0.0,0.20406052,0.0,0.0,0.24380869,0.0,0.0,0.0,0.0,0.0,0.0,0.0,0.0,0.0,0.0,0.0,0.0,0.0,0.0
CHMP2B,0.0,0.0,0.0,0.0,0.0,0.41900888,0.49061,0.0,0.0,0.18083665,0.0,0.0,0.44090223,0.0,0.7355936,0.0,0.0,0.0,0.0,0.0,0.0,0.0,0.43618706,0.0,0.0,0.0,0.0,0.0,0.0,0.0,0.0,0.0,0.0,0.0,0.0,0.0,0.0,0.0,0.0,0.0,0.0,0.0
CGGBP1,0.0,0.0,0.0,0.23506238,0.45005602,0.0,0.33851904,0.41857284,0.0,0.0,0.0,0.0,0.0,0.0,0.0,0.0,0.0,0.09178673,0.0,0.0,0.0,0.0,0.0,0.0,0.18095525,0.0,0.9045438,0.28966284,0.13805595,0.0,0.0,0.0,0.0,0.0,0.0,0.0,0.0,0.0,0.0,0.0,0.0,0.0
PROS1,0.0,0.0,0.0,0.0,0.0,0.0,0.0,0.0,0.0,0.0,0.0,0.0,0.0,0.0,0.0,0.0,0.0,0.15586856,0.0,0.0,0.0,0.0,0.0,0.0,0.0,0.0,0.0,0.0,0.0,0.0,0.0,0.0,0.0,0.0,0.0,0.0,0.0,0.0,0.0,0.0,0.0,0.0
CRYBG3,0.0,0.0,0.0,0.0,0.0,0.3556153,0.0,0.0,0.0,0.0,0.0,0.0,0.0,0.0,0.0,0.0,0.0,0.0,0.0,0.0,0.0,0.0,0.0,0.0,0.0,0.0,0.0,0.0,0.0,0.0,0.0,0.0,0.0,0.0,0.0,0.0,0.0,0.0,0.0,0.0,0.0,0.0
CLDND1,0.0,0.0,0.0,0.0,0.0,0.0,0.0,0.0,0.0,0.0,0.0,0.0,0.0,0.0,0.0,0.0,0.0,0.0,0.0,0.0,0.9371418,0.0,0.0,0.0,0.17058174,0.0,0.0,0.0,0.0,0.0,0.0,0.0,0.0,0.0,0.0,0.0,0.0,0.0,0.0,0.0,0.0,0.0
CPOX,0.0,0.0,0.0,0.0,0.0,0.0,0.0,0.40277502,0.0,0.0,0.0,0.0,0.0,0.0,0.0,0.0,0.0,0.0,0.0,0.0,0.0,0.0,0.0,0.0,0.0,0.0,0.0,0.0,0.0,0.0,0.0,0.0,0.0,0.0,0.0,0.0,0.0,0.0,0.0,0.0,0.0,0.0
CMSS1,0.0,0.0,0.0,0.0,0.0,0.0,0.0,0.45484495,0.0,0.0,0.0,0.0,0.0,0.0,0.0,0.0,0.0,0.0,0.0,0.0,0.0,0.0,0.0,0.0,0.28265542,0.0,0.0,0.0,0.0,0.0,0.0,0.0,0.0,0.0,0.0,0.0,0.0,0.0,0.0,0.0,0.0,0.0
TBC1D23,0.0,0.0,0.0,0.0,0.0,0.0,0.0,0.121775165,0.0,0.0,0.0,0.0,0.0,0.0,0.0,0.0,0.0,0.0,0.0,0.0,0.0,0.0,0.0,0.0,0.0,0.0,0.0,0.0,0.0,0.0,0.0,0.0,0.0,0.0,0.0,0.0,0.0,0.0,0.0,0.0,0.0,0.0
NIT2,0.0,0.0,0.0,0.0,0.0,0.0,0.0,0.0,0.0,0.0,0.0,0.0,0.0,0.0,0.0,0.0,0.0,0.0,0.0,0.0,0.0,0.0,0.0,0.0,0.12525262,0.0,0.0,0.0,0.0,0.0,0.0,0.0,0.0,0.0,0.0,0.0,0.0,0.0,0.0,0.0,0.0,0.0
TOMM70,0.0,0.0,0.0,0.0,0.0,0.0,0.0,0.19267997,0.0,0.0,0.0,0.0,0.0,0.0,0.0,0.0,0.0,0.0,0.0,0.0,0.0,0.0,0.0,0.0,0.15106389,0.0,0.0,0.0,0.0,0.0,0.0,0.0,0.0,0.0,0.0,0.0,0.0,0.0,0.0,0.0,0.0,0.0
TFG,0.0,0.0,0.0,0.0,0.0,0.0,0.0,0.3484845,0.0,0.31335935,0.0,0.0,0.0,0.0,0.0,0.0,0.0,0.0,0.0,0.0,0.0,0.0,0.0,0.22434501,0.27334732,0.0,0.0,0.0,0.0,0.0,0.0,0.0,0.0,0.0,0.0,0.0,0.0,0.0,0.0,0.0,0.0,0.0
TRMT10C,0.0,0.0,0.0,0.0,0.0,0.0,0.0,0.5087807,0.0,0.23380059,0.0,0.0,0.0,0.0,0.0,0.0,0.0,0.0,0.0,0.0,0.0,0.0,0.0,0.0,0.0,0.0,0.0,0.0,0.0,0.0,0.0,0.0,0.0,0.0,0.0,0.0,0.0,0.0,0.0,0.0,0.0,0.0
PCNP,0.0,0.0,0.0,0.4548888,0.6356126,0.0,0.51181424,0.6552566,0.0,0.44057786,0.0,0.0,0.0,0.0,0.0,0.0,0.0,0.98617506,0.0,0.0,0.0,0.0,0.0,0.0,0.5257547,0.0,0.0,0.39882898,0.0,0.0,0.0,0.0,0.0,0.0,0.0,0.0,0.0,0.0,0.0,0.0,0.0,0.46237347
RPL24,2.8564963,2.1915557,2.3702478,2.467064,2.3489852,2.7715387,2.8747692,3.1533458,2.1716552,2.8296928,2.9218,2.448849,2.3437126,2.9003234,2.7166321,2.8476355,2.841325,2.3776383,2.9079332,2.503863,2.8028128,2.9066308,2.5480824,1.9966341,2.7909336,2.5023925,2.5608974,3.1023693,2.72363,0.0,3.190676,2.6671112,3.1770666,2.6168976,3.354397,3.1274703,3.185514,3.1067357,2.7273638,2.9245062,2.9182734,3.036098
CEP97,0.0,0.0,0.0,0.0,0.0,0.0,0.0,0.0,0.0,0.0,0.0,0.0,0.0,0.0,0.0,0.0,0.0,0.0,0.0,0.0,0.0,0.0,0.0,0.0,0.12564816,0.0,0.0,0.0,0.0,0.0,0.0,0.0,0.0,0.0,0.0,0.0,0.0,0.0,0.0,0.0,0.0,0.0
NXPE3,0.0,0.0,0.0,0.0,0.0,0.0,0.0,0.0,0.0,0.0,0.0,0.0,0.0,0.0,0.0,0.0,0.0,0.0,0.0,0.0,0.0,0.0,0.0,0.19533798,0.33476672,0.0,0.0,0.0,0.0,0.0,0.0,0.0,0.0,0.0,0.0,0.0,0.0,0.0,0.0,0.0,0.0,0.0
NFKBIZ,0.6262727,0.0,0.90790606,0.6866696,0.0,0.52941227,0.5467275,0.0,0.0,0.0,1.1359036,2.2217746,0.0,1.2659537,0.0,0.0,1.1408329,0.0,0.0,0.0,0.8221162,0.0,1.7587056,0.37242055,0.31705543,0.0,0.0,0.45064592,0.0,0.0,0.8837054,0.0,1.0455695,0.0,0.9718051,1.4061229,0.91996646,0.94815534,0.0,1.265588,0.0,0.6454308
CBLB,0.0,0.0,0.0,0.0,0.6234317,0.0,0.0,0.0,0.0,0.18155362,0.0,0.0,0.0,0.9664759,0.0,0.0,0.0,0.0,0.0,0.9964583,0.9216503,0.0,0.0,0.0,0.0,0.0,0.0,0.0,0.0,0.0,0.0,0.0,0.0,1.208107,0.0,0.0,0.0,0.0,1.0392697,0.0,0.980621,0.0
BBX,0.7109612,0.0,0.0,0.0,0.0,0.3977822,0.5179113,0.0,0.0,0.18155362,0.0,0.0,0.0,0.0,0.8421502,0.0,0.0,0.0,0.0,0.0,0.0,0.0,0.0,0.0,0.069928735,0.0,0.0,0.28555417,0.0,0.0,0.0,0.0,0.0,0.0,0.0,0.0,0.0,0.0,0.0,0.0,0.0,0.53584635
CD47,1.0556045,0.0,0.0,0.0,1.0078338,0.6017931,0.48666447,0.7041045,0.0,1.033983,0.0,0.0,0.0,0.0,1.1548164,0.0,0.0,0.44895917,0.0,1.020061,0.0,0.0,0.58392036,0.0,0.48392653,0.0,0.0,0.33281362,0.67085457,0.0,0.7367273,0.8765228,0.0,0.0,0.0,0.0,0.0,0.94375503,0.0,0.0,0.0,0.7490153
IFT57,0.9370472,0.0,0.0,0.0,0.0,0.0,0.0,0.0,0.0,0.0,0.0,0.0,0.0,0.0,0.0,0.0,0.0,0.0,0.0,0.0,0.0,0.0,0.0,0.0,0.0,1.2479233,0.0,0.0,0.0,0.0,0.0,0.0,0.0,0.0,0.0,0.0,0.0,0.0,0.0,0.0,0.0,0.0
CD96,0.0,0.0,0.0,0.0,0.74282634,0.0,0.0,0.0,0.0,0.0,1.234842,0.0,0.0,1.092253,0.0,0.0,0.0,0.0,0.0,0.0,0.9434695,0.0,0.0,0.0,0.0,0.0,0.0,0.0,0.0,0.0,0.0,0.0,0.0,1.0221076,0.0,0.0,0.0,0.0,0.95590544,0.99888986,1.1442078,0.0
ABHD10,0.0,0.0,0.0,0.0,0.0,0.0,0.0,0.0,0.0,0.18083665,0.0,0.0,0.0,0.0,0.0,0.0,0.0,0.0,0.0,0.0,0.0,0.0,0.0,0.0,0.0,0.0,0.0,0.0,0.0,0.0,0.0,0.0,0.0,0.0,0.0,0.0,0.0,0.0,0.0,0.0,0.0,0.0
GCSAM,0.0,0.0,0.0,0.0,0.0,0.4165121,0.0,0.0,0.0,0.0,0.0,0.0,0.0,0.0,0.0,0.0,0.0,0.0,0.0,0.0,0.0,0.0,0.0,0.0,0.0,0.0,0.0,0.0,0.0,0.0,0.0,0.0,0.0,0.0,0.0,0.0,0.0,0.0,0.0,0.0,0.0,0.0
ATG3,0.0,0.0,0.5662967,0.8485197,0.5205903,1.368924,0.999649,1.0917048,0.0,0.7058399,0.0,0.8423759,0.0,0.0,0.0,0.0,0.0,0.0,0.0,0.0,0.0,0.0,0.97186077,0.0,0.55577254,0.0,0.0,0.39058644,0.0,0.0,0.0,0.0,0.0,0.0,0.0,0.0,0.0,0.0,0.0,0.0,0.0,0.0
NAA50,0.0,0.0,0.0,0.3921176,0.0,0.0,0.32453808,0.7084105,0.0,0.0,0.0,0.0,0.5578004,0.0,0.0,0.0,0.0,0.0,0.0,0.0,0.0,0.0,0.0,0.0,0.4720016,0.0,0.0,0.38650897,0.0,0.0,0.0,0.0,0.0,0.0,0.0,0.0,0.0,0.0,0.0,0.0,0.0,0.0
ATP6V1A,0.0,0.0,0.0,0.57661426,0.0,0.28412688,0.37851083,0.1302975,0.0,0.18083665,0.0,0.0,0.0,0.0,0.0,0.0,0.0,0.0,0.0,0.0,0.0,0.0,0.0,0.0,0.0,0.0,0.0,0.0,0.0,0.0,0.0,0.0,0.0,0.0,0.0,0.0,0.0,0.0,0.0,0.0,0.0,0.0
ZBTB20,0.0,0.0,0.0,0.0,0.0,0.0,0.0,0.0,0.0,0.0,0.0,0.0,0.0,0.0,0.0,0.0,0.0,0.0,0.81011045,0.0,0.0,0.0,0.0,0.0,0.0,0.0,0.0,0.0,0.0,0.0,0.0,0.0,0.0,0.0,0.0,0.0,0.0,0.0,0.0,0.0,0.0,0.0
TIMMDC1,0.0,0.0,0.0,0.0,0.0,0.0,0.0,0.3536518,0.0,0.18083665,0.0,0.0,0.0,0.0,0.0,0.0,0.0,0.0,0.0,0.0,0.0,0.0,0.0,0.0,0.21339111,0.0,0.0,0.0,0.0,0.0,0.0,0.0,0.0,0.0,0.0,0.0,0.0,0.0,0.0,0.0,0.0,0.0
ADPRH,0.0,0.0,0.0,0.0,0.0,0.0,0.0,0.0,0.0,0.0,0.0,0.0,0.44090223,0.0,0.0,0.0,0.0,0.0,0.0,0.0,0.0,0.0,0.0,0.0,0.0,0.0,0.0,0.0,0.0,0.0,0.0,0.0,0.0,0.0,0.0,0.0,0.0,0.0,0.0,0.0,0.0,0.0
COX17,0.72478276,0.0,0.0,0.726865,0.79605234,0.55245733,0.55155104,0.5587814,0.0,0.98358387,0.0,0.6602513,0.7458428,0.0,0.8421502,0.0,0.2731341,0.6560626,0.0,0.0,0.0,0.0,0.7433177,0.3651449,1.0897393,0.0,0.0,0.39654365,0.0,0.0,0.0,0.0,0.0,0.0,0.0,0.0,0.0,0.0,0.0,0.0,0.0,0.6616156
GSK3B,0.0,0.0,0.0,0.0,0.0,0.0,0.3520353,0.0,0.0,0.0,0.0,0.0,0.0,0.0,0.0,0.0,0.0,0.0,0.0,0.0,0.0,0.0,0.0,0.0,0.0,0.0,0.0,0.0,0.0,0.0,0.0,0.0,0.0,0.0,0.0,0.0,0.0,0.0,0.0,0.0,0.0,0.0
LRRC58,0.0,0.0,0.0,0.22377886,0.0,0.0,0.0,0.1432528,0.0,0.18083665,0.0,0.0,0.0,0.0,0.0,0.0,0.0,0.0,0.0,0.0,0.0,0.0,0.0,0.0,0.0,0.0,0.0,0.31359696,0.0,0.0,0.0,0.0,0.0,0.0,0.0,0.0,0.0,0.0,0.0,0.0,0.0,0.0
NDUFB4,0.78308517,0.739549,0.0,0.70200735,0.97571194,0.7979581,1.0038465,1.2342635,0.0,0.8787576,0.77548546,0.82655406,0.97920024,0.0,0.0,0.0,0.0,1.3207738,0.0,0.0,0.0,0.0,0.8891983,0.70440936,1.2931871,1.1639018,1.3830035,0.78835213,0.0,0.0,0.83396184,0.0,0.0,0.0,0.844905,0.7424415,0.7155782,0.8695384,0.0,0.0,0.0,1.0127759
HCLS1,1.1222945,0.0,1.3429315,1.0833178,1.0512065,1.33478,1.4790813,0.0,0.0,0.79216564,0.0,1.8690995,1.4643317,1.0443746,1.2927269,0.71424514,0.0,0.0,0.9922216,1.1847959,1.0128601,1.0051078,1.5855315,0.28067487,0.661338,0.0,0.0,0.47524214,0.7324283,0.0,0.88204247,1.1253078,0.8965647,1.1530333,0.8585786,0.9436605,0.9076193,1.0763197,1.1166663,1.0519532,1.0877972,0.8330723
GOLGB1,0.0,0.0,0.0,0.0,0.45001513,0.40235615,0.44790858,0.0,0.0,0.5449097,0.0,0.0,0.7257168,0.0,0.6868571,0.0,0.0,0.0,0.0,0.0,0.0,0.0,0.0,0.605417,0.43370068,0.0,0.0,0.31599462,0.0,0.0,0.0,0.0,0.0,0.0,0.0,0.0,0.0,0.0,0.0,0.0,0.0,0.0
IQCB1,0.0,0.0,0.0,0.0,0.0,0.0,0.0,0.0,0.0,0.0,0.0,0.0,0.0,0.0,0.0,0.0,0.0,0.0,0.0,0.0,0.0,0.0,0.0,0.0,0.16245984,0.0,0.0,0.0,0.0,0.0,0.0,0.0,0.0,0.0,0.0,0.0,0.0,0.0,0.0,0.0,0.0,0.0
EAF2,0.0,0.0,0.0,0.0,0.0,0.0,0.36318722,0.0,0.0,0.3960203,0.0,0.0,0.0,0.0,0.0,0.0,0.0,0.0,0.0,0.0,0.0,0.0,0.0,0.3880491,0.9392243,0.0,0.0,0.15103471,0.0,0.0,0.0,0.0,0.0,0.0,0.0,0.0,0.0,0.0,0.0,0.0,0.0,0.0
CD86,0.0,0.0,0.0,0.0,0.0,0.41057968,0.79236114,0.0,0.0,0.0,0.0,0.72981226,0.0,0.0,0.0,0.0,0.0,0.0,0.0,0.0,0.0,0.0,0.84602654,0.0,0.0,0.0,0.0,0.0,0.0,0.0,0.0,0.0,0.0,0.0,0.0,0.0,0.0,0.0,0.0,0.0,0.0,0.0
CSTA,0.0,0.0,1.4655683,1.4789634,0.0,0.0,0.79236114,0.0,0.0,0.0,0.0,0.95204604,0.0,0.0,0.0,0.0,0.0,0.0,0.0,0.0,0.0,0.0,0.86527616,0.0,0.0,0.0,0.0,0.0,0.0,0.0,0.0,0.0,0.0,0.0,0.0,0.0,0.0,0.0,0.0,0.0,0.0,0.0
MIX23,0.0,0.0,0.0,0.0,0.0,0.0,0.0,0.18280953,0.0,0.0,0.0,0.0,0.0,0.0,0.0,0.0,0.0,0.0,0.0,0.0,0.0,0.0,0.0,0.0,0.0,0.0,0.0,0.0,0.0,0.0,0.0,0.0,0.0,0.0,0.0,0.0,0.0,0.0,0.0,0.0,0.0,0.0
FAM162A,0.0,0.0,0.0,0.0,0.0,0.50819945,0.43891594,0.53455997,0.0,0.5734832,0.0,0.5950968,0.0,0.0,0.0,0.0,0.0,0.0,0.0,0.0,0.0,0.0,0.0,0.0,0.30944383,0.0,0.0,0.33995998,0.0,0.0,0.0,0.0,0.0,0.0,0.0,0.0,0.0,0.0,0.0,0.0,0.0,0.0
KPNA1,0.0,0.0,0.0,0.0,0.0,0.0,0.0,0.089526,0.0,0.36239028,0.0,0.0,0.0,0.0,0.0,0.0,0.0,0.0,0.0,0.0,0.0,0.0,0.0,0.0,0.0,0.0,0.0,0.0,0.0,0.0,0.0,0.0,0.0,0.0,0.0,0.0,0.0,0.0,0.0,0.0,0.0,0.0
PARP9,0.0,0.0,0.0,0.0,0.0,0.0,0.3664031,0.0,0.0,0.0,0.0,0.0,0.0,0.0,0.0,0.0,0.0,0.0,0.0,0.0,0.0,0.0,0.0,0.0,0.0,0.0,0.0,0.0,0.0,0.0,0.0,0.0,0.0,0.0,0.0,0.0,0.0,0.0,0.0,0.0,0.0,0.0
DTX3L,0.0,0.0,0.0,0.0,0.0,0.0,0.0,0.0,0.0,0.18083665,0.0,0.0,0.0,0.0,0.0,0.0,0.0,0.0,0.0,0.0,0.0,0.0,0.0,0.0,0.0,0.0,0.0,0.0,0.0,0.0,0.0,0.0,0.0,0.0,0.0,0.0,0.0,0.0,0.0,0.0,0.0,0.0
PARP15,0.78118664,0.0,0.0,0.0,0.0,0.0,0.0,0.0,0.0,0.0,0.0,0.0,0.0,0.0,0.0,0.0,0.0,0.0,0.0,0.0,0.0,0.0,0.0,0.0,0.0,0.0,0.0,0.0,0.0,0.0,0.0,0.0,0.0,0.0,0.0,0.0,0.0,0.0,0.0,0.0,0.0,0.0
PARP14,0.8471455,0.0,0.0,0.0,0.6074474,0.0,0.3988271,0.0,0.0,0.0,0.0,0.0,0.5578004,0.0,0.0,0.0,0.0,0.0,0.8266274,0.0,0.0,0.0,0.0,0.0,0.0,0.0,0.0,0.0,0.0,0.0,0.0,0.0,0.0,0.0,0.0,0.0,0.0,0.0,0.0,0.0,0.0,0.0
HACD2,0.0,0.0,0.0,0.0,0.0,0.0,0.0,0.0,0.0,0.18083665,0.0,0.0,0.0,0.0,0.0,0.0,0.0,0.0,0.0,0.0,0.0,0.0,0.0,0.0,0.0,0.0,0.0,0.0,0.0,0.0,0.0,0.0,0.0,0.0,0.0,0.0,0.0,0.0,0.0,0.0,0.0,0.0
MYLK,0.0,0.0,0.0,0.0,0.0,0.0,0.0,0.0,0.0,0.0,0.0,0.0,0.0,0.0,0.0,0.0,0.0,0.7241577,0.0,0.0,0.0,0.0,0.0,0.0,0.0,0.0,0.0,0.0,0.0,0.0,0.0,0.0,0.0,0.0,0.0,0.0,0.0,0.0,0.0,0.0,0.0,0.0
CCDC14,0.0,0.0,0.0,0.0,0.0,0.0,0.0,0.13137402,0.0,0.18155362,0.0,0.0,0.0,0.0,0.0,0.0,0.0,0.0,0.0,0.0,0.0,0.0,0.0,0.0,0.0,0.0,0.0,0.0,0.0,0.0,0.0,0.0,0.0,0.0,0.0,0.0,0.0,0.0,0.0,0.0,0.0,0.0
UMPS,0.0,0.0,0.0,0.0,0.0,0.0,0.0,0.17016856,0.0,0.0,0.0,0.0,0.0,0.0,0.0,0.0,0.0,0.0,0.0,0.0,0.0,0.0,0.0,0.0,0.0,0.0,0.0,0.0,0.0,0.0,0.0,0.0,0.0,0.0,0.0,0.0,0.0,0.0,0.0,0.0,0.0,0.0
ZNF148,0.0,0.0,0.0,0.0,0.433716,0.0,0.0,0.0,0.0,0.0,0.0,0.0,0.0,0.0,0.0,0.0,0.0,0.0,0.0,0.0,0.0,0.0,0.0,0.0,0.0,0.0,0.0,0.0,0.0,0.0,0.0,0.0,0.0,0.0,0.0,0.0,0.0,0.0,0.0,0.0,0.0,0.0
OSBPL11,0.0,0.0,0.0,0.0,0.0,0.0,0.49645084,0.0,0.0,0.0,0.0,0.0,0.0,0.0,0.0,0.0,0.0,0.0,0.0,0.0,0.0,0.0,0.0,0.0,0.0,0.0,0.0,0.0,0.0,0.0,0.0,0.0,0.0,0.0,0.0,0.0,0.0,0.0,0.0,0.0,0.0,0.0
TPRA1,0.0,0.0,0.0,0.0,0.0,0.0,0.0,0.1595173,0.0,0.44826725,0.0,0.0,0.0,0.0,0.0,0.0,0.0,0.0,0.0,0.0,0.0,0.0,0.0,0.0,0.0,0.0,0.0,0.0,0.0,0.0,0.0,0.0,0.0,0.0,0.0,0.0,0.0,0.0,0.0,0.0,0.0,0.0
MCM2,0.0,0.0,0.0,0.0,0.0,0.0,0.0,0.5913069,0.0,0.18083665,0.0,0.0,0.0,0.0,0.0,0.0,0.0,0.0,0.0,0.0,0.0,0.0,0.0,0.0,0.20105934,0.0,0.0,0.0,0.0,0.0,0.0,0.0,0.0,0.0,0.0,0.0,0.0,0.0,0.0,0.0,0.0,0.0
MGLL,0.0,0.0,0.0,0.0,0.0,0.0,0.0,0.1432528,0.0,0.0,0.0,0.0,0.0,0.0,0.0,0.0,0.0,1.3270683,0.0,0.0,0.0,0.0,0.0,0.0,0.0,0.0,0.0,0.0,0.0,0.0,0.0,0.0,0.0,0.0,0.0,0.0,0.0,0.0,0.0,0.0,0.0,0.6204734
SEC61A1,0.0,0.0,0.0,0.43701333,0.0,0.0,0.3384496,0.24383698,0.0,0.5740341,0.0,0.0,0.0,0.0,0.0,0.0,0.5453268,0.0,0.0,0.0,0.0,0.0,0.0,0.6320404,0.9103842,0.0,0.0,0.23922351,0.0,0.0,0.0,0.0,0.0,0.0,0.0,0.0,0.0,0.0,0.0,0.0,0.0,0.650269
RUVBL1,0.0,0.0,0.0,0.0,0.0,0.0,0.0,0.52342904,0.0,0.0,0.0,0.0,0.0,0.0,0.0,0.0,0.0,0.0,0.0,0.0,0.0,0.0,0.0,0.0,0.27334732,0.0,0.0,0.0,0.0,0.0,0.0,0.0,0.0,0.0,0.0,0.0,0.0,0.0,0.0,0.0,0.0,0.0
EEFSEC,0.0,0.0,0.0,0.0,0.0,0.0,0.0,0.10948612,0.0,0.0,0.0,0.0,0.0,0.0,0.0,0.0,0.0,0.0,0.0,0.0,0.0,0.0,0.0,0.0,0.0,0.0,0.0,0.0,0.0,0.0,0.0,0.0,0.0,0.0,0.0,0.0,0.0,0.0,0.0,0.0,0.0,0.0
GATA2,0.0,0.0,0.0,0.0,0.0,0.0,0.0,0.0,0.0,0.0,0.0,0.0,0.0,0.0,0.0,0.0,2.6724777,0.0,0.0,0.0,0.0,0.0,0.0,0.0,0.0,0.0,0.0,0.0,0.0,0.0,0.0,0.0,0.0,0.0,0.0,0.0,0.0,0.0,0.0,0.0,0.0,0.0
RPN1,0.0,0.0,0.5570352,0.8357499,0.0,0.64090085,0.49283025,0.6533569,0.0,0.7637583,0.0,0.965619,1.1757209,0.0,0.0,0.0,0.0,0.0,0.0,0.0,0.0,0.0,0.6218716,0.8384072,1.0051737,0.0,0.0,0.7675445,0.0,0.0,0.0,0.0,0.0,0.0,0.0,0.0,0.0,0.0,0.0,0.0,0.0,0.69679344
RAB7A,0.0,0.80773175,0.93969905,0.84955186,0.69402397,1.0982568,1.0363657,0.65988994,0.0,0.62781835,0.6301467,1.0393877,0.91374826,0.0,0.0,0.0,0.0,0.9170489,0.0,0.0,0.0,0.0,0.9411752,0.0,0.39370456,0.0,0.0,0.5782776,0.0,0.0,0.0,0.0,0.0,0.0,0.0,0.0,0.0,0.0,0.0,0.0,0.0,0.6918017
GP9,0.0,0.0,0.0,0.0,0.0,0.0,0.0,0.0,0.0,0.0,0.0,0.0,0.0,0.0,0.0,0.0,0.0,2.3886375,0.0,0.0,0.0,0.0,0.0,0.0,0.0,0.0,0.0,0.0,0.0,0.0,0.0,0.0,0.0,0.0,0.0,0.0,0.0,0.0,0.0,0.0,0.0,0.0
ISY1,0.0,0.0,0.0,0.0,0.41168025,0.0,0.30307323,0.26079074,0.0,0.21446666,0.0,0.0,0.0,0.0,0.0,0.0,0.0,0.0,0.0,0.0,0.0,0.0,0.0,0.0,0.1720261,0.0,0.0,0.0,0.0,0.0,0.0,0.0,0.0,0.0,0.0,0.0,0.0,0.0,0.0,0.0,0.0,0.0
CNBP,1.2390066,0.0,1.1514409,1.0025644,1.0134747,1.0865375,1.372515,1.4897326,0.0,0.93210137,1.3675416,1.2382755,1.141807,1.3303627,1.1810663,1.0363266,0.7220399,1.1786367,1.2954662,1.1632953,1.1534784,1.2775927,1.2098949,0.6012152,1.012785,0.9720962,1.495822,1.3051858,1.1324956,0.0,1.3507739,1.2566156,1.316409,1.328423,1.3843476,1.4267921,1.2408386,1.4045304,1.2817144,1.3574883,1.4201515,1.1026478
COPG1,0.0,0.0,0.0,0.0,0.0,0.0,0.0,0.0,0.0,0.0,0.0,0.0,0.0,0.0,0.0,0.0,0.0,0.0,0.0,0.0,0.0,0.0,0.0,0.16775352,0.30217808,0.0,0.0,0.0,0.0,0.0,0.0,0.0,0.0,0.0,0.0,0.0,0.0,0.0,0.0,0.0,0.0,0.0
HMCES,0.0,0.0,0.0,0.0,0.0,0.0,0.0,0.0,0.0,0.0,0.0,0.0,0.0,0.0,0.0,0.0,0.0,0.0,0.0,0.0,0.0,0.0,0.0,0.27898034,0.30612123,0.0,0.76748186,0.0,0.0,0.0,0.0,0.0,0.0,0.0,0.0,0.0,0.0,0.0,0.0,0.0,0.0,0.0
H1-10,0.0,0.0,1.8737843,2.2985272,1.8620261,1.4086957,1.411137,1.0355058,0.0,0.6096368,1.6834395,1.9966062,0.0,2.1538062,0.0,1.9334992,2.1451826,0.0,0.0,1.5677385,1.3875034,1.4740771,1.1842203,1.6046154,1.3929659,2.9699867,2.7252514,1.5288625,1.1377203,0.0,1.9505284,1.5833184,2.4176733,1.8089416,2.1368194,1.0101328,1.6135037,1.8395661,1.6628683,1.7642426,2.564844,1.6578467
MBD4,0.6719898,0.0,0.0,0.6164867,0.44266105,0.0,0.39810312,0.35587108,0.0,0.5734832,0.0,0.0,0.0,0.0,0.9916867,0.0,0.0,0.0,0.854452,0.0,0.0,0.0,0.0,0.0,0.31120902,0.0,0.0,0.45173854,0.0,0.0,0.0,0.0,0.0,0.0,0.0,0.0,0.0,0.0,0.0,0.0,0.0,0.39217958
NUDT16,0.0,0.0,0.0,0.0,0.0,0.37093928,0.367315,0.0,0.0,0.0,0.0,0.4963503,0.0,0.0,0.0,0.0,0.0,0.0,0.0,0.0,0.0,0.0,0.5560409,0.0,0.0,0.0,0.0,0.0,0.0,0.0,0.0,0.0,0.0,0.0,0.0,0.0,0.0,0.0,0.0,0.0,0.0,0.0
MRPL3,0.0,0.0,0.0,0.0,0.0,0.3828968,0.41778326,0.93609726,0.0,0.18155362,0.0,0.0,0.0,0.0,0.0,0.0,0.0,0.0,0.0,0.0,0.0,0.0,0.0,0.0,0.53859997,0.0,0.0,0.4148032,0.0,0.0,0.0,0.0,0.0,0.0,0.0,0.0,0.0,0.0,0.0,0.0,0.0,0.0
UBA5,0.0,0.0,0.0,0.0,0.0,0.0,0.0,0.0,0.0,0.0,0.0,0.0,0.0,0.0,0.0,0.0,0.0,0.0,0.0,0.0,0.0,0.0,0.0,0.16501774,0.45707923,0.0,0.0,0.0,0.0,0.0,0.0,0.0,0.0,0.0,0.0,0.0,0.0,0.0,0.0,0.0,0.0,0.0
CDV3,0.7109612,0.0,1.0379725,0.9403912,0.70384175,0.8145584,1.0026433,0.41819102,0.0,0.6334858,0.89209247,1.0928676,0.5578004,0.0,0.0,0.0,0.5683608,0.0,0.75376546,0.0,0.8226788,0.0,0.98273295,0.5484568,1.2286537,0.0,0.0,0.758861,0.0,0.0,0.8299304,0.832162,0.93025476,1.0175195,0.8466508,0.8623723,0.8425265,1.0603927,0.96607244,0.94596577,0.9293262,0.8757839
TOPBP1,0.0,0.0,0.0,0.411209,0.55837727,0.0,0.0,0.21420786,0.0,0.4153542,0.0,0.0,0.0,0.0,0.0,0.0,0.0,0.0,0.0,0.0,0.0,0.0,0.0,0.0,0.23118974,0.0,0.0,0.0,0.0,0.0,0.0,0.0,0.0,0.0,0.0,0.0,0.0,0.0,0.0,0.0,0.0,0.0
SRPRB,0.0,0.0,0.0,0.0,0.0,0.0,0.0,0.1708125,0.0,0.0,0.0,0.0,0.5578004,0.0,0.0,0.0,0.0,0.0,0.0,0.0,0.0,0.0,0.0,0.49239695,0.75105566,0.0,0.0,0.0,0.0,0.0,0.0,0.0,0.0,0.0,0.0,0.0,0.0,0.0,0.0,0.0,0.0,0.0
RAB6B,0.0,0.0,0.0,0.0,0.0,0.0,0.0,0.0,0.0,0.0,0.0,0.0,0.0,0.0,0.0,0.0,0.0,0.19522712,0.0,0.0,0.0,0.0,0.0,0.0,0.0,0.0,0.0,0.0,0.0,0.0,0.0,0.0,0.0,0.0,0.0,0.0,0.0,0.0,0.0,0.0,0.0,0.0
ANAPC13,0.0,0.0,0.0,0.0,0.0,0.3139043,0.0,0.20543616,0.0,0.0,0.0,0.0,0.0,0.0,0.0,0.0,0.0,0.0,0.0,0.0,0.0,0.0,0.0,0.0,0.13803001,0.0,0.0,0.0,0.0,0.0,0.0,0.0,0.0,0.0,0.0,0.0,0.0,0.0,0.0,0.0,0.0,0.0
CEP63,0.0,0.0,0.0,0.0,0.0,0.0,0.0,0.0,0.0,0.0,0.0,0.0,0.0,0.0,0.0,0.0,0.0,0.0,0.0,0.0,0.0,0.0,0.0,0.0,0.12525262,0.0,0.0,0.0,0.0,0.0,0.0,0.0,0.0,0.0,0.0,0.0,0.0,0.0,0.0,0.0,0.0,0.0
MSL2,0.0,0.0,0.0,0.0,0.0,0.0,0.0,0.0,0.0,0.0,0.0,0.0,0.5578004,0.0,0.0,0.0,0.0,0.0,0.0,0.0,0.0,0.0,0.0,0.0,0.0,0.0,0.0,0.0,0.0,0.0,0.0,0.0,0.0,0.0,0.0,0.0,0.0,0.0,0.0,0.0,0.0,0.0
PCCB,0.0,0.0,0.0,0.0,0.0,0.0,0.0,0.5894866,0.0,0.0,0.0,0.0,0.0,0.0,0.0,0.0,0.0,0.0,0.0,0.0,0.0,0.0,0.0,0.0,0.0,0.0,0.0,0.0,0.0,0.0,0.0,0.0,0.0,0.0,0.0,0.0,0.0,0.0,0.0,0.0,0.0,0.0
STAG1,0.0,0.0,0.0,0.0,0.0,0.0,0.0,0.0,0.0,0.23380059,0.0,0.0,0.0,0.0,0.0,0.0,0.0,0.0,0.0,0.0,0.0,0.0,0.0,0.0,0.20406052,0.0,0.0,0.0,0.0,0.0,0.0,0.0,0.0,0.0,0.0,0.0,0.0,0.0,0.0,0.0,0.0,0.0
ARMC8,0.0,0.0,0.0,0.0,0.0,0.0,0.0,0.27569824,0.0,0.36239028,0.0,0.0,0.0,0.0,0.0,0.0,0.0,0.0,0.0,0.0,0.0,0.0,0.0,0.0,0.0,0.0,0.0,0.0,0.0,0.0,0.0,0.0,0.0,0.0,0.0,0.0,0.0,0.0,0.0,0.0,0.0,0.0
PIK3CB,0.0,0.0,0.0,0.0,0.0,0.38395348,0.0,0.0,0.0,0.0,0.0,0.0,0.0,0.0,0.0,0.0,0.0,0.0,0.0,0.0,0.0,0.0,0.0,0.0,0.0,0.0,0.0,0.0,0.0,0.0,0.0,0.0,0.0,0.0,0.0,0.0,0.0,0.0,0.0,0.0,0.0,0.0
MRPS22,0.0,0.0,0.0,0.0,0.0,0.0,0.0,0.42269358,0.0,0.0,0.0,0.0,0.0,0.0,0.0,0.0,0.0,0.0,0.0,0.0,0.0,0.0,0.0,0.0,0.24788901,0.0,0.0,0.0,0.0,0.0,0.0,0.0,0.0,0.0,0.0,0.0,0.0,0.0,0.0,0.0,0.0,0.0
COPB2,0.0,0.0,0.0,0.0,0.0,0.0,0.33419082,0.39315575,0.0,0.18155362,0.0,0.0,0.0,0.0,0.0,0.0,0.0,0.0,0.0,0.0,0.0,0.0,0.0,0.24069932,0.7490221,0.0,0.0,0.22389954,0.0,0.0,0.0,0.0,0.0,0.0,0.0,0.0,0.0,0.0,0.0,0.0,0.0,0.0
NMNAT3,0.0,0.0,0.0,0.0,0.0,0.0,0.0,0.46818084,0.0,0.0,0.0,0.0,0.0,0.0,0.0,0.0,0.0,0.0,0.0,0.0,0.0,0.0,0.0,0.0,0.0,0.0,0.0,0.0,0.0,0.0,0.0,0.0,0.0,0.0,0.0,0.0,0.0,0.0,0.0,0.0,0.0,0.0
SLC25A36,0.0,0.0,0.0,0.38579807,0.0,0.0,0.41870624,0.0,0.0,0.18155362,0.9341768,0.0,0.0,0.0,0.0,0.0,0.1692653,0.0,0.0,0.0,0.0,0.0,0.0,0.0,0.17365827,0.0,0.0,0.4250145,0.0,0.0,0.0,0.0,0.0,0.0,0.0,0.0,0.0,0.0,0.0,0.0,0.0,0.580487
ZBTB38,0.0,0.0,0.0,0.0,0.0,0.0,0.0,0.0,0.0,0.0,0.0,0.0,0.0,0.0,0.0,0.0,0.0,0.0,0.0,0.0,0.0,0.0,0.0,0.51636636,0.5518554,0.0,0.0,0.0,0.0,0.0,0.0,0.8109708,0.0,0.98929274,0.0,0.0,0.0,0.0,0.95807886,0.0,0.0,0.0
RASA2,0.0,0.0,0.0,0.0,0.7611208,0.0,0.0,0.0,0.0,0.0,0.48630244,0.0,0.0,0.0,0.6868571,0.0,0.0,0.0,0.0,0.0,0.8503957,0.0,0.0,0.0,0.1802879,0.0,0.0,0.0,0.0,0.0,0.0,0.0,0.0,0.0,0.0,0.0,0.0,0.0,0.0,0.0,0.0,0.0
RNF7,0.0,0.0,0.59507865,0.62887734,0.6548401,0.79737675,0.7545701,0.35156015,0.0,0.954996,0.0,0.8423759,0.44090223,0.0,0.0,0.0,0.0,0.0,0.0,0.0,0.0,0.0,0.8143387,0.21110761,0.48633862,0.0,1.0910696,0.4200291,0.0,0.0,0.0,0.0,0.0,0.0,0.0,0.0,0.0,0.0,0.0,0.0,0.0,0.75024337
ATP1B3,0.0,0.0,0.5328351,0.7055172,0.80861086,0.9692087,0.7097773,0.3702239,0.0,0.23875955,0.0,1.3198661,0.91374826,0.0,0.0,0.0,0.0,0.0,0.0,0.0,0.0,0.0,0.9568181,0.0,0.86441886,0.0,0.0,0.5057249,0.0,0.0,0.0,0.0,0.0,0.0,0.0,0.0,0.0,0.0,0.0,0.0,0.0,0.52785254
TFDP2,0.0,0.0,0.0,0.0,0.69592166,0.0,0.0,0.5735713,0.0,0.0,0.0,0.0,0.0,0.0,0.0,0.0,0.0,0.0,0.0,0.0,0.0,0.0,0.0,0.0,0.0,0.88528186,0.0,0.39260346,0.0,0.0,0.0,0.0,0.0,0.0,0.0,0.0,0.0,0.0,0.0,0.0,0.0,0.0
XRN1,0.0,0.0,0.0,0.0,0.26921973,0.0,0.0,0.0,0.0,0.36239028,0.0,0.0,0.0,0.0,0.0,0.0,0.0,0.0,0.0,0.0,0.0,0.0,0.0,0.29114863,0.18132702,0.0,0.0,0.0,0.0,0.0,0.0,0.0,0.0,0.0,0.0,0.0,0.0,0.0,0.0,0.0,0.0,0.0
U2SURP,0.0,0.0,0.0,0.80713904,0.87427473,0.48802102,0.68971497,1.0078614,0.0,1.2936573,0.59476876,0.0,0.7458428,0.0,0.0,0.0,0.0,0.0,0.0,0.0,0.0,0.0,0.0,0.15529001,0.8036389,0.0,0.0,0.8248869,0.0,0.0,0.0,0.0,0.0,0.0,0.0,0.0,0.0,0.0,0.0,0.0,0.0,0.7231954
CHST2,0.0,0.0,0.0,0.0,0.5903077,0.0,0.0,0.0,0.0,0.0,0.0,0.0,0.0,0.0,0.0,0.0,0.0,0.0,0.0,0.0,0.0,0.0,0.0,0.0,0.14045735,0.0,0.0,0.0,0.0,0.0,0.0,0.0,0.0,0.0,0.0,0.0,0.0,0.0,0.0,0.0,0.0,0.0
DIPK2A,0.0,0.0,0.0,0.0,0.0,0.41057968,0.0,0.0,0.0,0.5734832,0.0,0.0,0.0,0.0,0.0,0.0,0.0,0.0,0.0,0.0,0.0,0.0,0.0,0.0,0.0,0.0,0.0,0.0,0.0,0.0,0.0,0.0,0.0,0.0,0.0,0.0,0.0,0.0,0.0,0.0,0.0,0.0
PLSCR1,0.0,0.0,0.8241937,0.76555777,0.0,0.48126704,1.2878778,0.19520792,0.0,0.0,0.0,1.0393877,1.3831153,0.0,0.0,0.0,0.0,0.0,0.0,0.0,0.0,0.0,0.84780157,0.0,0.0,0.0,0.0,0.0,0.0,0.0,0.0,0.0,0.0,0.0,0.0,0.0,0.0,0.0,0.0,0.0,0.0,0.0
CPA3,0.0,0.0,0.0,0.0,0.0,0.0,0.0,0.0,0.0,0.0,0.0,0.0,0.0,0.0,0.0,0.0,2.8502817,0.0,0.0,0.0,0.0,0.0,0.0,0.0,0.0,0.0,0.0,0.0,0.0,0.0,0.0,0.0,0.0,0.0,0.0,0.0,0.0,0.0,0.0,0.0,0.0,0.0
GYG1,0.0,0.0,0.0,0.41188744,0.0,0.3556153,0.0,0.0,0.0,0.18083665,0.0,0.0,0.0,0.0,0.0,0.0,0.0,0.0,0.0,0.0,0.0,0.0,0.44994646,0.0,0.35186845,0.0,0.0,0.0,0.0,0.0,0.0,0.0,0.0,0.0,0.0,0.0,0.0,0.0,0.0,0.0,0.0,0.0
HLTF,0.0,0.0,0.0,0.0,0.0,0.0,0.0,0.44763336,0.0,0.0,0.0,0.0,0.0,0.0,0.0,0.0,0.0,0.0,0.0,0.0,0.0,0.0,0.0,0.0,0.0,0.0,0.0,0.0,0.0,0.0,0.0,0.0,0.0,0.0,0.0,0.0,0.0,0.0,0.0,0.0,0.0,0.0
COMMD2,0.0,0.0,0.0,0.0,0.0,0.0,0.16297461,0.13173278,0.0,0.18155362,0.0,0.0,0.0,0.0,0.0,0.0,0.0,0.0,0.0,0.0,0.0,0.0,0.0,0.0,0.15287328,0.0,0.0,0.0,0.0,0.0,0.0,0.0,0.0,0.0,0.0,0.0,0.0,0.0,0.0,0.0,0.0,0.0
RNF13,0.0,1.1600149,0.0,0.0,0.0,0.0,0.36281422,0.0,0.0,0.0,0.0,0.5221987,0.0,0.0,0.0,0.0,0.0,0.0,0.0,0.0,0.0,0.0,0.66567594,0.0,0.0,0.0,0.0,0.0,0.0,0.0,0.0,0.0,0.0,0.0,0.0,0.0,0.0,0.0,0.0,0.0,0.0,0.0
TSC22D2,0.0,0.0,0.0,0.0,0.0,0.0,0.0,0.0,0.0,0.0,0.0,0.0,0.44090223,0.0,0.0,0.0,0.0,0.0,0.0,0.0,0.0,0.0,0.0,0.0,0.0,0.0,0.0,0.0,0.0,0.0,0.0,0.0,0.0,0.0,0.0,0.0,0.0,0.0,0.0,0.0,0.0,0.0
SERP1,1.4312767,1.1356167,1.6803527,1.4225471,1.0109929,1.1163208,1.6718293,1.2300755,1.7525951,1.641217,1.1892662,2.0142245,1.967121,1.5403796,1.511234,1.4609755,1.4002957,1.512388,1.401236,1.1267158,1.2654097,1.4673635,1.9072938,1.5039121,1.7977638,1.2858877,1.495822,1.412761,1.5737728,0.0,1.5181538,1.125097,1.4372827,1.2184091,1.4898491,1.6183019,1.5376487,1.2103887,1.1864134,1.4399801,1.484152,1.8201947
EIF2A,0.0,0.0,0.0,0.0,0.0,0.5457487,0.6055493,0.6108706,0.0,0.47256014,0.5784484,0.0,0.7458428,0.0,0.0,0.0,0.0,0.0,0.0,0.0,0.0,0.0,0.44684196,0.2674124,0.5175687,0.0,0.0,0.3887117,0.0,0.0,0.0,0.0,0.0,0.0,0.0,0.7382381,0.809198,0.0,0.0,0.0,0.0,0.6182978
SELENOT,0.6721774,0.0,0.0,0.37968075,0.6481052,0.37521976,0.5867574,0.19520792,0.0,0.39968517,0.5784484,0.5367148,0.97920024,0.0,0.0,0.0,0.0,0.22474301,0.0,0.0,0.0,0.0,0.5715673,0.5912925,0.89713424,0.0,0.0,0.0,0.0,0.0,0.0,0.0,0.0,0.0,0.0,0.0,0.0,0.0,0.0,0.0,0.0,0.5866349
SIAH2,0.0,0.0,0.0,0.0,0.0,0.0,0.0,0.44763336,0.0,0.44826725,0.0,0.0,0.0,0.0,0.0,0.0,0.0,0.0,0.0,0.0,0.0,0.0,0.0,0.0,0.31081575,0.0,1.4809945,0.0,0.0,0.0,0.0,0.0,0.0,0.0,0.0,0.0,0.0,0.0,0.0,0.0,0.0,0.0
MBNL1,1.0454499,0.0,1.2185209,1.2683356,1.3583643,1.0862123,1.1286693,0.8624703,0.0,0.9238641,1.303761,0.72303134,1.5203841,1.2761012,1.4930514,0.53840196,1.1217147,0.86544704,1.0476079,1.2904308,1.3019578,1.2705436,1.0711973,0.16501774,0.5315845,1.3126262,1.1254485,1.0991125,0.83249485,1.8512362,1.2065456,1.3812717,1.1486017,1.5458176,1.2673266,1.6010098,1.2364,1.2396166,1.4451627,1.4909147,1.4660808,1.0054704
RAP2B,0.0,0.0,0.0,0.31983316,0.0,0.34549886,0.57409585,0.19736072,0.0,0.0,0.0,0.5950968,1.141807,0.0,0.0,0.0,0.0,0.0,0.0,0.0,0.0,0.0,0.4738873,0.0,0.0,0.0,0.0,0.0,0.0,0.0,0.0,0.0,0.0,0.0,0.0,0.0,0.0,0.0,0.0,0.0,0.0,0.0
DHX36,0.0,0.0,0.0,0.31580883,0.6913029,0.48604932,0.48373562,0.34364825,0.0,0.57238364,0.3526248,0.0,0.0,0.0,0.9916867,0.0,0.0,0.0,0.0,0.0,0.7615919,0.0,0.0,0.0,0.25504547,0.0,0.0,0.46158567,0.0,0.0,0.0,0.0,0.0,0.0,0.0,0.0,0.0,0.0,0.0,0.0,0.0,0.5977297
MME,0.0,0.0,0.0,0.0,0.0,0.0,0.0,0.0,0.0,0.0,0.0,0.0,0.0,0.0,0.0,0.0,0.0,0.0,0.0,0.0,0.0,0.0,0.0,0.0,0.0,1.0510659,0.9181548,0.0,0.0,0.0,0.0,0.0,0.0,0.0,0.0,0.0,0.0,0.0,0.0,0.0,0.0,0.0
GMPS,0.0,0.0,0.0,0.31766707,0.43584925,0.0,0.0,0.74400276,0.0,0.21446666,0.0,0.0,0.0,0.0,0.0,0.0,0.0,0.0,0.0,0.0,0.0,0.0,0.0,0.0,0.0,0.0,0.0,0.40825248,0.0,0.0,0.0,0.0,0.0,0.0,0.0,0.0,0.0,0.0,0.0,0.0,0.0,0.0
SSR3,0.0,0.6834405,0.0,0.8074052,0.56381416,0.685242,0.8155059,0.6706564,0.0,0.5471599,0.0,0.79289067,0.7257168,0.0,0.0,0.0,0.75448203,0.0,0.0,0.0,0.0,0.0,0.7569056,1.64944,2.0648217,0.0,0.0,0.77337146,0.0,0.0,0.0,0.0,0.0,0.0,0.0,0.0,0.0,0.0,0.0,0.0,0.0,1.126469
TIPARP,0.0,0.0,0.0,0.0,0.0,0.0,0.3259039,0.0,0.0,0.0,0.77548546,0.0,0.0,0.0,0.0,0.0,0.0,0.0,0.0,0.0,0.0,0.0,0.0,0.0,0.0,0.0,0.0,0.0,0.0,0.0,0.0,0.0,0.0,0.0,0.0,0.0,0.0,0.0,0.0,0.0,0.0,0.0
CCNL1,1.1883135,0.0,1.7474416,1.6458497,1.5383482,1.092648,1.593419,0.27594322,0.0,1.1977708,1.803946,1.0337517,1.141807,1.603544,0.8421502,1.2858664,1.4383955,0.0,1.288158,1.7585866,1.8965371,1.3110392,1.1768847,0.8100516,1.0473677,1.8721199,1.495822,1.3918962,1.4886773,2.1725433,1.6639662,1.4724566,1.96045,1.6400193,1.728488,1.1325818,1.5039802,1.6826664,1.6893549,1.6225253,1.638876,1.7363648
RSRC1,0.0,0.0,0.0,0.0,0.46967292,0.0,0.0,0.35436094,0.0,0.44826725,0.0,0.0,0.5578004,0.0,0.0,0.0,0.0,0.0,0.0,0.0,0.0,0.0,0.0,0.0,0.30944383,0.0,0.0,0.0,0.0,0.0,0.0,0.0,0.0,0.0,0.0,0.0,0.0,0.0,0.0,0.0,0.0,0.0
GFM1,0.0,0.0,0.0,0.0,0.0,0.0,0.0,0.16701494,0.0,0.0,0.0,0.0,0.0,0.0,0.0,0.0,0.0,0.0,0.0,0.0,0.0,0.0,0.0,0.0,0.0,0.0,0.0,0.0,0.0,0.0,0.0,0.0,0.0,0.0,0.0,0.0,0.0,0.0,0.0,0.0,0.0,0.0
LXN,0.0,0.0,0.0,0.0,0.0,0.0,0.0,0.74812204,0.0,0.0,0.0,0.0,0.0,0.0,0.0,0.0,0.0,0.0,0.0,0.0,0.0,0.0,0.0,0.0,0.0,0.0,0.0,0.0,0.0,0.0,0.0,0.0,0.0,0.0,0.0,0.0,0.0,0.0,0.0,0.0,0.0,0.0
MFSD1,0.0,0.0,0.6034783,0.6040735,0.0,0.7475655,0.6489082,0.0,0.0,0.0,0.0,0.79289067,1.1757209,0.0,0.0,0.0,0.0,0.3643961,0.0,0.0,0.0,0.0,0.6552297,0.0,0.0,0.0,0.0,0.27385062,0.0,0.0,0.0,0.0,0.0,0.0,0.0,0.0,0.0,0.0,0.0,0.0,0.0,0.0
SMC4,0.0,0.0,0.0,0.9963214,1.8309042,0.0,0.0,0.83464026,0.0,0.97332585,0.0,0.0,0.0,0.0,0.0,0.0,0.0,0.0,0.0,0.0,0.0,0.0,0.0,0.0,1.0359244,0.0,0.0,0.566425,0.0,0.0,0.0,0.0,0.0,0.0,0.0,0.0,0.0,0.0,0.0,0.0,0.0,0.0
KPNA4,0.0,0.0,0.0,0.25797445,0.0,0.38905048,0.4506386,0.22421369,0.0,0.18083665,0.61280143,0.3987304,0.0,0.0,0.0,0.0,0.0,0.0,0.0,0.0,0.0,0.0,0.0,0.0,0.15630423,0.0,0.0,0.30402964,0.0,0.0,0.0,0.0,0.0,0.0,0.0,0.0,0.0,0.0,0.0,0.0,0.0,0.0
B3GALNT1,0.0,0.0,0.0,0.0,0.0,0.0,0.0,0.25976202,0.0,0.0,0.0,0.0,0.0,0.0,0.0,0.0,0.0,0.0,0.0,0.0,0.0,0.0,0.0,0.0,0.0,0.0,0.0,0.0,0.0,0.0,0.0,0.0,0.0,0.0,0.0,0.0,0.0,0.0,0.0,0.0,0.0,0.0
NMD3,0.0,0.0,0.0,0.0,0.0,0.0,0.0,0.15667476,0.0,0.0,0.0,0.0,0.0,0.0,0.0,0.0,0.0,0.0,0.0,0.0,0.0,0.0,0.0,0.0,0.0,0.0,0.0,0.0,0.0,0.0,0.0,0.0,0.0,0.0,0.0,0.0,0.0,0.0,0.0,0.0,0.0,0.0
PDCD10,0.0,0.0,0.0,0.0,0.4967146,0.0,0.35860544,0.38361055,0.0,0.21446666,0.0,0.0,0.0,0.0,0.0,0.0,0.0,0.76291823,0.0,0.0,0.0,0.0,0.0,0.0,0.28265542,0.0,0.0,0.20506905,0.0,0.0,0.0,0.0,0.0,0.0,0.0,0.0,0.0,0.0,0.0,0.0,0.0,0.0
GOLIM4,0.0,0.0,0.0,0.0,0.0,0.28951037,0.0,0.0,0.0,0.0,0.0,0.0,0.0,0.0,0.0,0.0,0.0,0.0,0.0,0.0,0.0,0.0,0.0,0.0,0.0,0.0,0.0,0.0,0.0,0.0,0.0,0.0,0.0,0.0,0.0,0.0,0.0,0.0,0.0,0.0,0.0,0.0
SEC62,1.2532096,0.6126078,0.83363044,0.76684856,0.5940249,0.8047989,0.6605679,0.72086996,0.0,0.6028327,1.2041712,1.097946,0.7257168,0.96516603,0.0,0.64509416,0.0,0.0,1.1392826,0.0,0.0,1.3908869,0.8382314,1.2988564,1.2326337,1.3799347,1.2039261,0.6908407,0.7001467,0.0,0.81730205,0.9645125,0.959865,1.0554215,0.9284458,0.8904011,0.9263679,0.84646064,0.98145473,0.94867206,0.9242541,0.9413023
PHC3,0.0,0.0,0.0,0.0,0.0,0.0,0.0,0.0,0.0,0.57238364,0.0,0.0,0.0,0.0,0.0,0.0,0.0,0.0,0.0,0.0,0.0,0.0,0.0,0.0,0.0,0.0,0.0,0.0,0.0,0.0,0.0,0.0,0.0,0.0,0.0,0.0,0.0,0.0,0.0,0.0,0.0,0.0
SKIL,0.0,0.0,0.0,0.0,0.0,0.0,0.0,0.0,0.0,0.0,0.0,0.0,0.44090223,0.0,0.0,0.0,0.0,0.0,0.0,0.0,0.0,0.0,0.0,0.0,0.0,0.0,0.0,0.0,0.0,0.0,0.0,0.0,0.0,0.0,0.0,0.0,0.0,0.0,0.0,0.0,0.0,0.0
RPL22L1,1.3102479,0.0,0.0,0.78041726,0.7487688,0.9692087,0.8378116,2.2504067,0.0,1.4220358,0.96516603,0.6602513,1.4347595,1.0355058,1.2927269,0.39335945,1.1698792,0.0,1.2289541,0.0,1.0240469,1.3480251,0.87476474,0.9325851,1.9037514,1.0399802,0.0,1.480614,0.86481434,0.0,0.8183625,0.0,0.8447914,0.9492126,0.84532183,0.8899405,0.8185041,0.49389833,0.7084927,0.94596577,0.0,1.1415555
FNDC3B,0.0,0.0,0.0,0.35014948,0.0,0.0,0.0,0.0,0.0,0.0,0.0,0.0,0.0,0.0,0.0,0.0,0.0,0.0,0.0,0.0,0.0,0.0,0.0,0.6703251,0.31577328,0.0,0.0,0.0,0.0,0.0,0.0,0.0,0.0,0.0,0.0,0.0,0.0,0.0,0.0,0.0,0.0,0.0
TNFSF10,0.0,0.0,0.0,0.08661501,0.0,0.0,0.4043847,0.0,0.0,0.0,0.0,0.0,0.0,0.0,0.0,0.0,0.0,0.0,0.0,0.0,0.0,0.0,0.5010526,0.0,0.0,0.0,0.0,0.0,0.0,0.0,0.0,0.0,0.0,0.0,0.0,0.0,0.0,0.0,0.0,0.0,0.0,0.0
ECT2,0.0,0.0,0.0,0.0,0.0,0.0,0.0,0.0,0.0,0.25902426,0.0,0.0,0.0,0.0,0.0,0.0,0.0,0.0,0.0,0.0,0.0,0.0,0.0,0.0,0.0,0.0,0.0,0.0,0.0,0.0,0.0,0.0,0.0,0.0,0.0,0.0,0.0,0.0,0.0,0.0,0.0,0.0
TBL1XR1,0.0,0.0,0.0,0.41912153,0.0,0.0,0.37992248,0.0,0.0,0.0,0.0,0.0,0.0,0.0,0.0,0.0,0.0,0.0,0.0,0.0,0.0,0.0,0.0,0.0,0.17694849,0.0,0.0,0.43053207,0.0,0.0,0.0,0.0,0.0,0.0,0.0,0.0,0.0,0.0,0.0,0.0,0.0,0.5349308
ZNF639,0.0,0.0,0.0,0.0,0.0,0.0,0.0,0.16659243,0.0,0.18083665,0.0,0.0,0.0,0.0,0.0,0.0,0.0,0.0,0.0,0.0,0.0,0.0,0.0,0.0,0.0,0.0,0.0,0.0,0.0,0.0,0.0,0.0,0.0,0.0,0.0,0.0,0.0,0.0,0.0,0.0,0.0,0.0
GNB4,0.0,0.0,0.0,0.0,0.0,0.3977822,0.0,0.0,0.0,0.18155362,0.0,0.0,0.0,0.0,0.0,0.0,0.0,0.0,0.0,0.0,0.0,0.0,0.0,0.0,0.0,0.0,0.0,0.24367374,0.0,0.0,0.0,0.0,0.0,0.0,0.0,0.0,0.0,0.0,0.0,0.0,0.0,0.0
ACTL6A,0.0,0.0,0.0,0.0,0.0,0.0,0.0,0.5097701,0.0,0.0,0.0,0.0,0.0,0.0,0.0,0.0,0.0,0.0,0.0,0.0,0.0,0.0,0.0,0.0,0.14103276,0.0,0.0,0.0,0.0,0.0,0.0,0.0,0.0,0.0,0.0,0.0,0.0,0.0,0.0,0.0,0.0,0.0
MRPL47,0.0,0.0,0.0,0.0,0.0,0.28951037,0.40606603,0.52260065,0.0,0.47349092,0.0,0.0,0.0,0.0,0.0,0.0,0.0,0.0,0.0,0.0,0.0,0.0,0.0,0.0,0.44637376,0.0,0.0,0.21766907,0.0,0.0,0.0,0.0,0.0,0.0,0.0,0.0,0.0,0.0,0.0,0.0,0.0,0.0
NDUFB5,0.0,0.0,0.0,0.41100955,0.25330484,0.59506035,0.81829166,0.58258116,0.0,0.73271203,0.0,0.5073828,0.0,0.0,0.0,0.0,0.0,0.0,0.0,0.0,0.0,0.0,0.64997846,0.0,0.5265167,0.0,0.0,0.61254346,0.0,0.0,0.0,0.0,0.0,0.0,0.0,0.0,0.0,0.0,0.0,0.0,0.0,0.6630609
TTC14,0.0,0.0,0.0,0.0,0.0,0.0,0.0,0.0,0.0,0.0,0.0,0.0,0.0,0.0,0.0,0.0,0.0,0.0,0.0,0.0,0.0,0.0,0.0,0.0,0.0,0.0,0.0,0.0,0.0,0.0,0.0,0.0,0.0,0.0,0.0,0.0,0.0,0.0,0.0,0.0,0.0,0.64991665
FXR1,0.0,0.0,0.0,0.44479942,0.629748,0.0,0.47656822,0.43255103,0.0,0.18083665,0.77548546,0.0,0.44090223,0.0,0.0,0.0,0.0,0.0,0.0,0.0,0.0,0.0,0.0,0.0,0.33668953,0.0,0.0,0.59003556,0.0,0.0,0.0,0.0,0.0,0.0,0.0,0.0,0.0,0.0,0.0,0.0,0.0,0.5316023
DNAJC19,0.0,0.0,0.0,0.0,0.0,0.0,0.0,0.72563434,0.0,0.3960203,0.0,0.0,0.0,0.0,0.0,0.0,0.0,0.0,0.0,0.0,0.0,0.0,0.0,0.0,0.28265542,0.0,0.0,0.21123752,0.0,0.0,0.0,0.0,0.0,0.0,0.0,0.0,0.0,0.0,0.0,0.0,0.0,0.0
ATP11B,0.0,0.0,0.0,0.0,0.0,0.0,0.0,0.0,0.0,0.0,0.0,0.0,0.0,0.0,0.0,0.0,0.0,0.0,0.0,0.0,0.0,0.0,0.0,0.0,0.14045735,0.0,0.0,0.0,0.0,0.0,0.0,0.0,0.0,0.0,0.0,0.0,0.0,0.0,0.0,0.0,0.0,0.0
B3GNT5,0.0,0.0,0.0,0.0,0.0,0.0,0.0,0.0,0.0,0.0,0.0,0.5950968,0.0,0.0,0.0,0.0,0.0,0.0,0.0,0.0,0.0,0.0,0.0,0.0,0.0,0.0,0.0,0.0,0.0,0.0,0.0,0.0,0.0,0.0,0.0,0.0,0.0,0.0,0.0,0.0,0.0,0.0
KLHL6,0.0,0.0,0.0,0.0,0.0,0.0,0.0,0.0,0.0,0.21446666,0.0,0.0,0.0,0.0,0.0,0.0,0.0,0.0,0.0,0.0,0.0,0.0,0.0,0.21146607,0.0,0.0,0.0,0.0,0.0,0.0,0.0,0.0,0.0,0.0,0.0,0.0,0.0,0.0,0.0,0.0,0.0,0.0
KLHL24,0.0,0.0,0.0,0.0,0.0,0.0,0.0,0.0,0.0,0.36239028,0.0,0.0,0.0,0.0,0.0,0.0,0.0,0.0,0.0,0.0,0.0,0.0,0.0,0.0,0.0,1.0777423,0.9506155,0.0,0.0,0.0,0.0,0.0,0.0,0.0,0.0,0.0,0.0,0.0,0.0,0.0,0.0,0.0
PARL,0.0,0.0,0.0,0.0,0.0,0.34146005,0.53033197,0.24175769,0.0,0.3960203,0.0,0.0,0.0,0.0,0.0,0.0,0.0,0.0,0.0,0.0,0.0,0.0,0.0,0.0,0.23654889,0.0,0.0,0.22057232,0.0,0.0,0.0,0.0,0.0,0.0,0.0,0.0,0.0,0.0,0.0,0.0,0.0,0.0
ABCC5,0.0,0.0,0.0,0.0,0.0,0.0,0.0,0.12833168,0.0,0.0,0.0,0.0,0.0,0.0,0.0,0.0,0.0,0.0,0.0,0.0,0.0,0.0,0.0,0.0,0.0,0.0,0.0,0.0,0.0,0.0,0.0,0.0,0.0,0.0,0.0,0.0,0.0,0.0,0.0,0.0,0.0,0.0
EIF2B5,0.0,0.0,0.0,0.0,0.0,0.0,0.0,0.13319653,0.0,0.18155362,0.0,0.0,0.0,0.0,0.0,0.0,0.0,0.0,0.0,0.0,0.0,0.0,0.0,0.0,0.0,0.0,0.0,0.0,0.0,0.0,0.0,0.0,0.0,0.0,0.0,0.0,0.0,0.0,0.0,0.0,0.0,0.0
AP2M1,0.0,0.0,0.72967315,0.92160916,0.935097,0.7710557,0.9284921,1.2802836,0.0,0.41463724,0.67302287,0.82655406,1.1757209,0.0,0.0,0.0,0.0,1.3499079,0.0,0.0,0.0,0.0,0.73631746,0.2383474,0.6967541,0.0,0.0,0.8928448,0.0,0.0,0.0,0.0,0.0,0.0,0.0,0.0,0.0,0.0,0.0,0.0,0.0,0.8148454
ALG3,0.0,0.0,0.0,0.0,0.0,0.0,0.0,0.37834653,0.0,0.0,0.0,0.0,0.0,0.0,0.0,0.0,0.0,0.0,0.0,0.0,0.0,0.0,0.0,0.18245165,0.4464751,0.0,0.0,0.0,0.0,0.0,0.0,0.0,0.0,0.0,0.0,0.0,0.0,0.0,0.0,0.0,0.0,0.0
PSMD2,0.0,0.0,0.0,0.64322597,0.62266773,0.40020192,0.49660182,0.8830061,0.0,0.0,0.0,0.0,0.44090223,0.0,0.0,0.0,0.0,0.6225279,0.0,0.0,0.0,0.0,0.0,0.0,0.8390535,0.0,0.0,0.42424494,0.0,0.0,0.0,0.0,0.0,0.0,0.0,0.0,0.0,0.0,0.0,0.0,0.0,0.0
EIF4G1,0.0,0.0,0.0,0.72327435,0.0,0.40578204,0.49660182,0.8208381,0.0,0.7834258,0.0,0.0,1.1682736,0.0,0.0,0.0,0.0,0.0,0.0,0.0,0.0,0.0,0.0,0.2810799,0.69944614,0.0,0.0,0.47874236,0.0,0.0,0.0,0.0,0.0,0.0,0.0,0.0,0.0,0.0,0.0,0.0,0.0,0.0
POLR2H,0.0,0.0,0.0,0.0,0.0,0.0,0.0,0.7080547,0.0,0.23380059,0.0,0.0,0.0,0.0,0.0,0.0,0.0,0.0,0.0,0.0,0.0,0.0,0.0,0.0,0.5323146,0.0,0.0,0.24924485,0.0,0.0,0.0,0.0,0.0,0.0,0.0,0.0,0.0,0.0,0.0,0.0,0.0,0.0
MAP3K13,0.0,0.0,0.0,0.0,0.0,0.4165121,0.0,0.19160235,0.0,0.0,0.0,0.0,0.0,0.0,0.0,0.0,0.0,0.0,0.0,0.0,0.0,0.0,0.0,0.0,0.0,0.0,0.0,0.0,0.0,0.0,0.0,0.0,0.0,0.0,0.0,0.0,0.0,0.0,0.0,0.0,0.0,0.0
IGF2BP2,0.0,0.0,0.0,0.0,0.0,0.0,0.0,0.23579518,0.0,0.0,0.0,0.0,0.0,0.0,0.0,0.0,0.0,0.0,0.0,0.0,0.0,0.0,0.0,0.0,0.0,0.0,0.0,0.0,0.0,0.0,0.0,0.0,0.0,0.0,0.0,0.0,0.0,0.0,0.0,0.0,0.0,0.0
TRA2B,1.2050706,0.0,1.2761323,1.4540777,1.5335741,0.89923656,1.1796988,1.1626148,0.0,1.2658126,1.4470241,1.054872,0.91374826,1.1691525,1.80621,0.9035236,1.5558697,0.0,1.2554481,1.372138,1.3984778,1.3761065,0.97290426,0.41860545,1.0242755,1.4132183,1.1965461,1.2693638,1.0478644,1.7189655,1.2718354,1.2451371,1.3952101,1.3763833,1.3840673,1.4232732,1.1352439,1.3689605,1.3614675,1.2679685,1.2699907,1.5812974
DNAJB11,0.0,0.0,0.0,0.38788837,0.48550922,0.0,0.47656822,0.17024116,0.0,0.18083665,0.0,0.5104259,0.0,0.0,0.0,0.0,0.0,0.0,0.0,0.0,0.0,0.0,0.0,0.7277032,1.2151338,0.0,0.0,0.2752896,0.0,0.0,0.0,0.0,0.0,0.0,0.0,0.0,0.0,0.0,0.0,0.0,0.0,0.6641631
EIF4A2,1.4688034,0.0,0.66329426,0.6788678,1.0512674,0.82469076,0.87193346,0.9052119,0.0,1.427027,1.3838991,0.7063019,1.1757209,1.6139331,1.9251993,0.0,0.3455149,0.46112514,1.5842426,1.3779898,1.3612659,1.564292,0.85559785,0.6359051,0.65940875,1.6523857,1.4929177,0.9780779,1.2612984,1.5553873,1.4659953,1.6288368,1.5725623,1.7229285,1.4223564,1.7979765,1.5951915,1.4867954,1.669307,1.6238319,1.5651891,1.101695
RFC4,0.0,0.0,0.0,0.0,0.0,0.0,0.0,0.46719337,0.0,0.0,0.0,0.0,0.0,0.0,0.0,0.0,0.0,0.0,0.0,0.0,0.0,0.0,0.0,0.0,0.21339111,0.0,0.0,0.0,0.0,0.0,0.0,0.0,0.0,0.0,0.0,0.0,0.0,0.0,0.0,0.0,0.0,0.0
ST6GAL1,1.126152,0.0,0.0,0.0,0.0,0.0,0.0,0.0,0.0,0.0,0.0,0.0,0.0,0.0,1.1810663,0.0,0.0,0.0,0.0,0.0,0.0,0.0,0.0,0.6465233,0.4578734,0.0,0.0,0.0,0.0,0.0,0.0,0.0,0.0,0.0,0.0,0.0,0.0,0.0,0.0,0.0,0.0,0.0
RPL39L,0.0,0.0,0.0,0.0,0.41478586,0.0,0.0,0.0,0.0,0.0,0.0,0.0,0.0,0.0,0.0,0.0,0.0,0.0,0.0,0.0,0.0,0.0,0.0,0.0,0.11483783,0.0,0.0,0.0,0.0,0.0,0.0,0.0,0.0,0.0,0.0,0.0,0.0,0.0,0.0,0.0,0.0,0.0
BCL6,0.0,0.0,0.69312227,0.0,0.0,0.81162524,0.44683003,0.0,0.0,0.0,0.0,0.0,0.0,0.0,0.0,0.0,0.0,0.0,0.0,0.0,0.0,0.0,0.0,0.0,0.0,0.0,0.0,0.0,0.0,0.0,0.0,0.0,0.0,0.0,0.0,0.0,0.0,0.0,0.0,0.0,0.0,0.0
LPP,0.0,0.0,0.0,0.0,0.0,0.50513124,0.0,0.0,0.0,0.18155362,0.0,0.0,0.0,0.0,0.0,0.0,0.0,0.0,0.0,0.0,0.0,0.0,0.0,0.0,0.0,0.0,0.0,0.0,0.0,0.0,0.0,0.0,0.0,0.0,0.0,0.0,0.0,0.0,0.0,0.0,0.0,0.0
CCDC50,0.845777,0.0,0.0,0.0,0.0,0.0,0.42818734,0.0,0.0,0.47256014,0.0,0.0,0.0,0.0,0.0,0.0,0.0,0.0,0.8570013,0.0,0.0,0.0,0.0,0.16775352,0.4819765,0.0,0.0,0.0,0.0,0.0,0.0,0.0,0.0,0.0,0.0,0.0,0.0,0.0,0.0,0.0,0.0,2.1117356
OPA1,0.0,0.0,0.0,0.0,0.0,0.0,0.0,0.12609394,0.0,0.0,0.0,0.0,0.0,0.0,0.0,0.0,0.0,0.0,0.0,0.0,0.0,0.0,0.0,0.0,0.0,0.0,0.0,0.0,0.0,0.0,0.0,0.0,0.0,0.0,0.0,0.0,0.0,0.0,0.0,0.0,0.0,0.0
ATP13A3,0.0,0.0,0.0,0.0,0.0,0.0,0.0,0.0,0.0,0.18155362,0.0,0.8423759,0.5578004,0.0,0.0,0.0,0.0,0.0,0.0,0.0,0.0,0.0,0.0,0.0,0.0,0.0,0.0,0.0,0.0,0.0,0.0,0.0,0.0,0.0,0.0,0.0,0.0,0.0,0.0,0.0,0.0,0.0
LSG1,0.0,0.0,0.0,0.0,0.0,0.0,0.0,0.0,0.0,0.0,0.0,0.0,0.0,0.0,0.0,0.0,0.0,0.0,0.0,0.0,0.0,0.0,0.0,0.0,0.124119386,0.0,0.0,0.0,0.0,0.0,0.0,0.0,0.0,0.0,0.0,0.0,0.0,0.0,0.0,0.0,0.0,0.0
ACAP2,0.8607786,0.0,0.9001239,0.712037,0.56201965,0.48802102,0.6652854,0.17712447,0.0,0.36239028,0.5784484,0.64906085,0.91374826,0.0,0.0,0.0,0.41801247,0.0,0.0,0.0,0.0,0.0,0.74148726,0.0,0.14103276,0.0,0.9045438,0.29143888,0.0,0.0,0.0,0.0,0.0,0.0,0.0,0.0,0.0,0.0,0.0,0.0,0.0,0.6635934
PPP1R2,1.1446455,0.0,0.0,0.45518035,0.5833285,0.59812146,0.69968575,0.0,0.0,0.18083665,0.72809076,0.5073828,0.0,0.94596577,0.0,0.0,0.0,0.0,0.8996258,0.0,0.74013853,0.0,0.5612577,0.26770046,0.52555865,1.2992482,0.0,0.1753313,0.65800595,0.0,0.97771496,0.0,1.0876666,0.9929151,0.982081,1.063097,1.0335183,1.1537753,0.9732882,1.0768297,1.032353,0.99518466
TFRC,0.0,0.0,0.0,0.0,0.0,0.0,0.0,1.2828437,0.0,0.4195962,0.0,0.5367148,1.141807,0.0,0.0,0.0,0.0,0.0,0.0,0.0,0.0,0.0,0.3566499,0.0,0.17393991,0.0,0.0,0.30449903,0.0,0.0,0.0,0.0,0.0,0.0,0.0,0.0,0.0,0.0,0.0,0.0,0.0,0.0
RNF168,0.0,0.0,0.0,0.0,0.4984342,0.0,0.0,0.0,0.0,0.0,0.0,0.0,0.0,0.0,0.0,0.0,0.0,0.0,0.0,0.0,0.0,0.0,0.0,0.0,0.12564816,0.0,0.0,0.0,0.0,0.0,0.0,0.0,0.0,0.0,0.0,0.0,0.0,0.0,0.0,0.0,0.0,0.0
NRROS,0.0,0.0,0.0,0.0,0.0,0.329874,0.0,0.0,0.0,0.0,0.0,0.0,0.44090223,0.0,0.0,0.0,0.0,0.0,0.0,0.0,0.0,0.0,0.0,0.0,0.0,0.0,0.0,0.0,0.0,0.0,0.0,0.0,0.0,0.0,0.0,0.0,0.0,0.0,0.0,0.0,0.0,0.0
PAK2,1.0128595,0.0,1.0642018,1.0473977,0.83904254,0.9697929,1.1038845,0.5707233,0.0,0.8984251,1.1449375,0.965619,1.4048783,0.92775214,1.1548164,0.0,0.7171476,0.0,0.88255465,0.0,0.78979766,0.0,1.040985,0.0,0.52973765,0.0,1.1254485,0.68101203,0.0,0.0,0.7754223,0.7908114,0.0,0.9782843,0.0,0.0,0.0,0.9523718,0.88705117,0.6491481,0.0,0.8465752
SENP5,0.0,0.0,0.0,0.0,0.0,0.0,0.0,0.0,0.0,0.18155362,0.0,0.0,0.0,0.0,0.0,0.0,0.0,0.0,0.0,0.0,0.0,0.0,0.0,0.0,0.0,0.0,0.0,0.0,0.0,0.0,0.0,0.0,0.0,0.0,0.0,0.0,0.0,0.0,0.0,0.0,0.0,0.0
NCBP2,0.0,0.0,0.0,0.0,0.0,0.0,0.0,0.29705486,0.0,0.18083665,0.0,0.0,0.0,0.0,0.0,0.0,0.0,0.0,0.0,0.0,0.0,0.0,0.0,0.0,0.2958905,0.0,0.0,0.0,0.0,0.0,0.0,0.0,0.0,0.0,0.0,0.0,0.0,0.0,0.0,0.0,0.0,0.0
NCBP2AS2,0.0,0.0,0.0,0.0,0.0,0.0,0.35118595,0.31189072,0.0,0.23875955,0.0,0.0,0.0,0.0,0.0,0.0,0.0,0.0,0.0,0.0,0.0,0.0,0.0,0.0,0.15884948,0.0,0.0,0.0,0.0,0.0,0.0,0.0,0.0,0.0,0.0,0.0,0.0,0.0,0.0,0.0,0.0,0.17587379
RUBCN,0.0,0.0,0.0,0.0,0.0,0.0,0.0,0.0,0.0,0.0,0.0,0.0,0.0,0.0,0.0,0.0,0.0,0.0,0.0,0.0,0.0,0.0,0.0,0.0,0.0,0.0,0.0,0.0,0.0,0.0,0.0,0.0,0.0,0.0,0.0,0.0,0.0,0.0,0.0,0.0,0.0,0.52235436
FYTTD1,0.0,0.0,0.0,0.0,0.0,0.0,0.0,0.0,0.0,0.0,0.0,0.4254868,0.0,0.0,0.8421502,0.0,0.0,0.0,0.0,0.0,0.0,0.0,0.0,0.0,0.0,0.0,0.0,0.0,0.0,0.0,0.0,0.0,0.0,0.0,0.0,0.0,0.0,0.0,0.0,0.0,0.0,0.6437855
LRCH3,0.0,0.0,0.0,0.0,0.0,0.0,0.0,0.0,0.0,0.18155362,0.0,0.0,0.0,0.0,0.0,0.0,0.0,0.0,0.0,0.0,0.0,0.0,0.0,0.0,0.0,0.0,0.0,0.0,0.0,0.0,0.0,0.0,0.0,0.0,0.0,0.0,0.0,0.0,0.0,0.0,0.0,0.0
RPL35A,3.442103,2.6333194,2.7645187,2.7104042,2.5038958,3.3374932,3.1558044,3.5416853,2.74364,3.205777,3.2338965,2.83221,2.837273,3.4012396,3.514574,3.1879134,3.0326374,2.6937122,3.5453115,2.7909079,3.085063,3.4496002,2.864684,2.1307137,2.8983388,3.153644,3.3563533,3.371627,3.3194458,0.0,3.6431797,3.2643585,3.5633392,3.1900842,3.7959926,3.5748982,3.7337139,3.389573,3.2956564,3.383802,3.5456715,3.2521756
ZNF721,0.0,0.0,0.0,0.0,0.0,0.0,0.0,0.0,0.0,0.21446666,0.0,0.0,0.0,0.0,0.0,0.0,0.0,0.0,0.0,0.0,0.0,0.0,0.0,0.0,0.0,0.0,0.0,0.0,0.0,0.0,0.0,0.0,0.0,0.0,0.0,0.0,0.0,0.0,0.0,0.0,0.0,0.0
ATP5ME,1.1386954,1.4856286,1.1718944,1.2296745,0.97316843,1.2037628,0.9150326,1.5892671,1.8679698,0.81698775,0.0,1.0850972,1.5203841,0.9323982,0.0,0.85097176,0.5920118,1.1470721,0.9072257,1.0641706,0.87455976,0.0,1.1095986,0.76776034,1.5699949,1.2762668,1.0024796,1.197578,0.49395606,0.0,0.8857933,1.2036812,0.8893249,1.1083055,0.7969527,0.0,0.8900856,0.91527194,1.1313885,0.8939098,0.0,0.8129155
GAK,0.0,0.0,0.0,0.0,0.0,0.0,0.0,0.0,0.0,0.0,0.0,0.0,0.0,0.0,0.0,0.0,0.0,0.0,0.0,0.0,0.0,0.0,0.0,0.0,0.14780025,0.0,0.0,0.0,0.0,0.0,0.0,0.0,0.0,0.0,0.0,0.0,0.0,0.0,0.0,0.0,0.0,0.0
SPON2,0.0,0.0,0.0,0.0,1.5456235,0.0,0.0,0.0,0.0,0.0,0.0,0.0,0.0,0.0,0.0,0.0,0.0,0.0,0.0,2.2416306,0.0,0.0,0.0,0.0,0.0,0.0,0.0,0.0,0.0,0.0,0.0,0.0,0.0,0.0,0.0,0.0,0.0,0.0,0.0,0.0,0.0,0.0
CTBP1,0.0,0.0,0.0,0.0,0.58706033,0.329874,0.40772784,0.21152893,0.0,0.18083665,0.0,0.0,0.0,0.0,0.0,0.0,0.0,0.0,0.0,0.0,0.0,0.0,0.0,0.0,0.3699648,0.0,0.0,0.21976884,0.0,0.0,0.0,0.0,0.0,0.0,0.0,0.0,0.0,0.0,0.0,0.0,0.0,0.5455234
MAEA,0.0,0.0,0.0,0.0,0.0,0.0,0.0,0.23102878,0.0,0.4195962,0.0,0.0,0.0,0.0,0.0,0.0,0.0,0.0,0.0,0.0,0.0,0.0,0.0,0.0,0.0,0.0,0.0,0.0,0.0,0.0,0.0,0.0,0.0,0.0,0.0,0.0,0.0,0.0,0.0,0.0,0.0,0.0
SLBP,0.0,0.0,0.0,0.0,0.8236011,0.40020192,0.0,1.0703647,0.0,0.61035377,0.0,0.0,0.5578004,0.0,0.77814996,0.0,0.0,0.75335306,0.0,0.0,0.0,0.0,0.0,0.0,0.49953946,0.0,0.0,0.44925955,0.0,0.0,0.0,0.0,0.0,0.0,0.0,0.0,0.0,0.0,0.0,0.0,0.0,0.0
TACC3,0.0,0.0,0.0,0.664712,0.8253629,0.0,0.0,0.3023484,0.0,0.18083665,0.0,0.0,0.0,0.0,0.0,0.0,0.0,0.0,0.0,0.0,0.0,0.0,0.0,0.0,0.26461154,0.0,0.0,0.0,0.0,0.0,0.0,0.0,0.0,0.0,0.0,0.0,0.0,0.0,0.0,0.0,0.0,0.0
LETM1,0.0,0.0,0.0,0.0,0.0,0.0,0.0,0.21169974,0.0,0.0,0.0,0.0,0.0,0.0,0.0,0.0,0.0,0.0,0.0,0.0,0.0,0.0,0.0,0.0,0.0,0.0,0.0,0.0,0.0,0.0,0.0,0.0,0.0,0.0,0.0,0.0,0.0,0.0,0.0,0.0,0.0,0.0
NSD2,0.0,0.0,0.0,0.34721476,0.69736123,0.0,0.0,0.39315575,0.0,0.31335935,0.0,0.0,0.0,0.0,0.0,0.0,0.0,0.0,0.0,0.0,0.0,0.0,0.0,0.0,0.27334732,0.0,0.0,0.0,0.0,0.0,0.0,0.0,0.0,0.0,0.0,0.0,0.0,0.0,0.0,0.0,0.0,0.0
NELFA,0.0,0.0,0.0,0.0,0.0,0.0,0.0,0.10948612,0.0,0.0,0.0,0.0,0.0,0.0,0.0,0.0,0.0,0.0,0.0,0.0,0.0,0.0,0.0,0.0,0.0,0.0,0.0,0.0,0.0,0.0,0.0,0.0,0.0,0.0,0.0,0.0,0.0,0.0,0.0,0.0,0.0,0.0
NICOL1,0.0,0.0,0.97249496,0.8443378,0.0,0.41900888,0.68971497,0.0,0.0,0.18083665,0.0,0.965619,0.44090223,0.0,0.0,0.0,0.34602576,0.0,0.0,0.0,0.0,0.0,0.94179916,0.33886647,0.30944383,0.0,0.0,0.496025,0.0,0.0,0.0,0.0,0.0,0.0,0.0,0.0,0.0,0.0,0.0,0.0,0.0,0.0
HAUS3,0.0,0.0,0.0,0.0,0.0,0.0,0.0,0.14484286,0.0,0.0,0.0,0.0,0.0,0.0,0.0,0.0,0.0,0.0,0.0,0.0,0.0,0.0,0.0,0.0,0.0,0.0,0.0,0.0,0.0,0.0,0.0,0.0,0.0,0.0,0.0,0.0,0.0,0.0,0.0,0.0,0.0,0.0
MXD4,0.0,0.0,0.0,0.0,0.0,0.0,0.0,0.0,0.0,0.0,0.0,0.0,0.0,0.0,0.0,0.0,0.0,0.0,0.0,0.0,0.0,0.0,0.0,0.0,0.12525262,0.0,0.0,0.0,0.0,0.0,0.0,0.0,0.0,0.0,0.0,0.0,0.0,0.0,0.0,0.0,0.0,0.66352344
RNF4,0.0,0.0,0.0,0.0,0.2875988,0.0,0.0,0.0,0.0,0.0,0.0,0.0,0.0,0.0,0.0,0.0,0.0,0.0,0.0,0.0,0.0,0.0,0.0,0.0,0.23462802,0.0,0.0,0.0,0.0,0.0,0.0,0.0,0.0,0.0,0.0,0.0,0.0,0.0,0.0,0.0,0.0,0.0
TNIP2,0.0,0.0,0.0,0.0,0.0,0.0,0.0,0.0,0.0,0.18155362,0.0,0.0,0.0,0.0,0.0,0.0,0.0,0.0,0.0,0.0,0.0,0.0,0.0,0.0,0.0,0.0,0.0,0.0,0.0,0.0,0.0,0.0,0.0,0.0,0.0,0.0,0.0,0.0,0.0,0.0,0.0,0.0
SH3BP2,0.0,0.0,0.0,0.0,0.0,0.0,0.42200556,0.0,0.0,0.0,0.0,0.5950968,0.0,0.0,0.0,0.0,0.0,0.0,0.0,0.0,0.0,0.0,0.935845,0.0,0.0,0.0,0.0,0.0,0.0,0.0,0.0,0.0,0.0,0.0,0.0,0.0,0.0,0.0,0.0,0.0,0.0,0.0
ADD1,0.0,0.0,0.0,0.20871979,0.7022117,0.0,0.44636363,0.31008708,0.0,0.0,0.89209247,0.0,0.0,0.0,0.7355936,0.0,0.0,0.0,0.0,0.0,0.0,0.0,0.0,0.0,0.14557157,0.0,0.0,0.0,0.0,0.0,0.0,0.0,0.0,0.0,0.0,0.0,0.0,0.0,0.0,0.0,0.0,0.6859389
MFSD10,0.0,0.0,0.0,0.6907899,0.0,0.28951037,0.44408643,0.0,0.0,0.36239028,0.0,0.0,0.0,0.0,0.0,0.0,0.0,0.0,0.0,0.0,0.0,0.0,0.0,0.0,0.0,0.0,0.0,0.46975,0.0,0.0,0.0,0.0,0.0,0.0,0.0,0.0,0.0,0.0,0.0,0.0,0.0,0.0
NOP14,0.0,0.0,0.0,0.0,0.0,0.0,0.0,0.41530126,0.0,0.0,0.0,0.0,0.0,0.0,0.0,0.0,0.0,0.0,0.0,0.0,0.0,0.0,0.0,0.0,0.17517093,0.0,0.0,0.0,0.0,0.0,0.0,0.0,0.0,0.0,0.0,0.0,0.0,0.0,0.0,0.0,0.0,0.0
HTT,0.0,0.0,0.0,0.0,0.0,0.34146005,0.0,0.0,0.0,0.0,0.0,0.0,0.0,0.0,0.0,0.0,0.0,0.0,0.0,0.0,0.0,0.0,0.0,0.0,0.0,0.0,0.0,0.0,0.0,0.0,0.0,0.0,0.0,0.0,0.0,0.0,0.0,0.0,0.0,0.0,0.0,0.0
RGS12,0.0,0.0,0.0,0.0,0.0,0.0,0.0,0.0,0.0,0.18083665,0.0,0.0,0.0,0.0,0.0,0.0,0.0,0.0,0.0,0.0,0.0,0.0,0.0,0.0,0.0,0.0,0.0,0.0,0.0,0.0,0.0,0.0,0.0,0.0,0.0,0.0,0.0,0.0,0.0,0.0,0.0,0.0
LRPAP1,0.0,0.4366376,0.0,0.5137907,0.6501546,0.4165121,0.5467275,0.20543616,0.0,0.21446666,0.0,0.95204604,0.0,0.0,0.0,0.0,0.0,0.0,0.0,0.0,0.0,0.0,0.66617405,0.73137444,0.9053166,0.0,0.0,0.3673047,0.0,0.0,0.0,0.0,0.0,0.0,0.0,0.0,0.0,0.0,0.0,0.0,0.0,0.46348682
LYAR,0.0,0.0,0.0,0.0,1.0136994,0.0,0.0,0.7820865,0.0,0.0,0.0,0.0,0.0,1.3377782,0.0,0.0,0.0,0.0,0.0,1.1166663,0.0,0.0,0.0,0.0,0.36329395,0.0,0.0,0.0,0.0,0.0,0.0,1.6714084,0.0,1.5430291,0.0,0.0,0.0,0.0,1.5133021,0.8403492,0.0,0.0
STX18,0.0,0.0,0.0,0.0,0.0,0.0,0.0,0.0,0.0,0.4153542,0.0,0.0,0.0,0.0,0.0,0.0,0.0,0.0,0.0,0.0,0.0,0.0,0.0,0.0,0.0,0.0,0.0,0.0,0.0,0.0,0.0,0.0,0.0,0.0,0.0,0.0,0.0,0.0,0.0,0.0,0.0,0.0
CYTL1,0.0,0.0,0.0,0.0,0.0,0.0,0.0,0.48976022,0.0,0.0,0.0,0.0,0.0,0.0,0.0,0.0,0.0,0.0,0.0,0.0,0.0,0.0,0.0,0.0,0.0,0.0,0.0,0.0,0.0,0.0,0.0,0.0,0.0,0.0,0.0,0.0,0.0,0.0,0.0,0.0,0.0,0.0
MRFAP1,0.0,0.0,0.0,0.3765518,0.61093223,0.37967432,0.5908609,0.49158195,0.0,0.0,0.0,0.5221987,0.7257168,0.0,0.0,0.0,0.0,0.0,0.0,0.0,0.0,0.0,0.41756284,0.0,0.24427398,0.0,0.0,0.46989837,0.0,0.0,0.79236114,0.0,0.8857933,0.0,0.9386081,0.8368124,0.8365489,0.9070905,0.0,0.82320654,0.0,0.0
MRFAP1L1,0.0,0.0,0.0,0.0,0.0,0.0,0.0,0.13217042,0.0,0.18155362,0.0,0.0,0.0,0.0,0.0,0.0,0.0,0.0,0.0,0.0,0.0,0.0,0.0,0.0,0.0,0.0,0.0,0.0,0.0,0.0,0.0,0.0,0.0,0.0,0.0,0.0,0.0,0.0,0.0,0.0,0.0,0.0
GRPEL1,0.0,0.0,0.0,0.0,0.0,0.0,0.36097383,0.5035292,0.0,0.0,0.0,0.0,1.141807,0.0,0.0,0.0,0.0,0.0,0.0,0.0,0.0,0.0,0.0,0.0,0.16683619,0.0,0.0,0.0,0.0,0.0,0.0,0.0,0.0,0.0,0.0,0.0,0.0,0.0,0.0,0.0,0.0,0.0
SH3TC1,0.0,0.0,0.0,0.0,0.0,0.3828968,0.0,0.0,0.0,0.0,0.0,0.0,1.1757209,0.0,0.0,0.0,0.0,0.0,0.0,0.0,0.0,0.0,0.0,0.0,0.0,0.0,1.0943637,0.0,0.0,0.0,0.0,0.0,0.0,0.0,0.0,0.0,0.0,0.0,0.0,0.0,0.0,0.0
WDR1,0.0,0.0,0.66590595,0.89195096,1.1462545,1.0090783,0.8827622,0.57054484,0.0,0.97232634,0.0,1.0393877,0.7458428,0.0,0.0,0.0,0.0,2.1896384,0.0,0.0,0.0,0.0,0.9348037,0.0,0.53859997,0.0,0.0,0.48274168,0.19500414,0.0,0.0,0.0,0.0,0.0,0.0,0.0,0.0,0.81106913,0.0,0.0,0.0,0.8684605
CLNK,0.0,0.0,0.0,0.0,0.0,0.8421878,0.0,0.0,0.0,0.0,0.0,0.0,0.0,0.0,0.0,0.0,0.0,0.0,0.0,0.0,0.0,0.0,0.0,0.0,0.0,0.0,0.0,0.0,0.0,0.0,0.0,0.0,0.0,0.0,0.0,0.0,0.0,0.0,0.0,0.0,0.0,0.0
BOD1L1,0.98554105,0.0,0.688357,0.7027653,0.7337601,0.4580726,0.8378116,0.12689343,0.0,0.6587094,0.7733425,0.0,0.44090223,0.0,0.0,0.0,0.0,0.0,0.7434635,0.0,0.8674531,0.0,0.5290234,0.1304064,0.39370456,0.0,0.0,0.44625816,0.0,0.0,0.0,0.0,0.0,0.0,0.0,0.0,0.0,0.0,0.0,0.0,0.0,0.73415816
FBXL5,0.0,0.0,1.0655715,0.61428255,0.0,0.0,0.42200556,0.12609394,0.0,0.0,0.0,0.0,0.0,0.0,0.0,0.0,0.0,0.0,0.0,0.0,0.0,0.0,0.0,0.0,0.0,0.0,0.0,0.0,0.0,0.0,0.0,0.0,0.0,0.0,0.0,0.0,0.0,0.0,0.0,0.0,0.0,0.0
FAM200B,0.0,0.0,0.0,0.0,0.0,0.0,0.0,0.0,0.0,0.18083665,0.0,0.0,0.0,0.0,0.0,0.0,0.0,0.0,0.0,0.0,0.0,0.0,0.0,0.0,0.0,0.0,0.0,0.0,0.0,0.0,0.0,0.0,0.0,0.0,0.0,0.0,0.0,0.0,0.0,0.0,0.0,0.0
BST1,0.0,0.0,0.0,0.187832,0.0,0.0,0.0,0.0,0.0,0.0,0.0,0.0,0.0,0.0,0.0,0.0,0.0,0.0,0.0,0.0,0.0,0.0,0.0,0.0,0.0,0.0,0.0,0.0,0.0,0.0,0.0,0.0,0.0,0.0,0.0,0.0,0.0,0.0,0.0,0.0,0.0,0.0
CD38,0.0,0.0,0.0,0.0,0.800495,0.37093928,0.0,0.0,0.0,0.0,0.0,0.0,0.0,0.0,0.0,0.0,0.0,0.0,0.0,0.0,0.0,0.0,0.0,1.0295101,1.1741374,1.6700978,0.76748186,0.42319,0.0,0.0,0.0,0.0,0.0,0.0,0.0,0.0,0.0,0.0,0.0,0.0,0.0,0.0
FGFBP2,0.0,0.0,0.0,0.0,1.5300915,0.0,0.0,0.0,0.0,0.0,0.0,0.0,0.0,0.0,0.0,0.0,0.0,0.0,0.0,2.254508,0.0,0.0,0.0,0.0,0.0,0.0,0.0,0.0,0.0,0.0,0.0,1.6636481,0.0,0.0,0.0,0.0,0.0,0.0,0.0,0.0,0.0,0.0
QDPR,0.0,0.0,0.0,0.0,0.0,0.0,0.0,0.19879156,0.0,0.0,0.0,0.0,0.0,0.0,0.0,0.0,0.0,0.0,0.0,0.0,0.0,0.0,0.0,0.0,0.0,0.0,0.0,0.0,0.0,0.0,0.0,0.0,0.0,0.0,0.0,0.0,0.0,0.0,0.0,0.0,0.0,0.0
LAP3,0.0,0.0,0.0,0.5500977,0.0,1.0371783,0.9847698,0.49653268,0.0,0.41463724,0.0,0.8423759,0.5578004,0.0,0.0,0.0,0.0,0.0,0.0,0.0,0.0,0.0,0.6562539,0.27069682,0.53279656,0.0,0.0,0.25429016,0.0,0.0,0.0,0.0,0.0,0.0,0.0,0.0,0.0,0.0,0.0,0.0,0.0,0.7531122
MED28,0.0,0.0,0.0,0.0,0.0,0.40020192,0.42200556,0.45072636,0.0,0.18155362,0.0,0.0,0.0,0.0,0.0,0.0,0.0,0.0,0.0,0.0,0.0,0.0,0.0,0.0,0.17393991,0.0,0.0,0.35666007,0.0,0.0,0.0,0.0,0.0,0.0,0.0,0.0,0.0,0.0,0.0,0.0,0.0,0.0
NCAPG,0.0,0.0,0.0,0.0,0.0,0.0,0.0,0.15667476,0.0,0.0,0.0,0.0,0.0,0.0,0.0,0.0,0.0,0.0,0.0,0.0,0.0,0.0,0.0,0.0,0.20105934,0.0,0.0,0.0,0.0,0.0,0.0,0.0,0.0,0.0,0.0,0.0,0.0,0.0,0.0,0.0,0.0,0.0
LCORL,0.0,0.0,0.0,0.0,0.0,0.0,0.0,0.0,0.0,0.18155362,0.0,0.0,0.0,0.0,0.0,0.0,0.0,0.0,0.0,0.0,0.0,0.0,0.0,0.0,0.0,0.0,0.0,0.0,0.0,0.0,0.0,0.0,0.0,0.0,0.0,0.0,0.0,0.0,0.0,0.0,0.0,0.0
DHX15,0.0,0.0,0.0,0.393399,0.0,0.0,0.0,0.51235026,0.0,0.6774324,0.0,0.0,0.0,0.0,0.0,0.0,0.0,0.0,0.0,0.0,0.0,0.0,0.0,0.0,0.20240685,0.0,0.0,0.34850138,0.0,0.0,0.0,0.0,0.0,0.0,0.0,0.0,0.0,0.0,0.0,0.0,0.0,0.0
SEL1L3,1.1365354,0.0,0.0,0.0,0.0,0.0,0.0,0.0,0.0,0.23380059,0.0,0.0,0.0,0.0,0.0,0.0,0.0,0.0,0.8516928,0.0,0.0,0.0,0.0,0.80206645,0.657506,0.0,0.0,0.0,0.0,0.0,0.0,0.0,0.0,0.0,0.0,0.0,0.0,0.0,0.0,0.0,0.0,1.0618663
SMIM20,0.0,0.0,0.0,0.0,0.0,0.0,0.0,0.0,0.0,0.0,0.0,0.0,0.0,0.0,0.0,0.0,0.0,0.0,0.0,0.0,0.0,0.0,0.0,0.0,0.21339111,0.0,0.0,0.0,0.0,0.0,0.0,0.0,0.0,0.0,0.0,0.0,0.0,0.0,0.0,0.0,0.0,0.0
RBPJ,0.0,0.0,0.8607197,0.75581294,0.0,0.59331524,1.0069784,0.1166251,0.0,0.0,0.0,0.7063019,0.0,0.0,0.0,0.0,0.0,0.0,0.0,0.0,0.0,0.0,0.49540424,0.0,0.16632998,0.0,0.0,0.3803918,0.0,0.0,0.0,0.0,0.0,0.0,0.0,0.0,0.0,0.0,0.0,0.0,0.0,0.0
STIM2,0.0,0.0,0.0,0.0,0.0,0.0,0.29905957,0.0,0.0,0.0,0.0,0.0,0.0,0.0,0.0,0.0,0.0,0.0,0.0,0.0,0.0,0.0,0.0,0.0,0.17029929,0.0,0.0,0.0,0.0,0.0,0.0,0.0,0.0,0.0,0.0,0.0,0.0,0.0,0.0,0.0,0.0,0.0
ARAP2,0.0,0.0,0.0,0.0,0.5306957,0.0,0.0,0.0,0.0,0.0,0.0,0.0,0.0,0.0,0.0,0.0,0.0,0.0,0.0,0.0,0.5404949,0.0,0.0,0.0,0.0,0.0,1.0581769,0.0,0.0,0.0,0.0,0.0,0.0,0.0,0.0,0.0,0.0,0.0,0.88204247,0.0,0.0,0.0
PGM2,0.0,0.0,0.0,0.0,0.0,0.0,0.0,0.14484286,0.0,0.18155362,0.0,0.0,0.0,0.0,0.0,0.0,0.0,0.0,0.0,0.0,0.0,0.0,0.0,0.0,0.0,0.0,0.0,0.0,0.0,0.0,0.0,0.0,0.0,0.0,0.0,0.0,0.0,0.0,0.0,0.0,0.0,0.0
TBC1D1,0.0,0.0,0.0,0.5226878,0.0,0.0,0.39810312,0.0,0.0,0.49282485,0.0,0.0,0.0,0.0,0.0,0.0,0.0,0.0,0.0,0.0,0.0,0.0,0.45308053,0.0,0.2958905,1.4083169,0.0,0.0,0.0,0.0,0.0,0.0,0.0,0.0,0.0,0.0,0.0,0.0,0.0,0.0,0.0,0.0
KLF3,0.0,0.0,0.0,0.0,0.0,0.53241324,0.57687026,0.45518726,0.0,0.0,0.0,0.5046885,0.0,0.0,0.0,0.0,0.0,0.0,0.0,0.0,0.0,0.0,0.9455805,0.0,0.0,0.0,0.99275464,0.0,0.0,0.0,0.0,0.98791534,0.0,0.0,0.0,0.0,0.0,0.0,0.0,0.0,0.0,0.0
TLR10,0.0,0.0,0.0,0.0,0.0,0.0,0.0,0.0,0.0,0.23380059,0.0,0.0,0.0,0.0,0.0,0.0,0.0,0.0,0.0,0.0,0.0,0.0,0.0,0.0,0.0,0.0,0.0,0.0,0.0,0.0,0.0,0.0,0.0,0.0,0.0,0.0,0.0,0.0,0.0,0.0,0.0,0.0
TMEM156,0.0,0.0,0.0,0.0,0.0,0.0,0.0,0.0,0.0,0.0,0.0,0.0,0.0,0.0,0.0,0.0,0.0,0.0,0.0,0.0,0.0,0.0,0.0,0.3237643,0.30944383,0.0,0.0,0.0,0.0,0.0,0.0,0.0,0.0,0.0,0.0,0.0,0.0,0.0,0.0,0.0,0.0,0.0
RFC1,0.0,0.0,0.0,0.28306174,0.8503572,0.0,0.35920435,0.40514868,0.0,0.42031318,0.0,0.0,0.0,0.0,0.0,0.0,0.0,0.0,0.0,0.0,0.0,0.0,0.0,0.18200545,0.6228536,0.0,0.0,0.3813377,0.0,0.0,0.0,0.0,0.0,0.0,0.0,0.0,0.0,0.0,0.0,0.0,0.0,0.0
RPL9,3.2810652,2.596922,2.9278293,3.1051831,2.302317,3.0181398,3.2065632,3.3847501,2.5980005,2.5505025,3.3544133,2.7485447,2.5365725,3.2706373,3.6375306,3.271784,3.2973106,2.2422988,3.5024738,2.6228402,3.0536501,3.4378662,2.6763334,1.8385346,2.8124118,2.8355138,2.8864765,3.6289382,3.095049,0.0,3.6935744,2.8996646,3.6875327,3.0200922,3.9348714,3.5396624,3.7195292,3.4339304,3.0684536,3.19238,3.3827827,3.3956156
SMIM14,1.0556045,0.0,0.0,0.0,0.0,0.53241324,0.3546848,0.0,0.0,0.0,0.0,0.0,0.0,0.0,0.7355936,0.0,0.0,0.0,0.0,0.0,0.0,0.0,0.0,0.0,0.0,0.0,0.0,0.0,0.0,0.0,0.0,0.0,0.0,0.0,0.0,0.0,0.0,0.0,0.0,0.0,0.0,0.94115835
UBE2K,0.0,0.0,0.0,0.41201264,0.0,0.41900888,0.43932745,0.4362989,0.0,0.0,0.0,0.0,0.5578004,0.0,0.0,0.0,0.0,0.0,0.0,0.0,0.0,0.0,0.0,0.0,0.35186845,0.0,0.0,0.33792645,0.0,0.0,0.0,0.0,0.0,0.0,0.0,0.0,0.0,0.0,0.0,0.0,0.0,0.56768644
PDS5A,0.0,0.0,0.0,0.30567145,0.54719734,0.0,0.3996023,0.334157,0.0,0.18083665,0.0,0.0,0.0,0.0,0.0,0.0,0.0,0.0,0.0,0.0,0.0,0.0,0.0,0.0,0.22705108,0.0,0.0,0.29917035,0.0,0.0,0.0,0.0,0.0,0.0,0.0,0.0,0.0,0.0,0.0,0.0,0.0,0.0
N4BP2,0.0,0.0,0.0,0.0,0.0,0.0,0.30505306,0.0,0.0,0.0,0.0,0.0,0.0,0.0,0.0,0.0,0.0,0.0,0.0,0.0,0.0,0.0,0.0,0.0,0.0,0.0,0.0,0.0,0.0,0.0,0.0,0.0,0.0,0.0,0.0,0.0,0.0,0.0,0.0,0.0,0.0,0.6728174
RHOH,1.1405746,0.0,0.0,0.0,0.0,0.0,0.0,0.0,0.0,0.0,0.0,0.0,0.0,0.8893249,1.1548164,0.0,0.0,0.0,0.9420328,0.0,0.0,1.2762874,0.0,0.27917632,0.33298343,1.523505,0.0,0.0,0.68989944,0.0,1.1916552,0.8713536,1.2513363,0.0,1.1957417,1.0052845,1.187046,1.3124266,1.1130857,1.094496,1.3714793,0.0
RBM47,0.0,0.0,0.44855213,0.37739715,0.0,0.0,0.38839248,0.0,0.0,0.0,0.0,0.72981226,0.91374826,0.0,0.0,0.0,0.0,0.0,0.0,0.0,0.0,0.0,0.0,0.0,0.14598884,0.0,0.0,0.0,0.0,0.0,0.0,0.0,0.0,0.0,0.0,0.0,0.0,0.0,0.0,0.0,0.0,0.0
TMEM33,0.0,0.0,0.0,0.31983316,0.0,0.0,0.0,0.0,0.0,0.0,0.0,0.0,0.0,0.0,0.0,0.0,0.0,0.0,0.0,0.0,0.0,0.0,0.0,0.0,0.15978293,0.0,0.0,0.0,0.0,0.0,0.0,0.0,0.0,0.0,0.0,0.0,0.0,0.0,0.0,0.0,0.0,0.0
SLC30A9,0.0,0.0,0.0,0.0,0.0,0.0,0.0,0.23079851,0.0,0.0,0.0,0.0,0.0,0.0,0.0,0.0,0.0,0.0,0.0,0.0,0.0,0.0,0.0,0.0,0.0,0.0,0.0,0.0,0.0,0.0,0.0,0.0,0.0,0.0,0.0,0.0,0.0,0.0,0.0,0.0,0.0,0.0
COMMD8,0.0,0.0,0.0,0.0,0.0,0.0,0.40476632,0.0,0.0,0.0,0.0,0.0,0.0,0.0,0.0,0.0,0.0,0.0,0.0,0.0,0.0,0.0,0.0,0.0,0.15884948,0.0,0.0,0.0,0.0,0.0,0.0,0.0,0.0,0.0,0.0,0.0,0.0,0.0,0.0,0.0,0.0,0.0
TXK,0.0,0.0,0.0,0.0,0.6254169,0.0,0.0,0.0,0.0,0.0,0.0,0.0,0.0,0.0,0.0,0.0,0.0,0.0,0.0,1.1864134,1.2496476,0.0,0.0,0.0,0.0,0.0,0.0,0.0,0.0,0.0,0.0,0.0,0.0,0.0,0.0,0.0,0.0,0.0,0.0,0.0,0.0,0.0
SLAIN2,0.0,0.0,0.0,0.0,0.0,0.0,0.0,0.0,0.0,0.47349092,0.0,0.0,0.0,0.0,0.0,0.0,0.0,0.0,0.0,0.0,0.0,0.0,0.0,0.0,0.0,0.0,0.0,0.0,0.0,0.0,0.0,0.0,0.0,0.0,0.0,0.0,0.0,0.0,0.0,0.0,0.0,0.0
FRYL,0.0,0.0,0.0,0.0,0.2414438,0.0,0.0,0.0,0.0,0.3960203,0.0,0.0,0.0,0.0,0.0,0.0,0.0,0.0,0.0,0.0,0.0,0.0,0.0,0.0,0.0,0.0,0.0,0.0,0.0,0.0,0.0,0.0,0.0,0.0,0.0,0.0,0.0,0.0,0.0,0.0,0.0,0.0
OCIAD1,0.0,0.0,0.0,0.3597383,0.64103043,0.47506863,0.76818347,0.7120877,0.0,0.36239028,0.72809076,0.0,0.0,0.0,0.6868571,0.0,0.0,0.0,0.0,0.0,0.0,0.0,0.4540597,0.27620402,0.5445607,0.0,0.0,0.67509633,0.0,0.0,0.0,0.0,0.7836017,0.0,0.7256894,0.0,0.0,0.0,0.0,0.0,0.0,0.7843333
OCIAD2,0.0,0.0,0.0,0.0,0.0,0.0,0.0,0.3961457,0.0,0.0,0.0,0.0,0.0,0.0,0.0,0.0,0.0,0.0,0.0,0.0,0.0,0.0,0.0,0.0,0.17517093,0.0,0.0,0.0,0.0,0.0,0.0,0.0,0.0,0.0,0.0,0.0,0.0,0.8641805,0.0,0.0,0.0,0.58466613
DANCR,0.0,0.0,0.0,0.0,0.0,0.41057968,0.0,1.3488694,0.0,0.0,0.0,0.0,0.0,0.0,0.0,0.0,0.0,0.0,0.0,0.0,0.0,0.0,0.0,0.73701125,1.3312162,0.0,0.0,0.586427,0.0,0.0,0.0,0.0,0.0,0.0,0.0,0.0,0.0,0.0,0.0,0.0,0.0,0.7588636
SCFD2,0.0,0.0,0.0,0.0,0.0,0.0,0.0,0.0,0.0,0.0,0.0,0.0,0.44090223,0.0,0.0,0.0,0.0,0.0,0.0,0.0,0.0,0.0,0.0,0.0,0.0,0.0,0.0,0.0,0.0,0.0,0.0,0.0,0.0,0.0,0.0,0.0,0.0,0.0,0.0,0.0,0.0,0.0
FIP1L1,0.0,0.0,0.0,0.0,0.4398874,0.0,0.3404857,0.34889594,0.0,0.47256014,0.0,0.0,0.0,0.0,0.0,0.0,0.0,0.0,0.0,0.0,0.0,0.0,0.0,0.0,0.3683824,0.0,0.0,0.0,0.0,0.0,0.0,0.0,0.0,0.0,0.0,0.0,0.0,0.0,0.0,0.0,0.0,0.433356
KIT,0.0,0.0,0.0,0.0,0.0,0.0,0.0,0.0,0.0,0.0,1.064357,0.0,0.0,0.0,0.0,0.0,0.0,0.0,0.0,0.0,0.0,0.0,0.0,0.0,0.0,0.0,0.0,0.0,0.0,0.0,0.0,0.0,0.0,0.0,0.0,0.0,0.0,0.0,0.0,0.0,0.0,0.0
SRD5A3,0.0,0.0,0.0,0.0,0.0,0.0,0.0,0.10066527,0.0,0.0,0.0,0.0,0.0,0.0,0.0,0.0,0.0,0.0,0.0,0.0,0.0,0.0,0.0,0.0,0.0,0.0,0.0,0.0,0.0,0.0,0.0,0.0,0.0,0.0,0.0,0.0,0.0,0.0,0.0,0.0,0.0,0.0
TMEM165,0.0,0.0,0.0,0.4388617,0.0,0.3139043,0.41449797,0.53445274,0.0,0.0,0.0,0.0,0.5578004,0.0,0.0,0.0,0.0,0.0,0.0,0.0,0.0,0.0,0.0,0.0,0.39824772,0.0,0.0,0.27984482,0.0,0.0,0.0,0.0,0.0,0.0,0.0,0.0,0.0,0.0,0.0,0.0,0.0,0.46348682
NMU,0.0,0.0,0.0,0.0,0.0,0.0,0.0,0.53492117,0.0,0.0,0.0,0.0,0.0,0.0,0.0,0.0,0.0,0.0,0.0,0.0,0.0,0.0,0.0,0.0,0.0,0.0,0.0,0.0,0.0,0.0,0.0,0.0,0.0,0.0,0.0,0.0,0.0,0.0,0.0,0.0,0.0,0.0
EXOC1,0.0,0.0,0.0,0.0,0.0,0.0,0.0,0.0,0.0,0.18155362,0.0,0.0,0.0,0.0,0.0,0.0,0.0,0.0,0.0,0.0,0.0,0.0,0.0,0.0,0.0,0.0,0.0,0.0,0.0,0.0,0.0,0.0,0.0,0.0,0.0,0.0,0.0,0.0,0.0,0.0,0.0,0.0
PPAT,0.0,0.0,0.0,0.0,0.0,0.0,0.0,0.15994428,0.0,0.0,0.0,0.0,0.0,0.0,0.0,0.0,0.0,0.0,0.0,0.0,0.0,0.0,0.0,0.0,0.0,0.0,0.0,0.0,0.0,0.0,0.0,0.0,0.0,0.0,0.0,0.0,0.0,0.0,0.0,0.0,0.0,0.0
PAICS,0.0,0.0,0.0,0.0,0.0,0.0,0.0,1.2785842,0.0,0.23380059,0.0,0.0,0.0,0.0,0.0,0.0,0.0,0.0,0.0,0.0,0.0,0.0,0.0,0.0,0.54594725,0.0,0.0,0.53017914,0.0,0.0,0.0,0.0,0.0,0.0,0.0,0.0,0.0,0.0,0.0,0.0,0.0,0.0
SRP72,0.0,0.0,0.0,0.7025279,0.62139904,0.54746395,0.79651767,0.9124752,0.0,0.79216564,0.59476876,0.0,0.0,0.0,0.0,0.0,0.0,0.0,0.0,0.0,0.0,0.0,0.0,0.39798272,1.0415897,0.0,0.0,0.8934299,0.0,0.0,0.0,0.0,0.0,0.0,0.0,0.0,0.0,0.0,0.0,0.0,0.0,0.9512316
HOPX,0.0,0.0,0.0,0.0,1.7201967,0.0,0.0,0.0,0.0,0.0,0.0,0.0,0.0,0.0,0.0,0.0,0.0,0.0,0.0,1.901083,1.2732241,0.0,0.0,0.0,0.0,0.0,0.0,0.0,0.0,0.0,0.0,1.4110979,0.0,1.1591516,0.0,0.0,0.0,0.0,0.0,0.0,1.0624948,0.0
REST,0.0,0.0,0.0,0.0,0.0,0.37913528,0.37619096,0.22968036,0.0,0.25902426,0.0,0.0,0.0,0.0,0.77814996,0.0,0.0,0.0,0.0,0.0,0.0,0.0,0.0,0.0,0.124119386,0.0,0.0,0.2455294,0.0,0.0,0.0,0.0,0.0,0.0,0.0,0.0,0.0,0.0,0.0,0.0,0.0,0.0
NOA1,0.0,0.0,0.0,0.0,0.0,0.0,0.0,0.18934622,0.0,0.3953033,0.0,0.0,0.0,0.0,0.0,0.0,0.0,0.0,0.0,0.0,0.0,0.0,0.0,0.0,0.0,0.0,0.0,0.0,0.0,0.0,0.0,0.0,0.0,0.0,0.0,0.0,0.0,0.0,0.0,0.0,0.0,0.0
POLR2B,0.0,0.0,0.0,0.0,0.41711545,0.0,0.0,0.19883715,0.0,0.25902426,0.0,0.0,0.0,0.0,0.0,0.0,0.0,0.0,0.0,0.0,0.0,0.0,0.0,0.0,0.22223727,0.0,0.0,0.0,0.0,0.0,0.0,0.0,0.0,0.0,0.0,0.0,0.0,0.0,0.0,0.0,0.0,0.0
IGFBP7,0.0,0.0,0.0,1.0557574,1.3053613,0.5072514,0.85070276,0.0,0.0,0.0,0.0,0.0,0.0,0.0,0.0,0.0,0.0,0.0,0.0,1.082025,0.0,0.0,0.0,0.0,0.0,0.0,0.0,1.177798,0.0,0.0,0.0,0.0,0.0,0.0,0.0,0.0,0.0,0.0,0.0,0.0,0.0,0.0
CENPC,0.0,0.0,0.0,0.0,0.64021385,0.0,0.3044914,0.0,0.0,0.6783769,0.72809076,0.0,0.0,0.0,0.0,0.0,0.0,0.0,0.0,0.0,0.5734411,0.0,0.0,0.0,0.19428341,0.0,0.0,0.22484797,0.0,0.0,0.0,0.0,0.0,0.0,0.0,0.0,0.0,0.52041966,0.0,0.0,0.74956125,0.0
STAP1,0.0,0.0,0.0,0.0,0.0,0.0,0.0,0.0,0.0,0.18155362,0.0,0.0,0.0,0.0,0.0,0.0,0.0,0.0,0.0,0.0,0.0,0.0,0.0,0.0,0.0,0.0,0.0,0.0,0.0,0.0,0.0,0.0,0.0,0.0,0.0,0.0,0.0,0.0,0.0,0.0,0.0,0.0
UBA6,0.0,0.0,0.0,0.28306174,0.0,0.0,0.0,0.0,0.0,0.18083665,0.0,0.0,0.44090223,0.0,0.0,0.0,0.0,0.0,0.0,0.0,0.0,0.0,0.0,0.0,0.1720261,0.0,0.0,0.0,0.0,0.0,0.0,0.0,0.0,0.0,0.0,0.0,0.0,0.0,0.0,0.0,0.0,0.0
YTHDC1,0.5121089,0.0,0.0,0.5835873,0.7224314,0.0,0.49489614,0.20019104,0.0,0.21446666,0.5784484,0.0,0.5578004,0.0,1.1810663,0.0,0.0,0.0,0.0,0.0,0.86610234,0.0,0.0,0.21866085,0.42435038,0.0,0.0,0.42670864,0.0,0.0,0.0,0.0,0.0,0.0,0.0,0.0,0.7308715,0.5910766,0.0,0.0,0.0,0.63080573
JCHAIN,0.0,0.0,0.0,0.0,0.0,0.0,0.0,0.0,0.0,0.0,0.0,0.0,0.0,0.0,0.0,0.0,0.0,0.0,0.0,0.0,0.0,0.0,0.0,2.7237685,3.305508,0.0,0.0,0.0,0.0,0.0,0.0,0.0,0.0,0.0,0.0,0.0,0.0,0.0,0.0,0.0,0.0,2.6125648
UTP3,0.0,0.0,0.0,0.0,0.0,0.0,0.0,0.0,0.0,0.0,0.0,0.0,0.0,0.0,0.0,0.0,0.0,0.0,0.0,0.0,0.0,0.0,0.0,0.0,0.13131355,0.0,0.0,0.0,0.0,0.0,0.0,0.0,0.0,0.0,0.0,0.0,0.0,0.0,0.0,0.0,0.0,0.0
RUFY3,0.0,0.0,0.0,0.0,0.0,0.0,0.43283626,0.0,0.0,0.0,0.0,0.0,0.0,0.0,0.0,0.0,0.0,0.0,0.0,0.0,0.0,0.0,0.0,0.0,0.0,0.0,0.0,0.0,0.0,0.0,0.0,0.0,0.0,0.0,0.0,0.0,0.0,0.0,0.0,0.0,0.0,0.0
GRSF1,0.0,0.0,0.0,0.0,0.0,0.41057968,0.48373562,0.5469114,0.0,0.18155362,0.0,0.0,0.0,0.0,0.0,0.0,0.0,0.0,0.0,0.0,0.0,0.0,0.0,0.0,0.23452023,0.0,0.0,0.21906415,0.0,0.0,0.0,0.0,0.0,0.0,0.0,0.0,0.0,0.0,0.0,0.0,0.0,0.7383777
DCK,0.0,0.0,0.0,0.0,0.6065874,0.0,0.0,0.27202302,0.0,0.41463724,0.0,0.0,0.0,0.0,0.0,0.0,0.0,0.0,0.0,0.0,0.0,0.0,0.0,0.0,0.0,0.0,0.99275464,0.0,0.0,0.0,0.0,0.0,0.0,0.0,0.0,0.0,0.0,0.0,0.0,0.0,0.0,0.6945025
ANKRD17,0.0,0.0,0.0,0.0,0.0,0.0,0.3762196,0.19736072,0.0,0.0,0.0,0.0,0.7458428,0.0,0.0,0.0,0.0,0.0,0.0,0.0,0.0,0.0,0.0,0.0,0.13131355,0.0,0.0,0.18568802,0.0,0.0,0.0,0.0,0.0,0.0,0.0,0.0,0.0,0.0,0.0,0.0,0.0,0.0
CXCL8,0.0,0.0,1.80384,0.9226986,0.0,0.0,0.0,0.0,0.0,0.0,0.0,3.3057182,0.0,0.0,0.0,0.0,1.3773229,0.0,0.0,0.0,0.0,0.0,0.0,0.0,0.0,0.0,0.0,0.0,0.0,0.0,0.0,0.0,0.0,0.0,0.0,0.0,0.0,0.0,0.0,0.0,0.0,0.0
PF4,0.0,0.0,0.0,0.0,0.0,0.0,0.0,0.0,0.0,0.0,0.0,0.0,0.0,0.0,0.0,0.0,0.0,3.7679505,0.0,0.0,0.0,0.0,0.0,0.0,0.0,0.0,0.0,0.0,0.0,0.0,0.0,0.0,0.0,0.0,0.0,0.0,0.0,0.0,0.0,0.0,0.0,0.0
PPBP,0.0,0.0,0.0,0.0,0.0,0.0,0.0,0.0,0.0,0.0,0.0,0.0,0.0,0.0,0.0,0.0,0.0,4.549883,0.0,0.0,0.0,0.0,0.0,0.0,0.0,0.0,0.0,0.0,0.0,0.0,0.0,0.0,0.0,0.0,0.0,0.0,0.0,0.0,0.0,0.0,0.0,0.0
CXCL3,0.0,0.0,0.0,0.0,0.0,0.0,0.0,0.0,0.0,0.0,0.0,2.5770774,0.0,0.0,0.0,0.0,0.0,0.0,0.0,0.0,0.0,0.0,0.0,0.0,0.0,0.0,0.0,0.0,0.0,0.0,0.0,0.0,0.0,0.0,0.0,0.0,0.0,0.0,0.0,0.0,0.0,0.0
CXCL2,0.0,0.0,0.0,0.0,0.0,0.0,0.0,0.0,0.0,0.0,0.0,3.4286797,0.91374826,0.0,0.0,0.0,0.0,0.0,0.0,0.0,0.0,0.0,0.0,0.0,0.0,0.0,0.0,0.0,0.0,0.0,0.0,0.0,0.0,0.0,0.0,0.0,0.0,0.0,0.0,0.0,0.0,0.0
EREG,0.0,0.0,0.0,0.0,0.0,0.0,0.41778326,0.0,0.0,0.0,0.0,2.3143697,0.44090223,0.0,0.0,0.0,2.0059602,0.0,0.0,0.0,0.0,0.0,0.0,0.0,0.0,0.0,0.0,0.5872052,0.0,0.0,0.0,0.0,0.0,0.0,0.0,0.0,0.0,0.0,0.0,0.0,0.0,0.0
AREG,0.0,0.0,0.0,0.0,1.0796782,1.3478141,2.6033285,0.0,0.0,0.0,2.1076543,2.2425704,0.91374826,0.0,0.0,0.3876987,2.6618805,0.0,0.0,2.1590421,2.5089793,0.0,0.0,0.0,0.0,0.0,0.0,0.0,0.6223186,0.0,0.74124134,0.0,0.9901957,0.0,0.96451277,1.3600318,0.0,0.0,0.0,0.0,0.0,1.2091733
G3BP2,0.85592324,0.0,0.0,0.5763407,0.6800473,0.9168612,0.62200767,0.26499948,0.0,0.21446666,0.8185749,0.5950968,0.44090223,1.0662265,0.7355936,0.0,0.57630897,0.72649384,0.83684814,0.0,0.83698165,0.0,0.47052622,0.20959322,0.48780248,0.0,0.0,0.52908343,0.59170663,0.0,0.8554564,0.0,0.8723655,0.98145616,0.91518223,0.9320903,1.0021521,0.91374826,0.89322734,0.9239791,0.9242541,0.7375804
USO1,0.0,0.0,0.0,0.0,0.0,0.0,0.0,0.0,0.0,0.18155362,0.0,0.0,0.44090223,0.0,0.0,0.0,0.0,0.0,0.0,0.0,0.0,0.0,0.0,0.26814458,0.43483728,0.0,0.0,0.0,0.0,0.0,0.0,0.0,0.0,0.0,0.0,0.0,0.0,0.0,0.0,0.0,0.0,0.0
NAAA,0.0,0.0,0.0,0.0,0.0,1.4520156,0.39008018,0.0,0.0,0.18083665,0.0,0.0,0.0,0.0,0.0,0.0,0.0,0.0,0.0,0.0,0.0,0.0,0.9091284,0.0,0.0,0.0,0.0,0.0,0.0,0.0,0.0,0.0,0.0,0.0,0.0,0.0,0.0,0.0,0.0,0.0,0.0,0.0
SDAD1,0.0,0.0,0.0,0.0,0.0,0.0,0.0,0.23174405,0.0,0.0,0.0,0.0,0.0,0.0,0.0,0.0,0.0,0.0,0.0,0.0,0.0,0.0,0.0,0.0,0.20105934,0.0,0.0,0.0,0.0,0.0,0.0,0.0,0.0,0.0,0.0,0.0,0.0,0.0,0.0,0.0,0.0,0.0
NUP54,0.0,0.0,0.0,0.0,0.0,0.0,0.0,0.310349,0.0,0.0,0.0,0.0,0.0,0.0,0.0,0.0,0.0,0.0,0.0,0.0,0.0,0.0,0.0,0.0,0.14045735,0.0,0.0,0.0,0.0,0.0,0.0,0.0,0.0,0.0,0.0,0.0,0.0,0.0,0.0,0.0,0.0,0.0
SCARB2,0.0,0.0,0.0,0.0,0.0,0.0,0.0,0.0,0.0,0.0,0.0,0.6449004,0.91374826,0.0,0.0,0.0,0.0,0.0,0.0,0.0,0.0,0.0,0.48925123,0.38830087,0.16634938,0.0,0.0,0.0,0.0,0.0,0.0,0.0,0.0,0.0,0.0,0.0,0.0,0.0,0.0,0.0,0.0,0.84194463
SEPTIN11,0.0,0.0,0.0,0.0,0.0,0.0,0.0,0.23579518,0.0,0.3953033,0.0,0.0,0.0,0.0,0.0,0.0,0.0,0.0,0.0,0.0,0.0,0.0,0.0,0.0,0.20178393,0.0,0.0,0.0,0.0,0.0,0.0,0.0,0.0,0.0,0.0,0.0,0.0,0.0,0.0,0.0,0.0,0.0
CCNI,1.9367944,1.6536816,1.6763369,1.7017071,1.7040786,1.7931623,1.6935081,1.3927919,1.5666671,1.6803789,2.065496,1.5802746,1.1757209,1.8485265,1.9351028,1.6418918,1.9945817,1.4984348,1.9618058,1.4604673,1.6003845,2.099337,1.7717988,0.75942266,1.2463596,2.2386723,2.263916,1.7436368,1.7053336,0.0,1.8450785,1.6276848,1.9251993,1.7557111,1.8977251,1.8722486,1.8320358,1.9174857,1.7493031,1.7396888,1.9559195,1.8737769
CCNG2,0.0,0.0,0.0,0.0,0.0,0.0,0.0,0.0,0.0,0.0,0.72809076,0.0,0.0,0.0,0.0,0.0,0.0,0.0,0.0,0.0,0.0,0.0,0.0,0.0,0.0,0.0,0.0,0.0,0.0,0.0,0.0,0.0,0.0,0.0,0.0,0.0,0.0,0.0,0.0,0.0,0.0,0.0
CNOT6L,0.0,0.0,0.0,0.0,0.6775292,0.0,0.0,0.0,0.0,0.18083665,0.0,0.0,0.0,0.8111386,0.0,0.0,0.0,0.0,0.0,1.0667888,0.7817006,0.0,0.0,0.0,0.0,0.0,0.0,0.0,0.0,0.0,0.0,0.95384073,0.0,1.14772,0.0,0.0,0.0,0.0,1.023361,0.0,0.0,0.0
MRPL1,0.0,0.0,0.0,0.0,0.0,0.0,0.0,0.33988395,0.0,0.21446666,0.0,0.0,0.0,0.0,0.0,0.0,0.0,0.0,0.0,0.0,0.0,0.0,0.0,0.0,0.16632998,0.0,0.0,0.0,0.0,0.0,0.0,0.0,0.0,0.0,0.0,0.0,0.0,0.0,0.0,0.0,0.0,0.0
BMP2K,0.0,0.0,0.0,0.0,0.0,0.0,0.0,0.17712447,0.0,0.0,0.0,0.0,0.0,0.0,0.0,0.0,0.0,0.0,0.0,0.0,0.0,0.0,0.0,0.0,0.0,0.0,0.0,0.0,0.0,0.0,0.0,0.0,0.0,0.0,0.0,0.0,0.0,0.0,0.0,0.0,0.0,0.0
ANTXR2,0.0,0.0,0.0,0.0,0.0,0.0,0.0,0.0,0.0,0.0,0.0,0.0,0.0,0.0,0.0,0.0,0.0,0.0,0.0,0.0,0.0,0.0,0.0,0.0,0.0,0.0,0.0,0.0,0.0,0.0,0.0,0.0,0.0,0.0,0.0,0.0,0.0,0.0,0.0,0.0,0.0,0.4710095
RASGEF1B,0.5894627,0.0,0.0,0.0,0.0,0.0,0.0,0.0,0.0,0.0,0.0,0.68302804,0.0,0.0,0.0,0.0,0.0,0.0,0.0,0.0,0.0,0.0,0.55952007,0.0,0.0,0.0,0.0,0.0,0.0,0.0,0.0,0.0,0.0,0.0,0.0,0.0,0.0,0.0,0.0,0.0,0.0,0.0
HNRNPD,0.8109302,0.0,0.9585247,1.5524836,1.5444976,0.86117274,1.172868,1.274688,0.0,1.2344167,1.0021521,0.5950968,0.0,0.8926312,0.0,0.0,1.25216,0.0,0.7984284,1.0628047,0.99699926,0.0,0.66106784,0.30905342,1.4971029,1.0675079,0.0,1.4559875,0.78829825,0.0,0.8364748,0.9615086,0.93183804,1.0450314,0.90005875,0.8117682,0.8365489,0.8717985,0.98860353,0.8940806,0.9242541,1.142297
HNRNPDL,1.7329468,1.1356167,1.2044164,1.4943739,1.8127844,1.3178952,1.3907168,1.4860013,0.0,1.560321,1.6219708,1.5931978,1.4048783,1.770618,1.8637866,1.3654736,1.4538053,0.40022492,1.8048022,1.835791,1.712265,1.7865701,1.5076996,0.7153799,1.5219685,1.6276064,1.5827801,1.5993963,1.6399803,0.9099184,1.7818289,1.8935351,1.8042287,1.9477984,1.8144412,1.7602466,1.8686359,1.7456498,1.8850361,1.9209595,1.6761012,1.5929782
ENOPH1,0.0,0.0,0.0,0.0,0.0,0.0,0.0,0.24261232,0.0,0.0,0.0,0.0,0.0,0.0,0.0,0.0,0.0,0.0,0.0,0.0,0.0,0.0,0.0,0.0,0.14045735,0.0,0.0,0.0,0.0,0.0,0.0,0.0,0.0,0.0,0.0,0.0,0.0,0.0,0.0,0.0,0.0,0.0
SEC31A,0.0,0.0,0.0,0.4774632,0.0,0.3431283,0.40772784,0.3484845,0.0,0.0,0.0,0.0,0.0,0.0,0.0,0.0,0.51556206,0.0,0.0,0.0,0.0,0.0,0.0,0.4292449,0.60882664,0.0,0.0,0.41499543,0.0,0.0,0.0,0.0,0.0,0.0,0.0,0.0,0.0,0.0,0.0,0.0,0.0,0.7695347
COPS4,0.0,0.0,0.0,0.0,0.0,0.0,0.0,0.17862493,0.0,0.0,0.0,0.0,0.0,0.0,0.0,0.0,0.0,0.0,0.0,0.0,0.0,0.0,0.0,0.0,0.17517093,0.0,0.0,0.0,0.0,0.0,0.0,0.0,0.0,0.0,0.0,0.0,0.0,0.0,0.0,0.0,0.0,0.0
PLAC8,1.1453758,0.0,1.2187028,1.9341955,1.4966735,0.0,0.39040408,0.0,0.0,0.6734856,0.392094,0.0,0.0,0.0,0.6868571,0.80058503,0.0,0.0,0.8884844,1.937345,1.380046,0.0,0.90194774,0.0,0.0,0.0,0.0,1.6814361,0.0,0.0,0.8342566,1.1161138,0.88797605,0.9664979,1.128622,0.6745734,0.88780767,0.0,0.0,0.0,0.0,2.729662
COQ2,0.0,0.0,0.0,0.0,0.0,0.0,0.0,0.0,0.0,0.18083665,0.0,0.0,0.0,0.0,0.0,0.0,0.0,0.0,0.0,0.0,0.0,0.0,0.0,0.0,0.0,0.0,0.0,0.0,0.0,0.0,0.0,0.0,0.0,0.0,0.0,0.0,0.0,0.0,0.0,0.0,0.0,0.0
MRPS18C,0.0,0.0,0.0,0.0,0.36103293,0.0,0.3869165,0.74533635,0.0,0.61415184,0.0,0.0,0.0,0.0,0.0,0.0,0.0,0.0,0.0,0.0,0.0,0.0,0.0,0.0,0.65676755,0.0,0.0,0.37987903,0.0,0.0,0.0,0.0,0.0,0.0,0.0,0.0,0.0,0.0,0.0,0.0,0.0,0.0
GPAT3,0.0,0.0,0.0,0.0,0.0,0.38395348,0.50733024,0.0,0.0,0.0,0.0,0.0,0.0,0.0,0.0,0.0,0.0,0.0,0.0,0.0,0.0,0.0,0.0,0.0,0.0,0.0,0.0,0.0,0.0,0.0,0.0,0.0,0.0,0.0,0.0,0.0,0.0,0.0,0.0,0.0,0.0,0.0
ARHGAP24,0.8650553,0.0,0.0,0.0,0.0,0.0,0.0,0.0,0.0,0.0,0.0,0.0,0.0,0.0,0.6868571,0.0,0.0,0.0,0.9928111,0.0,0.0,0.0,0.0,0.0,0.0,0.0,0.0,0.0,0.0,0.0,0.0,0.0,0.0,0.0,0.0,0.0,0.0,0.0,0.0,0.0,0.0,0.0
AFF1,0.0,0.0,0.0,0.0,0.0,0.3828968,0.0,0.15143289,0.0,0.0,0.0,0.0,0.0,0.0,0.0,0.0,0.0,0.0,0.0,0.0,0.0,0.0,0.0,0.0,0.13167544,0.0,0.0,0.0,0.0,0.0,0.0,0.0,0.0,0.0,0.0,0.0,0.0,0.0,0.0,0.0,0.0,0.0
KLHL8,0.0,0.0,0.0,0.0,0.0,0.0,0.0,0.0,0.0,0.18083665,0.0,0.0,0.0,0.0,0.0,0.0,0.0,0.0,0.0,0.0,0.0,0.0,0.0,0.0,0.0,0.0,0.0,0.0,0.0,0.0,0.0,0.0,0.0,0.0,0.0,0.0,0.0,0.0,0.0,0.0,0.0,0.0
HSD17B11,0.0,0.0,0.0,0.0,0.0,0.28305006,0.4023233,0.0,0.0,0.0,0.0,0.5073828,0.0,0.0,0.0,0.0,0.0,0.0,0.0,0.0,0.0,0.0,0.15557848,0.0,0.0,0.0,0.9045438,0.37006485,0.0,0.0,0.0,0.0,0.0,0.0,0.0,0.0,0.0,0.0,0.0,0.0,0.0,0.0
PPM1K,0.57448566,0.0,0.0,0.0,0.0,0.0,0.0,0.0,0.0,0.18155362,0.0,0.0,0.0,0.0,0.0,0.0,0.0,0.0,0.0,0.0,0.0,0.0,0.0,0.0,0.17058174,0.0,0.0,0.0,0.0,0.0,0.0,0.0,0.0,0.0,0.0,0.0,0.0,0.0,0.0,0.0,0.0,1.1288881
HERC5,0.0,0.0,0.0,0.0,0.0,0.0,0.0,0.0,0.0,0.18083665,0.0,0.0,0.0,0.0,0.0,0.0,0.0,0.0,0.0,0.0,0.0,0.0,0.0,0.0,0.0,0.0,0.0,0.0,0.0,0.0,0.0,0.0,0.0,0.0,0.0,0.0,0.0,0.0,0.0,0.0,0.0,0.0
PYURF,0.0,0.0,0.0,0.41147068,0.60617256,0.48598903,0.53160185,0.99648523,0.0,0.65677464,0.0,0.0,0.0,0.0,0.0,0.0,0.0,0.0,0.0,0.0,0.0,0.0,0.0,0.0,0.34715858,0.0,0.0,0.7190591,0.0,0.0,0.0,0.0,0.0,0.0,0.0,0.0,0.0,0.0,0.0,0.0,0.0,0.6080935
GPRIN3,0.0,0.0,0.0,0.0,0.0,0.3556153,0.42475292,0.0,0.0,0.0,0.0,0.0,0.44090223,0.0,0.0,0.0,0.0,0.0,0.0,0.0,0.0,0.0,0.0,0.0,0.0,0.0,0.0,0.0,0.0,0.0,0.0,0.0,0.0,0.0,0.0,0.0,0.0,0.0,0.0,0.0,0.0,0.0
SNCA,0.0,0.0,0.0,0.0,0.0,0.0,0.0,0.7127449,0.0,0.0,0.0,0.0,0.0,0.0,0.0,0.0,0.0,1.9028642,0.0,0.0,0.0,0.0,0.0,0.0,0.0,0.0,0.0,0.0,0.0,0.0,0.0,0.0,0.0,0.0,0.0,0.0,0.0,0.0,0.0,0.0,0.0,0.0
MMRN1,0.0,0.0,0.0,0.0,0.0,0.0,0.0,0.0,0.0,0.0,0.0,0.0,0.0,0.0,0.0,0.0,0.0,0.7723028,0.0,0.0,0.0,0.0,0.0,0.0,0.0,0.0,0.0,0.0,0.0,0.0,0.0,0.0,0.0,0.0,0.0,0.0,0.0,0.0,0.0,0.0,0.0,0.0
CCSER1,0.0,0.0,0.0,0.0,0.0,0.50819945,0.0,0.0,0.0,0.0,0.0,0.0,0.0,0.0,0.0,0.0,0.0,0.0,0.0,0.0,0.0,0.0,0.0,0.0,0.0,0.0,0.0,0.0,0.0,0.0,0.0,0.0,0.0,0.0,0.0,0.0,0.0,0.0,0.0,0.0,0.0,0.0
HPGDS,0.0,0.0,0.0,0.0,0.0,0.0,0.0,0.0,0.0,0.0,0.0,0.0,0.0,0.0,0.0,0.0,0.7584225,0.0,0.0,0.0,0.0,0.0,0.0,0.0,0.0,0.0,0.0,0.0,0.0,0.0,0.0,0.0,0.0,0.0,0.0,0.0,0.0,0.0,0.0,0.0,0.0,0.0
PDLIM5,0.0,0.0,0.0,0.0,0.0,0.0,0.0,0.0,0.0,0.0,0.0,0.0,0.0,0.0,0.0,0.0,0.0,0.25073412,0.0,0.0,0.0,0.0,0.18481782,0.0,0.0,0.0,0.0,0.0,0.0,0.0,0.0,0.0,0.0,0.0,0.0,0.0,0.0,0.0,0.0,0.0,0.0,0.0
EIF4E,0.0,0.0,0.0,0.0,0.0,0.0,0.39810312,0.6178416,0.0,0.0,0.0,0.5104259,0.0,0.0,0.0,0.0,0.0,0.68470514,0.0,0.0,0.0,0.0,0.0,0.0,0.43370068,0.0,0.0,0.21775407,0.0,0.0,0.0,0.0,0.0,0.0,0.0,0.0,0.0,0.0,0.0,0.0,0.0,0.0
METAP1,0.0,0.0,0.0,0.0,0.0,0.0,0.0,0.22834241,0.0,0.0,0.0,0.0,0.0,0.0,0.0,0.0,0.0,0.0,0.0,0.0,0.0,0.0,0.0,0.0,0.0,0.0,0.0,0.0,0.0,0.0,0.0,0.0,0.0,0.0,0.0,0.0,0.0,0.0,0.0,0.0,0.0,0.0
ADH5,0.0,0.0,0.0,0.0,0.6773605,0.0,0.3358107,0.52260065,0.0,0.23380059,0.0,0.0,0.0,0.0,0.0,0.0,0.0,0.0,0.0,0.0,0.0,0.0,0.0,0.0,0.5149609,0.0,0.0,0.39074832,0.0,0.0,0.0,0.0,0.0,0.0,0.0,0.0,0.0,0.0,0.0,0.0,0.0,0.0
DAPP1,0.7734053,0.0,0.0,0.0,0.0,0.7185833,0.6820837,0.0,0.0,0.0,0.0,0.0,0.0,0.0,0.0,0.0,0.0,0.0,0.0,0.0,0.0,0.0,0.0,0.0,0.0,0.0,0.0,0.0,0.0,0.0,0.0,0.0,0.0,0.0,0.0,0.0,0.0,0.0,0.0,0.0,0.0,0.0
LAMTOR3,0.0,0.0,0.0,0.0,0.0,0.0,0.0,0.16716605,0.0,0.0,0.0,0.0,0.0,0.0,0.0,0.0,0.0,0.0,0.0,0.0,0.0,0.0,0.0,0.0,0.0,0.0,0.0,0.0,0.0,0.0,0.0,0.0,0.0,0.0,0.0,0.0,0.0,0.0,0.0,0.0,0.0,0.0
DNAJB14,0.0,0.0,0.0,0.0,0.0,0.28412688,0.3384496,0.0,0.0,0.0,0.0,0.0,0.0,0.0,0.7355936,0.0,0.0,0.0,0.0,0.0,0.0,0.0,0.0,0.0,0.0,0.0,0.0,0.0,0.0,0.0,0.0,0.0,0.0,0.0,0.0,0.0,0.0,0.0,0.0,0.0,0.0,0.36214733
H2AZ1,0.6535427,0.6126078,0.8552233,2.3818314,2.5735335,1.2362267,1.154876,2.498723,0.0,1.8030419,0.6301467,0.90413547,0.0,0.9298831,1.2104161,1.345289,1.2673321,1.7268956,0.0,1.1059322,1.0166724,0.0,1.2480981,0.5816489,2.3922958,1.1873939,1.2402272,2.083349,0.8635045,0.0,0.9650654,1.0552992,0.9733906,1.0862994,0.94524366,1.0275509,0.83743984,1.0976799,1.0841573,1.0440166,0.99532795,0.8524792
PPP3CA,0.74891436,0.0,0.0,0.0,0.45381644,0.0,0.32453808,0.0,0.0,0.0,0.9013167,0.0,0.0,0.0,0.77814996,0.0,0.0,0.0,0.0,0.0,0.0,0.0,0.0,0.0,0.21754807,0.0,0.0,0.0,0.0,0.0,0.0,0.0,0.0,0.0,0.0,0.0,0.0,0.0,0.0,0.0,0.0,0.0
BANK1,1.81233,0.0,0.0,0.0,0.0,0.0,0.0,0.0,0.0,0.47256014,0.0,0.0,0.0,0.0,1.9296647,0.0,0.0,0.0,1.9010841,0.0,0.0,1.4655683,0.0,0.0,0.0,0.0,0.0,0.0,0.0,0.0,0.0,0.0,0.0,0.0,0.0,0.0,0.0,0.0,0.0,0.0,0.0,0.0
SLC39A8,0.0,0.0,0.0,0.0,0.0,0.0,0.0,0.68797106,0.0,0.0,0.0,0.0,0.0,0.0,0.0,0.0,0.0,0.0,0.0,0.0,0.0,0.0,0.0,0.0,0.0,0.0,0.0,0.0,0.0,0.0,0.0,0.0,0.0,0.0,0.0,0.0,0.0,0.0,0.0,0.0,0.0,0.0
NFKB1,0.0,0.0,0.0,0.32402298,0.0,0.50819945,0.58423555,0.0,0.0,0.7637583,1.2089031,0.5950968,0.97920024,0.0,0.0,0.0,0.0,0.0,0.0,0.0,0.0,0.0,0.0,0.0,0.17878182,0.0,0.0,0.0,0.0,0.0,0.0,0.0,0.0,0.0,0.0,0.0,0.0,0.0,0.0,0.0,0.0,0.0
MANBA,0.0,0.0,0.0,0.0,0.0,0.37521976,0.0,0.0,0.0,0.0,0.0,0.5367148,0.0,0.0,0.6868571,0.0,0.0,0.0,0.0,0.0,0.0,0.0,0.0,0.0,0.0,0.0,0.0,0.0,0.0,0.0,0.0,0.0,0.0,0.0,0.0,0.0,0.0,0.0,0.0,0.0,0.0,0.0
UBE2D3,1.3680868,0.90542024,1.5194004,1.2862929,1.371397,1.4181323,1.4987333,1.2735008,1.5061562,1.3573376,1.2351879,1.6605629,0.91374826,1.1959825,0.7355936,1.2861506,1.0962226,1.3879914,1.1197889,1.28881,1.2819085,1.1950178,1.4687836,0.49881023,1.1472529,1.4146662,1.0764471,1.1245265,1.0355937,0.0,1.4498061,1.1502222,1.4646727,1.2974465,1.4133487,1.3423282,1.3225691,1.5105463,1.2561662,1.3644968,1.4879886,1.2221125
CISD2,0.0,0.0,0.0,0.0,0.0,0.0,0.2934634,0.7458253,0.0,0.0,0.0,0.0,0.97920024,0.0,0.0,0.0,0.0,0.0,0.0,0.0,0.0,0.0,0.0,0.32146513,0.57753813,0.0,0.0,0.0,0.0,0.0,0.0,0.0,0.0,0.0,0.0,0.0,0.0,0.0,0.0,0.0,0.0,0.0
CENPE,0.0,0.0,0.0,0.0,0.6034215,0.0,0.0,0.0,0.0,0.0,0.0,0.0,0.0,0.0,0.0,0.0,0.0,0.0,0.0,0.0,0.0,0.0,0.0,0.0,0.0,0.0,0.0,0.0,0.0,0.0,0.0,0.0,0.0,0.0,0.0,0.0,0.0,0.0,0.0,0.0,0.0,0.0
TET2,0.0,0.0,0.5658891,0.0,0.0,0.37967432,0.4739445,0.0,0.0,0.0,0.0,0.0,0.0,0.0,0.0,0.0,0.0,0.0,0.0,0.0,0.0,0.0,0.5065325,0.0,0.0,0.0,0.0,0.0,0.0,0.0,0.0,0.0,0.0,0.0,0.0,0.0,0.0,0.0,0.0,0.0,0.0,0.0
PPA2,0.0,0.0,0.0,0.0,0.0,0.0,0.42777815,0.8415239,0.0,0.0,0.0,0.0,0.0,0.0,0.0,0.0,0.0,0.0,0.0,0.0,0.0,0.0,0.0,0.0,0.17849067,0.0,0.0,0.4187793,0.0,0.0,0.0,0.0,0.0,0.0,0.0,0.0,0.0,0.0,0.0,0.0,0.0,0.0
AIMP1,0.0,0.0,0.0,0.46026212,0.5784141,0.2875488,0.50284827,0.5473718,0.0,0.18083665,0.0,0.0,0.0,0.0,0.0,0.0,0.0,0.0,0.0,0.0,0.0,0.0,0.41435337,0.0,0.48658854,0.0,0.0,0.4983044,0.0,0.0,0.0,0.0,0.0,0.0,0.0,0.0,0.0,0.0,0.0,0.0,0.0,0.701502
PAPSS1,0.0,0.0,0.0,0.0,0.0,0.0,0.0,0.0,0.0,0.23380059,0.0,0.0,0.0,0.0,0.0,0.0,0.0,0.0,0.0,0.0,0.0,0.0,0.0,0.0,0.18442562,0.0,0.0,0.0,0.0,0.0,0.0,0.0,0.0,0.0,0.0,0.0,0.0,0.0,0.0,0.0,0.0,0.0
HADH,0.0,0.0,0.0,0.0,0.0,0.0,0.0,0.72302043,0.0,0.4153542,0.0,0.0,0.0,0.0,0.0,0.0,0.0,0.0,0.0,0.0,0.0,0.0,0.0,0.0,0.18132702,0.0,0.0,0.0,0.0,0.0,0.0,0.0,0.0,0.0,0.0,0.0,0.0,0.0,0.0,0.0,0.0,0.0
LEF1,0.0,0.0,0.0,0.0,0.0,0.0,0.0,0.0,0.0,0.0,0.0,0.0,0.0,0.0,0.0,0.0,0.0,0.0,0.0,0.0,0.0,0.0,0.0,0.0,0.0,0.0,0.0,0.0,0.0,0.0,0.6099099,0.0,0.0,0.0,1.0464678,1.4556346,1.197917,0.96849865,0.0,0.0,0.0,0.0
RPL34,3.95604,3.459691,3.1809866,3.0840921,2.7862089,3.790481,3.5144494,3.7091553,2.9948902,3.4855943,3.870615,3.1002684,3.429264,3.9449234,3.9657502,3.7376604,3.5889874,2.5020366,4.0607114,3.2330968,3.5710597,3.9611132,3.3165863,2.349342,2.9618433,3.497972,3.7955804,3.7465248,3.697823,1.886459,4.2664375,3.7113864,4.170168,3.6794276,4.3760233,4.169222,4.362312,3.9247034,3.7761545,3.819314,3.9544759,3.6804776
OSTC,0.0,0.0,0.0,0.586855,0.6276746,0.6816006,0.94709146,0.9185768,0.0,0.5482596,0.6301467,0.5950968,0.5578004,0.0,0.0,0.0,1.1296949,0.0,0.0,0.0,0.0,0.0,0.0,0.69719666,1.439496,0.0,0.0,1.0148754,0.0,0.0,0.0,0.0,0.0,0.0,0.0,0.0,0.0,0.0,0.0,0.0,0.0,1.4578059
MCUB,0.565376,0.0,0.0,0.25150675,0.48939267,0.0,0.44683003,0.12816697,0.0,0.47256014,0.0,0.0,0.44090223,0.0,0.0,0.0,0.0,0.0,0.0,0.0,0.0,0.0,0.0,0.0,0.0,0.0,0.0,0.0,0.0,0.0,0.8224904,0.0,0.84813684,0.0,0.9010561,0.0,0.8652943,0.83595604,0.0,0.0,0.0,0.0
CASP6,0.0,0.0,0.0,0.0,0.0,0.0,0.0,0.25638673,0.0,0.0,0.0,0.0,0.0,0.0,0.0,0.0,0.0,0.0,0.0,0.0,0.0,0.0,0.0,0.0,0.0,0.0,0.0,0.0,0.0,0.0,0.0,0.0,0.0,0.0,0.0,0.0,0.0,0.0,0.0,0.0,0.0,0.0
PLA2G12A,0.0,0.0,0.0,0.0,0.0,0.0,0.0,0.5557012,0.0,0.0,0.0,0.0,0.0,0.0,0.0,0.0,0.0,0.54076546,0.0,0.0,0.0,0.0,0.0,0.0,0.0,0.0,0.0,0.0,0.0,0.0,0.0,0.0,0.0,0.0,0.0,0.0,0.0,0.0,0.0,0.0,0.0,0.0
GAR1,0.0,0.0,0.0,0.0,0.0,0.0,0.0,0.72934496,0.0,0.0,0.0,0.0,0.0,0.0,0.0,0.0,0.0,0.0,0.0,0.0,0.0,0.0,0.0,0.0,0.20931143,0.0,0.0,0.0,0.0,0.0,0.0,0.0,0.0,0.0,0.0,0.0,0.0,0.0,0.0,0.0,0.0,0.0
TIFA,0.0,0.0,0.0,0.0,0.0,0.0,0.0,0.0,0.0,0.0,0.0,0.0,0.0,0.0,0.0,0.0,0.0,0.0,0.0,0.0,0.0,0.0,0.0,0.0,0.27334732,0.0,0.0,0.0,0.0,0.0,0.0,0.0,0.0,0.0,0.0,0.0,0.0,0.0,0.0,0.0,0.0,0.0
LARP7,0.0,0.0,0.0,0.0,0.5188866,0.0,0.3404857,0.23174405,0.0,0.0,0.0,0.0,0.0,0.0,0.0,0.0,0.0,0.0,0.0,0.0,0.0,0.0,0.0,0.0,0.23757933,0.0,0.0,0.24316368,0.0,0.0,0.0,0.0,0.0,0.0,0.0,0.0,0.0,0.0,0.0,0.0,0.0,0.0
CAMK2D,0.0,0.0,0.0,0.0,0.0,0.9662237,0.0,0.0,0.0,0.36239028,0.0,0.0,0.0,0.0,0.0,0.0,0.0,0.0,0.0,0.0,0.0,0.0,0.0,0.0,0.0,0.0,0.0,0.0,0.0,0.0,0.0,0.0,0.0,0.0,0.0,0.0,0.0,0.0,0.0,0.0,0.0,0.0
ENSG00000269893,1.0556045,0.0,0.0,0.6702459,0.4527793,1.0865375,0.9341768,1.2252456,0.0,0.41935268,1.5503948,0.5073828,0.5578004,1.2661365,0.6868571,0.67576224,0.97435236,0.0,1.1807961,0.0,1.1383736,1.3752224,0.8065485,0.45945406,0.7607611,0.0,1.4809945,1.4309764,0.93590736,0.0,1.3498209,0.0,1.3678687,1.1615584,1.5472577,1.432721,1.5185714,1.1078978,1.0988791,1.297927,1.2250758,1.1848195
SEC24D,0.0,0.0,0.0,0.0,0.0,0.0,0.0,0.0,0.0,0.0,0.0,0.0,0.44090223,0.0,0.0,0.0,0.0,0.0,0.0,0.0,0.0,0.0,0.0,0.21146607,0.40248197,0.0,0.0,0.0,0.0,0.0,0.0,0.0,0.0,0.0,0.0,0.0,0.0,0.0,0.0,0.0,0.0,0.0
ARLN,1.0444939,0.0,0.92902684,0.7677607,0.8813586,0.8968226,0.9711418,0.50175065,0.0,0.6783769,0.72809076,1.0928676,0.5578004,0.9186975,1.0902166,0.0,0.0,0.9731363,0.91308594,0.95926917,0.98506874,0.0,0.98948824,0.54731035,0.8390535,0.0,0.0,0.7104881,0.6309334,0.0,0.96860003,1.0190982,1.0377369,1.0419934,0.97482747,0.93723655,0.9284921,0.99254084,1.0267992,0.9782325,0.0,1.0106871
PDE5A,0.0,0.0,0.0,0.0,0.0,0.0,0.0,0.0,0.0,0.0,0.0,0.0,0.0,0.0,0.0,0.0,0.0,0.55903876,0.0,0.0,0.0,0.0,0.0,0.0,0.0,0.0,0.0,0.0,0.0,0.0,0.0,0.0,0.0,0.0,0.0,0.0,0.0,0.0,0.0,0.0,0.0,0.0
MAD2L1,0.0,0.0,0.0,0.0,0.79025084,0.0,0.0,0.61754626,0.0,0.0,0.0,0.0,0.0,0.0,0.0,0.0,0.0,0.0,0.0,0.0,0.0,0.0,0.0,0.0,0.4669268,0.0,0.0,0.0,0.0,0.0,0.0,0.0,0.0,0.0,0.0,0.0,0.0,0.0,0.0,0.0,0.0,0.0
ANXA5,0.0,2.091678,1.5704472,1.532066,0.0,1.0603105,1.6359149,0.0,2.137979,1.1654015,0.0,2.3344722,1.7012795,0.0,0.0,0.57155,0.0,0.0,0.0,0.0,0.0,0.0,1.8198633,0.3763629,1.095555,0.0,0.0,0.2502397,0.0,0.0,0.0,0.0,0.0,0.0,0.0,0.0,0.0,0.0,0.0,0.0,0.0,0.0
EXOSC9,0.0,0.0,0.0,0.0,0.0,0.0,0.0,0.22025168,0.0,0.0,0.0,0.0,0.0,0.0,0.0,0.0,0.0,0.0,0.0,0.0,0.0,0.0,0.0,0.0,0.17043604,0.0,0.0,0.0,0.0,0.0,0.0,0.0,0.0,0.0,0.0,0.0,0.0,0.0,0.0,0.0,0.0,0.0
CCNA2,0.0,0.0,0.0,0.0,0.45112753,0.0,0.0,0.66233736,0.0,0.0,0.0,0.0,0.0,0.0,0.0,0.0,0.0,0.0,0.0,0.0,0.0,0.0,0.0,0.0,0.35774535,0.0,0.0,0.0,0.0,0.0,0.0,0.0,0.0,0.0,0.0,0.0,0.0,0.0,0.0,0.0,0.0,0.0
LARP1B,0.0,0.0,0.0,0.0,0.0,0.0,0.0,0.0,0.0,0.0,0.0,0.0,0.0,0.0,0.0,0.0,0.0,0.0,0.0,0.0,0.0,0.0,0.0,0.17477192,0.24836549,0.0,0.0,0.0,0.0,0.0,0.0,0.0,0.0,0.0,0.0,0.0,0.0,0.0,0.0,0.0,0.0,0.0
PGRMC2,0.0,0.0,0.0,0.0,0.0,0.0,0.0,0.21364279,0.0,0.18155362,0.0,0.0,0.0,0.0,0.0,0.0,0.0,0.0,0.0,0.0,0.0,0.0,0.0,0.19568309,0.24290843,0.0,0.0,0.0,0.0,0.0,0.0,0.0,0.0,0.0,0.0,0.0,0.0,0.0,0.0,0.0,0.0,0.0
JADE1,0.0,0.0,0.0,0.0,0.0,0.0,0.0,0.1972709,0.0,0.4977838,0.0,0.0,0.0,0.0,0.0,0.0,0.0,0.0,0.0,0.0,0.0,0.0,0.0,0.0,0.09044729,0.0,0.0,0.0,0.0,0.0,0.0,0.0,0.0,0.0,0.0,0.0,0.0,0.0,0.0,0.0,0.0,0.0
SCLT1,0.0,0.0,0.0,0.0,0.5757948,0.0,0.3832682,0.0,0.0,0.0,0.0,0.0,0.0,0.0,0.0,0.0,0.0,0.0,0.0,0.0,0.0,0.0,0.0,0.0,0.0,0.0,0.0,0.0,0.0,0.0,0.0,0.0,0.0,0.0,0.0,0.0,0.0,0.0,0.0,0.0,0.0,0.0
ELF2,0.0,0.0,0.0,0.0,0.38440025,0.0,0.40606603,0.21649836,0.0,0.5734832,0.0,0.47305363,0.0,0.0,0.0,0.0,0.0,0.0,0.0,0.0,0.0,0.0,0.4526642,0.0,0.08575259,0.0,0.0,0.16228598,0.0,0.0,0.0,0.0,0.0,0.0,0.0,0.0,0.0,0.0,0.0,0.0,0.0,0.6279386
NDUFC1,0.0,0.0,0.0,0.41247615,0.0,0.37913528,0.49004585,1.2595904,0.7106712,0.4398609,0.0,0.95204604,0.0,0.0,0.0,0.0,0.0,1.0036533,0.0,0.0,0.0,0.0,0.54109085,0.37193012,1.052985,0.0,0.0,0.58993053,0.0,0.0,0.0,0.0,0.0,0.0,0.0,0.0,0.0,0.0,0.0,0.0,0.0,0.0
NAA15,0.0,0.0,0.0,0.0,0.0,0.0,0.0,0.33988395,0.0,0.18083665,0.0,0.0,0.0,0.0,0.0,0.0,0.0,0.0,0.0,0.0,0.0,0.0,0.0,0.0,0.22572826,0.0,0.0,0.0,0.0,0.0,0.0,0.0,0.0,0.0,0.0,0.0,0.0,0.0,0.0,0.0,0.0,0.0
MGST2,0.0,0.0,0.0,0.0,0.0,0.0,0.47833383,0.46831483,0.0,0.0,0.0,0.0,0.0,0.0,0.0,0.0,0.0,0.0,0.0,0.0,0.0,0.0,0.0,0.0,0.0,0.0,0.0,0.35729748,0.0,0.0,0.0,0.0,0.0,0.0,0.0,0.0,0.0,0.0,0.0,0.0,0.0,0.5442858
SCOC,0.0,0.0,0.0,0.0,0.0,0.0,0.0,0.22423387,0.0,0.0,0.0,0.0,0.0,0.0,0.0,0.0,0.0,0.0,0.0,0.0,0.0,0.0,0.0,0.0,0.0,0.0,0.0,0.0,0.0,0.0,0.0,0.0,0.0,0.0,0.0,0.0,0.0,0.0,0.0,0.0,0.0,0.0
TBC1D9,0.0,0.0,0.0,0.0,0.0,0.0,0.0,0.0,0.0,0.0,0.0,0.0,0.5578004,0.0,0.0,0.0,0.0,0.0,0.0,0.0,0.0,0.0,0.0,0.0,0.0,0.0,0.0,0.0,0.0,0.0,0.0,0.0,0.0,0.0,0.0,0.0,0.0,0.0,0.0,0.0,0.0,0.0
ZNF330,0.0,0.0,0.0,0.0,0.0,0.0,0.0,0.15530933,0.0,0.0,0.0,0.0,0.0,0.0,0.0,0.0,0.0,0.0,0.0,0.0,0.0,0.0,0.0,0.0,0.1759403,0.0,0.0,0.0,0.0,0.0,0.0,0.0,0.0,0.0,0.0,0.0,0.0,0.0,0.0,0.0,0.0,0.0
INPP4B,0.0,0.0,0.0,0.0,0.0,0.0,0.0,0.0,0.0,0.0,0.0,0.0,0.0,0.0,0.0,0.0,0.0,0.0,0.0,0.0,0.0,0.0,0.0,0.0,0.0,0.0,0.0,0.0,0.0,0.0,0.7519236,0.0,0.9345522,0.0,0.0,0.93091756,0.0,0.0,0.0,0.0,0.0,0.0
USP38,0.0,0.0,0.0,0.0,0.0,0.0,0.0,0.0,0.0,0.18155362,0.0,0.0,0.0,0.0,0.0,0.0,0.0,0.0,0.0,0.0,0.0,0.0,0.0,0.0,0.0,0.0,0.0,0.0,0.0,0.0,0.0,0.0,0.0,0.0,0.0,0.0,0.0,0.0,0.0,0.0,0.0,0.0
GAB1,0.0,0.0,0.0,0.0,0.0,0.0,0.0,0.0,0.0,0.0,0.0,0.0,0.0,0.0,0.0,0.0,0.0,0.0,0.0,0.0,0.0,0.0,0.0,0.15189148,0.0,1.0399802,0.0,0.0,0.0,0.0,0.0,0.0,0.0,0.0,0.0,0.0,0.0,0.0,0.0,0.0,0.0,0.0
SMARCA5,0.0,0.0,0.0,0.6608472,0.7441299,0.83915305,0.5586959,0.6178022,0.0,0.57238364,0.0,0.0,0.0,0.0,0.0,0.0,0.0,0.0,0.0,0.0,0.0,0.0,0.0,0.0,0.60150087,0.0,0.0,0.5822716,0.0,0.0,0.0,0.0,0.0,0.0,0.0,0.0,0.0,0.0,0.0,0.0,0.0,0.7334118
ABCE1,0.0,0.0,0.0,0.0,0.0,0.0,0.2934634,0.60360885,0.0,0.0,0.0,0.0,0.44090223,0.0,0.0,0.0,0.0,0.0,0.0,0.0,0.0,0.0,0.0,0.0,0.3951123,0.0,0.0,0.2894609,0.0,0.0,0.0,0.0,0.0,0.0,0.0,0.0,0.0,0.0,0.0,0.0,0.0,0.5075276
SMAD1,0.0,0.0,0.0,0.0,0.0,0.0,0.0,0.0,0.0,0.0,0.0,0.0,0.0,0.0,0.0,0.0,0.0,0.0,0.0,0.0,0.0,0.0,0.0,0.0,0.0,0.0,1.0581769,0.0,0.0,0.0,0.0,0.0,0.0,0.0,0.0,0.0,0.0,0.0,0.0,0.0,0.0,0.0
LSM6,0.0,0.0,0.0,0.38579807,0.35100502,0.9697929,0.47555205,0.63198364,0.0,0.7130445,0.0,0.0,0.0,0.0,0.0,0.0,0.0,0.0,0.0,0.0,0.0,0.0,0.43827116,0.0,0.41196918,0.0,0.0,0.37477872,0.0,0.0,0.0,0.0,0.0,0.0,0.0,0.0,0.0,0.0,0.0,0.0,0.0,0.0
LRBA,0.0,0.0,0.0,0.0,0.0,0.0,0.0,0.12833168,0.0,0.0,0.0,0.0,0.0,0.0,0.0,0.0,0.0,0.0,0.0,0.0,0.0,0.0,0.0,0.0,0.0,0.0,0.0,0.0,0.0,0.0,0.0,0.0,0.0,0.0,0.0,0.0,0.0,0.0,0.0,0.0,0.0,0.0
RPS3A,3.792097,3.2289143,3.0925379,3.2782936,3.127531,3.7965906,3.8201296,4.035496,2.977024,3.5006483,3.839587,2.9857283,3.3545446,3.8581328,3.8553967,3.7684555,3.4282775,2.5407252,3.9690309,3.3602483,3.7370625,3.99007,3.1694746,2.2758124,3.2818356,3.5678887,3.8070538,4.0225787,3.7295423,2.0749047,4.2043266,3.6069636,4.1852746,3.594616,4.4676003,4.124189,4.3507233,3.9168983,3.6447628,3.721409,3.8180726,4.101584
FBXW7,0.0,0.0,0.0,0.0,0.0,0.0,0.3606974,0.0,0.0,0.23380059,0.0,0.0,0.0,0.0,0.0,0.0,0.0,0.0,0.0,0.0,0.0,0.0,0.0,0.6669081,0.4668898,0.0,0.0,0.0,0.0,0.0,0.0,0.0,0.0,0.0,0.0,0.0,0.0,0.0,0.0,0.0,0.0,0.0
TMEM154,0.94838136,0.0,0.0,0.0,0.0,0.0,0.3689735,0.0,0.0,0.0,0.0,0.0,0.0,0.0,0.9916867,0.0,0.0,0.0,0.862596,0.0,0.0,0.0,0.0,0.0,0.16899817,0.0,0.0,0.0,0.0,0.0,0.0,0.0,0.0,0.0,0.0,0.0,0.0,0.0,0.0,0.0,0.0,0.0
MND1,0.0,0.0,0.0,0.0,0.0,0.0,0.0,0.31307203,0.0,0.0,0.0,0.0,0.0,0.0,0.0,0.0,0.0,0.0,0.0,0.0,0.0,0.0,0.0,0.0,0.0,0.0,0.0,0.0,0.0,0.0,0.0,0.0,0.0,0.0,0.0,0.0,0.0,0.0,0.0,0.0,0.0,0.0
TMEM131L,0.0,0.0,0.0,0.0,0.0,0.0,0.0,0.0,0.0,0.0,0.0,0.0,0.0,0.0,0.0,0.0,0.0,0.0,0.0,0.0,0.0,0.0,0.0,0.0,0.0,1.6522403,0.9181548,0.0,0.0,0.0,0.0,0.0,0.0,0.0,0.0,0.0,0.0,0.0,0.0,0.0,0.0,0.0
TLR2,0.0,0.0,0.49127394,0.0,0.0,0.0,0.0,0.0,0.0,0.0,0.0,0.8840804,0.0,0.0,0.0,0.0,0.0,0.0,0.0,0.0,0.0,0.0,0.17070061,0.0,0.0,0.0,0.0,0.0,0.0,0.0,0.0,0.0,0.0,0.0,0.0,0.0,0.0,0.0,0.0,0.0,0.0,0.0
PLRG1,0.0,0.0,0.0,0.0,0.0,0.0,0.0,0.23031795,0.0,0.0,0.0,0.0,0.0,0.0,0.0,0.0,0.0,0.0,0.0,0.0,0.0,0.0,0.0,0.0,0.13803001,0.0,0.0,0.0,0.0,0.0,0.0,0.0,0.0,0.0,0.0,0.0,0.0,0.0,0.0,0.0,0.0,0.0
GUCY1B1,0.0,0.0,0.0,0.0,0.0,0.0,0.0,0.0,0.0,0.0,0.0,0.0,0.0,0.0,0.0,0.0,0.0,1.1259882,0.0,0.0,0.0,0.0,0.0,0.0,0.0,0.0,0.0,0.0,0.0,0.0,0.0,0.0,0.0,0.0,0.0,0.0,0.0,0.0,0.0,0.0,0.0,0.0
GASK1B,0.0,0.0,0.6879382,0.0,0.0,0.0,0.0,0.0,0.0,0.0,0.0,0.0,0.91374826,0.0,0.0,0.0,0.0,0.0,0.0,0.0,0.0,0.0,0.0,0.0,0.0,0.0,0.0,0.0,0.0,0.0,0.0,0.0,0.0,0.0,0.0,0.0,0.0,0.0,0.0,0.0,0.0,0.0
PPID,0.0,0.0,0.0,0.0,0.0,0.0,0.0,0.20464721,0.0,0.0,0.0,0.0,0.0,0.0,0.0,0.0,0.0,0.0,0.0,0.0,0.0,0.0,0.0,0.0,0.0,0.0,0.0,0.0,0.0,0.0,0.0,0.0,0.0,0.0,0.0,0.0,0.0,0.0,0.0,0.0,0.0,0.0
FNIP2,0.0,0.0,0.0,0.0,0.0,0.5457487,0.34136593,0.0,0.0,0.0,0.0,0.0,0.0,0.0,0.0,0.0,0.0,0.0,0.0,0.0,0.0,0.0,0.0,0.0,0.0,0.0,0.0,0.0,0.0,0.0,0.0,0.0,0.0,0.0,0.0,0.0,0.0,0.0,0.0,0.0,0.0,0.0
TMA16,0.0,0.0,0.0,0.0,0.0,0.0,0.0,0.25214896,0.0,0.0,0.0,0.0,0.0,0.0,0.0,0.0,0.0,0.0,0.0,0.0,0.0,0.0,0.0,0.0,0.27992752,0.0,0.0,0.0,0.0,0.0,0.0,0.0,0.0,0.0,0.0,0.0,0.0,0.0,0.0,0.0,0.0,0.0
MARCHF1,0.9370472,0.0,0.92814505,0.14238046,0.0,0.8300034,0.80836934,0.0,0.0,0.0,0.0,0.4254868,0.0,0.0,0.0,0.0,0.0,0.0,0.96287006,0.0,0.0,0.0,0.6010104,0.0,0.0,0.0,0.0,0.0,0.0,0.0,0.0,0.0,0.0,0.0,0.0,0.0,0.0,0.0,0.0,0.0,0.0,0.5346355
HPF1,0.0,0.0,0.0,0.0,0.0,0.0,0.0,0.3399948,0.0,0.0,0.0,0.0,0.0,0.0,0.0,0.0,0.0,0.0,0.0,0.0,0.0,0.0,0.0,0.0,0.12957723,0.0,0.0,0.0,0.0,0.0,0.0,0.0,0.0,0.0,0.0,0.0,0.0,0.0,0.0,0.0,0.0,0.0
HMGB2,0.565376,0.0,1.5911323,2.4046652,2.9051762,0.0,0.82148993,2.0786107,0.0,2.1855302,0.392094,1.2985562,0.7458428,0.0,0.0,1.0549331,1.4910529,0.0,0.0,0.0,0.0,0.0,0.62471664,0.0,1.8766731,0.0,0.935398,1.5084529,0.26714504,0.0,0.7275926,1.0710579,0.0,1.1536272,0.0,0.0,0.0,0.9261837,1.0787475,1.0395058,0.99532795,0.0
SAP30,0.0,0.0,0.0,0.24631317,0.0,0.0,0.3404857,0.0,0.0,0.18155362,0.0,0.5221987,0.0,0.0,0.0,0.0,0.0,0.0,0.0,0.0,0.0,0.0,0.0,0.0,0.0,0.0,0.0,0.0,0.0,0.0,0.0,0.0,0.0,0.0,0.0,0.0,0.0,0.0,0.0,0.0,0.0,0.0
HPGD,0.0,0.0,0.0,0.0,0.0,0.0,0.0,0.0,0.0,0.0,0.0,0.0,0.0,0.0,0.0,0.0,1.6447134,0.0,0.0,0.0,0.0,0.0,0.0,0.0,0.0,0.0,0.0,0.0,0.0,0.0,0.0,0.0,0.0,0.0,0.0,0.0,0.0,0.0,0.0,0.0,0.0,0.0
SPCS3,0.0,0.0,0.7822474,1.1671929,0.8431337,0.4580726,0.6865629,0.41530126,0.0,0.5521189,0.0,1.054872,1.3831153,0.0,0.0,0.0,0.8662355,0.0,0.0,0.0,0.0,0.0,0.69966096,1.5576909,1.8795286,0.0,0.0,0.7925349,0.6494536,0.0,0.0,0.0,0.0,0.0,0.0,0.0,0.0,0.0,0.0,0.0,0.0,1.2447003
AGA,0.0,0.0,0.0,0.0,0.0,0.0,0.0,0.0,0.0,0.0,0.0,0.0,0.0,0.0,0.0,0.0,0.0,0.0,0.0,0.0,0.0,0.0,0.0,0.0,0.14103276,0.0,0.0,0.0,0.0,0.0,0.0,0.0,0.0,0.0,0.0,0.0,0.0,0.0,0.0,0.0,0.0,0.0
DCTD,0.0,0.0,0.0,0.0,0.0,0.27226898,0.0,0.28555635,0.0,0.0,0.0,0.0,0.0,0.0,0.0,0.0,0.0,0.0,0.0,0.0,0.0,0.0,0.0,0.0,0.16683619,0.0,0.0,0.0,0.0,0.0,0.0,0.0,0.0,0.0,0.0,0.0,0.0,0.0,0.0,0.0,0.0,0.0
CDKN2AIP,0.0,0.0,0.0,0.0,0.0,0.0,0.0,0.33012676,0.0,0.0,0.0,0.0,0.0,0.0,0.0,0.0,0.0,0.0,0.0,0.0,0.0,0.0,0.0,0.0,0.0,0.0,0.0,0.0,0.0,0.0,0.0,0.0,0.0,0.0,0.0,0.0,0.0,0.0,0.0,0.0,0.0,0.0
ING2,0.0,0.0,0.0,0.0,0.0,0.0,0.0,0.0,0.0,0.0,0.0,0.0,0.0,0.0,0.0,0.0,0.0,0.0,0.0,0.0,0.0,0.0,0.0,0.0,0.18095525,0.0,0.0,0.0,0.0,0.0,0.0,0.0,0.0,0.0,0.0,0.0,0.0,0.0,0.0,0.0,0.0,0.0
RWDD4,0.0,0.0,0.0,0.0,0.0,0.0,0.0,0.25071904,0.0,0.0,0.0,0.0,0.0,0.0,0.0,0.0,0.0,0.0,0.0,0.0,0.0,0.0,0.0,0.0,0.18984015,0.0,0.0,0.0,0.0,0.0,0.0,0.0,0.0,0.0,0.0,0.0,0.0,0.0,0.0,0.0,0.0,0.0
IRF2,0.0,0.0,0.0,0.0,0.0,0.0,0.367315,0.0,0.0,0.0,0.0,0.0,0.0,0.0,0.0,0.0,0.0,0.0,0.0,0.0,0.0,0.0,0.0,0.0,0.23462802,0.0,0.0,0.0,0.0,0.0,0.0,0.0,0.0,0.0,0.0,0.0,0.0,0.0,0.0,0.0,0.0,0.0
CASP3,0.0,0.0,0.0,0.0,0.0,0.0,0.0,0.40724805,0.0,0.0,0.0,0.0,0.0,0.0,0.0,0.0,0.0,0.0,0.0,0.0,0.0,0.0,0.0,0.0,0.4261218,0.0,0.0,0.0,0.0,0.0,0.0,0.0,0.0,0.0,0.0,0.0,0.0,0.0,0.0,0.0,0.0,0.0
CENPU,0.0,0.0,0.0,0.0,0.9420806,0.0,0.0,0.94829655,0.0,0.8004914,0.0,0.0,0.0,0.0,0.0,0.0,0.0,0.0,0.0,0.0,0.0,0.0,0.0,0.0,0.4128749,0.0,0.0,0.25769907,0.0,0.0,0.0,0.0,0.0,0.0,0.0,0.0,0.0,0.0,0.0,0.0,0.0,0.0
ACSL1,0.0,0.0,1.2765982,0.55374444,0.0,0.0,0.0,0.0,0.0,0.0,0.0,1.3923851,0.7458428,0.0,0.0,0.0,0.0,0.0,0.0,0.0,0.0,0.0,0.70647347,0.0,0.0,0.0,0.0,0.0,0.0,0.0,0.0,0.0,0.0,0.0,0.0,0.0,0.0,0.0,0.0,0.0,0.0,0.0
SLC25A4,0.0,0.0,0.0,0.0,0.0,0.0,0.0,0.0,0.0,0.0,0.0,0.0,0.0,0.0,0.0,0.0,0.0,0.0,0.0,0.0,0.0,0.0,0.0,0.19645442,0.57067865,0.0,0.0,0.0,0.0,0.0,0.0,0.0,0.0,0.0,0.0,0.0,0.0,0.0,0.0,0.0,0.0,0.0
CFAP97,0.0,0.0,0.0,0.0,0.0,0.0,0.0,0.21365197,0.0,0.0,0.0,0.0,0.0,0.0,0.0,0.0,0.0,0.0,0.0,0.0,0.0,0.0,0.0,0.0,0.0,0.0,0.0,0.0,0.0,0.0,0.0,0.0,0.0,0.0,0.0,0.0,0.0,0.0,0.0,0.0,0.0,0.0
SNX25,0.0,0.0,0.0,0.0,0.0,0.0,0.0,0.0,0.0,0.21446666,0.0,0.0,0.0,0.0,0.0,0.0,0.0,0.0,0.0,0.0,0.0,0.0,0.0,0.0,0.0,0.0,0.0,0.0,0.0,0.0,0.0,0.0,0.0,0.0,0.0,0.0,0.0,0.0,0.0,0.0,0.0,0.0
UFSP2,0.0,0.0,0.0,0.0,0.0,0.0,0.0,0.0,0.0,0.0,0.0,0.0,0.0,0.0,0.0,0.0,0.0,0.0,0.0,0.0,0.0,0.0,0.0,0.0,0.16634938,0.0,0.0,0.0,0.0,0.0,0.0,0.0,0.0,0.0,0.0,0.0,0.0,0.0,0.0,0.0,0.0,0.0
FRG1,0.0,0.0,0.0,0.37530932,0.66243553,0.0,0.43932745,0.3798495,0.0,0.44826725,0.0,0.0,0.0,0.0,0.0,0.0,0.0,0.0,0.0,0.0,0.0,0.0,0.0,0.0,0.3456074,0.0,0.0,0.2890891,0.0,0.0,0.0,0.0,0.0,0.0,0.0,0.0,0.0,0.0,0.0,0.0,0.0,0.0
SDHA,0.0,0.0,0.0,0.0,0.5554552,0.53241324,0.33851904,0.72433317,0.0,0.4398609,0.0,0.5221987,0.0,0.0,0.0,0.0,0.0,0.0,0.0,0.0,0.0,0.0,0.0,0.1973412,0.4297319,0.0,0.9181548,0.26884553,0.0,0.0,0.0,0.0,0.0,0.0,0.0,0.0,0.0,0.0,0.0,0.0,0.0,0.0
PDCD6,0.510213,0.0,0.0,0.0,0.5801917,0.50513124,0.6284687,0.75795853,0.0,0.7130445,0.0,0.3987304,0.0,0.0,0.0,0.0,0.0,0.0,0.0,0.0,0.0,0.0,0.0,0.0,0.33476672,0.0,0.0,0.55392635,0.0,0.0,0.0,0.0,0.0,0.0,0.0,0.0,0.0,0.0,0.0,0.0,0.0,0.667194
BRD9,0.0,0.0,0.0,0.0,0.0,0.0,0.0,0.0,0.0,0.18083665,0.0,0.0,0.0,0.0,0.0,0.0,0.0,0.0,0.0,0.0,0.0,0.0,0.0,0.0,0.17393991,0.0,0.0,0.0,0.0,0.0,0.0,0.0,0.0,0.0,0.0,0.0,0.0,0.0,0.0,0.0,0.0,0.0
TRIP13,0.0,0.0,0.0,0.0,0.0,0.0,0.0,0.0,0.0,0.0,0.0,0.0,0.0,0.0,0.0,0.0,0.0,0.0,0.0,0.0,0.0,0.0,0.0,0.0,0.16634938,0.0,0.0,0.0,0.0,0.0,0.0,0.0,0.0,0.0,0.0,0.0,0.0,0.0,0.0,0.0,0.0,0.0
CLPTM1L,0.0,0.0,0.0,0.0,0.0,0.0,0.0,0.0,0.0,0.0,0.0,0.0,0.0,0.0,0.0,0.0,0.0,0.0,0.0,0.0,0.0,0.0,0.0,0.69719666,1.4174508,0.0,0.0,0.0,0.0,0.0,0.0,0.0,0.0,0.0,0.0,0.0,0.0,0.0,0.0,0.0,0.0,0.0
LPCAT1,0.0,0.0,0.0,0.0,0.5122974,0.0,0.0,0.0,0.0,0.0,0.0,0.4254868,0.0,0.0,0.0,0.0,0.0,0.0,0.0,0.0,0.0,0.0,0.0,0.0,0.0,0.0,0.0,0.0,0.0,0.0,0.0,0.0,0.0,0.0,0.0,0.0,0.0,0.0,0.0,0.0,0.0,0.0
MRPL36,0.0,0.0,0.0,0.0,0.0,0.0,0.33419082,0.49076557,0.0,0.0,0.0,0.0,0.0,0.0,0.0,0.0,0.0,0.0,0.0,0.0,0.0,0.0,0.0,0.0,0.4185225,0.0,0.0,0.07231126,0.0,0.0,0.0,0.0,0.0,0.0,0.0,0.0,0.0,0.0,0.0,0.0,0.0,0.5229907
NDUFS6,0.0,0.0,0.8177788,1.1919346,1.123265,0.5944774,0.95263255,1.248533,0.83956754,0.7565536,0.0,0.72981226,0.44090223,0.0,0.0,0.0,0.0,0.0,0.0,0.0,0.0,0.0,0.7536463,0.58694345,1.4153099,0.0,0.0,1.065417,0.19114219,0.0,0.0,0.0,0.0,0.0,0.0,0.0,0.0,0.0,0.0,0.0,0.0,0.8425454
ICE1,0.0,0.0,0.0,0.0,0.0,0.0,0.0,0.0,0.0,0.0,0.0,0.0,0.0,0.0,0.0,0.0,0.0,0.0,0.0,0.0,0.0,0.0,0.0,0.0,0.12957723,0.0,0.0,0.0,0.0,0.0,0.0,0.0,0.0,0.0,0.0,0.0,0.0,0.0,0.0,0.0,0.0,0.0
MED10,0.0,0.0,0.0,0.0,0.69175017,0.0,0.36171302,0.28521192,0.0,0.36239028,0.0,0.0,0.0,0.0,0.0,0.0,0.0,0.0,0.0,0.0,0.0,0.0,0.0,0.0,0.31626165,0.0,0.0,0.0,0.0,0.0,0.0,0.0,0.0,0.0,0.77885103,0.0,0.0,0.0,0.0,0.0,0.0,0.7190957
NSUN2,0.0,0.0,0.0,0.0,0.0,0.0,0.0,0.16872524,0.0,0.0,0.0,0.0,0.0,0.0,0.0,0.0,0.0,0.0,0.0,0.0,0.0,0.0,0.0,0.0,0.116415784,0.0,0.0,0.0,0.0,0.0,0.0,0.0,0.0,0.0,0.0,0.0,0.0,0.0,0.0,0.0,0.0,0.0
CCT5,0.0,0.0,0.0,1.0303786,0.85242033,0.64742905,0.6820837,1.3450791,0.0,1.2166724,0.0,0.0,0.44090223,0.0,0.77814996,0.0,0.0,0.0,0.0,0.0,0.0,0.0,0.5979583,0.0,0.95999753,0.0,0.0,0.89281285,0.0,0.0,0.0,0.0,0.0,0.0,0.0,0.0,0.0,0.0,0.0,0.0,0.0,0.0
CMBL,0.0,0.0,0.0,0.0,0.0,0.0,0.0,0.43678296,0.0,0.0,0.0,0.0,0.0,0.0,0.0,0.0,0.0,0.0,0.0,0.0,0.0,0.0,0.0,0.0,0.0,0.0,0.0,0.0,0.0,0.0,0.0,0.0,0.0,0.0,0.0,0.0,0.0,0.0,0.0,0.0,0.0,0.0
MARCHF6,0.0,0.0,0.0,0.0,0.0,0.0,0.0,0.16127299,0.0,0.47349092,0.0,0.0,0.0,0.0,0.0,0.0,0.0,0.0,0.0,0.0,0.0,0.0,0.0,0.0,0.17043604,0.0,0.0,0.20502421,0.0,0.0,0.0,0.0,0.0,0.0,0.0,0.0,0.0,0.0,0.0,0.0,0.0,0.0
DAP,0.0,0.0,0.0,0.0,0.0,0.0,0.0,0.0,0.0,0.41463724,0.0,0.3987304,0.0,0.0,0.0,0.0,0.0,0.61432874,0.0,0.0,0.0,0.0,0.0,0.25724223,0.27262,0.0,0.0,0.0,0.0,0.0,0.0,0.0,0.0,0.0,0.0,0.0,0.0,0.0,0.0,0.0,0.0,0.0
TRIO,0.0,0.0,0.0,0.0,0.0,0.34549886,0.0,0.0,0.0,0.18083665,0.0,0.0,0.0,0.0,0.0,0.0,0.0,0.0,0.0,0.0,0.0,0.0,0.0,0.0,0.0,0.0,0.0,0.0,0.0,0.0,0.0,0.0,0.0,0.0,0.0,0.0,0.0,0.0,0.0,0.0,0.0,0.0
OTULINL,0.0,0.0,0.0,0.41577452,0.0,0.37521976,0.40606603,0.0,0.0,0.0,0.0,0.0,0.0,0.0,0.0,0.0,0.0,0.0,0.0,0.0,0.0,0.0,0.0,0.0,0.0,0.0,0.0,0.0,0.0,0.0,0.0,0.0,0.0,0.0,0.0,0.0,0.0,0.0,0.0,0.0,0.0,0.0
OTULIN,0.0,0.0,0.0,0.0,0.0,0.0,0.0,0.0,0.0,0.18155362,0.0,0.0,0.0,0.0,0.0,0.0,0.0,0.0,0.0,0.0,0.0,0.0,0.0,0.0,0.14972688,0.0,0.0,0.0,0.0,0.0,0.0,0.0,0.0,0.0,0.0,0.0,0.0,0.0,0.0,0.0,0.0,0.0
ZNF622,0.0,0.0,0.0,0.0,0.0,0.0,0.0,0.0,0.0,0.0,0.0,0.0,0.44090223,0.0,0.0,0.0,0.0,0.0,0.0,0.0,0.0,0.0,0.0,0.0,0.1720261,0.0,0.0,0.0,0.0,0.0,0.0,0.0,0.0,0.0,0.0,0.0,0.0,0.0,0.0,0.0,0.0,0.0
BASP1,0.0,0.0,0.5971285,0.6740003,0.0,1.8766184,1.1103941,0.0,1.3756998,0.47349092,0.0,1.6444154,0.7257168,0.0,0.0,0.0,0.0,0.0,0.6651712,0.0,0.0,0.0,0.48169258,0.0,0.657506,0.0,0.0,0.0,0.0,0.0,0.0,0.0,0.0,0.0,0.0,0.0,0.0,0.0,0.0,0.0,0.0,0.0
GOLPH3,0.0,0.0,0.0,0.0,0.0,0.0,0.36281422,0.24051897,0.0,0.4153542,0.0,0.0,0.0,0.0,0.0,0.0,0.0,0.0,0.0,0.0,0.0,0.0,0.0,0.26770046,0.319569,0.0,0.0,0.20189393,0.0,0.0,0.0,0.0,0.0,0.0,0.0,0.0,0.0,0.0,0.0,0.0,0.0,0.0
ZFR,0.0,0.0,0.0,0.0,0.0,0.28305006,0.4026517,0.2759024,0.0,0.18155362,0.0,0.0,0.0,0.0,0.0,0.0,0.0,0.0,0.0,0.0,0.0,0.0,0.0,0.0,0.19805485,0.0,0.0,0.36644763,0.0,0.0,0.0,0.0,0.0,0.0,0.0,0.0,0.0,0.0,0.0,0.0,0.0,0.0
SUB1,1.316409,0.97172,1.3602817,1.6887251,1.817998,1.83055,1.5916772,1.7114898,0.39515826,1.329674,1.2041712,1.0883627,1.1682736,1.2138155,1.1810663,1.4869279,1.6677339,1.6636081,1.211998,1.5759001,1.3735136,1.2227036,1.1953369,1.5293059,3.1307325,1.671241,1.3541749,1.4633074,1.792074,0.0,1.4112542,1.622036,1.253299,1.6538359,1.3925328,1.1323072,1.1795038,1.6014856,1.5852438,1.3751119,1.1143222,1.8906493
TARS1,0.0,0.0,0.0,0.0,0.0,0.0,0.0,0.4775036,0.0,0.0,0.0,0.0,0.0,0.0,0.0,0.0,0.0,0.0,0.0,0.0,0.0,0.0,0.0,0.0,0.4555881,0.0,0.0,0.27408516,0.0,0.0,0.0,0.0,0.0,0.0,0.0,0.0,0.0,0.0,0.0,0.0,0.0,0.0
RAD1,0.0,0.0,0.0,0.0,0.0,0.0,0.0,0.21169525,0.0,0.0,0.0,0.0,0.0,0.0,0.0,0.0,0.0,0.0,0.0,0.0,0.0,0.0,0.0,0.0,0.0,0.0,0.0,0.0,0.0,0.0,0.0,0.0,0.0,0.0,0.0,0.0,0.0,0.0,0.0,0.0,0.0,0.0
BRIX1,0.0,0.0,0.0,0.0,0.0,0.0,0.0,0.50859565,0.0,0.0,0.0,0.0,0.0,0.0,0.6868571,0.0,0.0,0.0,0.0,0.0,0.0,0.0,0.0,0.0,0.27262,0.0,0.0,0.0,0.0,0.0,0.0,0.0,0.0,0.0,0.0,0.0,0.0,0.0,0.0,0.0,0.0,0.0
DNAJC21,0.0,0.0,0.0,0.40069896,0.5577208,0.0,0.43482453,0.1552586,0.0,0.0,0.0,0.0,0.0,0.0,0.0,0.0,0.0,0.0,0.0,0.0,0.0,0.0,0.0,0.0,0.3241825,0.0,0.0,0.37478226,0.0,0.0,0.0,0.0,0.0,0.0,0.0,0.0,0.0,0.0,0.0,0.0,0.0,0.0
IL7R,0.0,0.0,0.0,0.0,0.0,0.0,0.0,0.0,0.0,0.0,3.4014785,0.0,0.0,3.3691258,0.0,0.0,0.0,0.0,0.0,0.0,0.0,0.0,0.0,0.0,0.0,0.0,0.0,0.0,0.0,2.0293825,2.9316227,1.7325318,2.8345947,0.0,1.9405082,1.981214,2.6112194,1.4475214,1.9052106,3.0783167,2.9378586,0.0
NADK2,0.0,0.0,0.0,0.0,0.0,0.0,0.0,0.17024116,0.0,0.0,0.0,0.0,0.0,0.0,0.0,0.0,0.0,0.0,0.0,0.0,0.0,0.0,0.0,0.0,0.0,0.0,0.0,0.0,0.0,0.0,0.0,0.0,0.0,0.0,0.0,0.0,0.0,0.0,0.0,0.0,0.0,0.0
NIPBL,0.7278692,0.0,0.61538905,0.67637944,0.73724014,0.0,0.6524383,0.36520562,0.0,0.738312,0.0,0.47305363,0.91374826,0.0,0.9916867,0.0,0.5517632,0.0,0.0,0.0,0.0,0.0,0.50776696,0.0,0.20615016,0.45580325,1.3518347,0.45987588,0.0,0.0,0.0,0.0,0.0,0.0,0.0,0.0,0.0,0.0,0.0,0.0,0.0,0.6610234
NUP155,0.0,0.0,0.0,0.0,0.0,0.0,0.0,0.0,0.0,0.21446666,0.0,0.0,0.0,0.0,0.0,0.0,0.0,0.0,0.0,0.0,0.0,0.0,0.0,0.0,0.0,0.0,0.0,0.0,0.0,0.0,0.0,0.0,0.0,0.0,0.0,0.0,0.0,0.0,0.0,0.0,0.0,0.0
RICTOR,0.0,0.0,0.0,0.0,0.44940493,0.0,0.0,0.0,0.0,0.18083665,0.0,0.0,0.0,0.0,0.0,0.0,0.0,0.0,0.0,0.0,0.0,0.0,0.0,0.0,0.0,0.0,0.0,0.0,0.0,0.0,0.0,0.0,0.0,0.0,0.0,0.0,0.0,0.0,0.0,0.0,0.0,0.0
FYB1,0.0,0.0,1.9654477,1.2171528,1.1650633,0.0,0.928307,0.0,0.0,0.0,0.0,1.0209692,1.5203841,1.0267992,0.0,1.2413632,0.14267562,1.5682036,0.0,1.2203416,1.3594244,0.0,1.4767451,0.0,0.0,0.0,0.0,0.2990167,0.56937295,1.6439099,1.5473789,1.3953245,1.8304949,1.3141274,1.5283927,1.6247811,1.5039802,1.7005472,1.6832609,1.4732987,1.3136184,0.65077657
DAB2,0.0,1.3716987,0.0,0.0,0.0,0.0,0.0,0.0,1.440017,0.0,0.0,0.0,0.97920024,0.0,0.0,0.0,0.0,0.0,0.0,0.0,0.0,0.0,0.0,0.0,0.0,0.0,0.0,0.0,0.0,0.0,0.0,0.0,0.0,0.0,0.0,0.0,0.0,0.0,0.0,0.0,0.0,0.6988483
PTGER4,0.0,0.0,0.0,0.0,0.5082131,0.9254782,0.77093077,0.0,0.0,0.18155362,1.0136976,0.0,0.0,1.0570728,0.0,0.0,0.0,0.0,0.0,0.0,0.0,0.0,0.5661654,0.0,0.0,0.0,0.0,0.0,0.0,0.0,1.0328188,0.0,1.0718782,1.100215,0.93081295,0.87820345,0.9374723,0.0,1.0999475,1.2565256,1.7789584,0.0
RPL37,3.9017363,3.003136,3.0541968,3.1555862,2.9216752,3.7761135,3.4595602,3.8736463,2.7936497,3.7427537,3.6778288,3.1035366,3.2767296,3.6285954,3.8553967,3.4971466,3.3465214,2.6562111,3.9255116,3.1251447,3.4234672,3.8175778,3.1739917,2.2067192,3.2248158,3.454502,3.6919067,3.7036624,3.5119185,1.9219549,3.9498863,3.5715237,3.9021556,3.6031046,4.0418863,3.8985095,4.0715446,3.7481117,3.6014304,3.6043828,3.7571404,3.65316
OXCT1,0.0,0.0,0.0,0.0,0.0,0.0,0.0,0.0,0.0,0.47256014,0.0,0.0,0.0,0.0,0.0,0.0,0.0,0.0,0.0,0.0,0.0,0.0,0.0,0.0,0.24788901,0.0,0.0,0.0,0.0,0.0,0.0,0.0,0.0,0.0,0.0,0.0,0.0,0.0,0.0,0.0,0.0,0.0
RIMOC1,0.0,0.0,0.0,0.0,0.0,0.0,0.0,0.0,0.0,0.21446666,0.0,0.0,0.0,0.0,0.0,0.0,0.0,0.0,0.0,0.0,0.0,0.0,0.0,0.0,0.0,0.0,0.0,0.0,0.0,0.0,0.0,0.0,0.0,0.0,0.0,0.0,0.0,0.0,0.0,0.0,0.0,0.0
SELENOP,0.0,0.0,0.0,0.0,0.0,0.0,0.0,0.0,2.5792193,0.0,0.0,0.0,2.220842,0.0,0.8421502,0.0,0.0,0.0,0.0,0.0,0.0,0.0,0.0,0.0,0.0,0.0,0.0,0.0,0.0,0.0,0.0,0.0,0.0,0.0,0.0,0.0,0.0,0.0,0.0,0.0,0.0,0.0
ZNF131,0.0,0.0,0.0,0.0,0.0,0.0,0.0,0.12689343,0.0,0.52892566,0.0,0.0,0.0,0.0,0.0,0.0,0.0,0.0,0.0,0.0,0.0,0.0,0.0,0.0,0.0,0.0,0.0,0.0,0.0,0.0,0.0,0.0,0.0,0.0,0.0,0.0,0.0,0.0,0.0,0.0,0.0,0.0
PAIP1,0.0,0.0,0.0,0.0,0.0,0.0,0.0,0.3798495,0.0,0.0,0.0,0.0,0.0,0.0,0.0,0.0,0.0,0.0,0.0,0.0,0.0,0.0,0.0,0.0,0.15884948,0.0,0.0,0.0,0.0,0.0,0.0,0.0,0.0,0.0,0.0,0.0,0.0,0.0,0.0,0.0,0.0,0.5831194
NNT,0.0,0.0,0.0,0.0,0.0,0.0,0.0,0.1552586,0.0,0.21446666,0.0,0.0,0.0,0.0,0.0,0.0,0.0,0.0,0.0,0.0,0.0,0.0,0.0,0.0,0.0,0.0,0.0,0.0,0.0,0.0,0.0,0.0,0.0,0.0,0.0,0.0,0.0,0.0,0.0,0.0,0.0,0.0
MRPS30,0.0,0.0,0.0,0.0,0.0,0.0,0.0,0.23031795,0.0,0.0,0.0,0.0,0.0,0.0,0.0,0.0,0.0,0.0,0.0,0.0,0.0,0.0,0.0,0.0,0.13148819,0.0,0.0,0.0,0.0,0.0,0.0,0.0,0.0,0.0,0.0,0.0,0.0,0.0,0.0,0.0,0.0,0.0
EMB,0.53828317,0.0,0.8523969,1.1675487,0.87555254,0.0,0.37619096,0.0,0.0,0.3960203,0.0,0.0,0.0,1.0342188,0.0,0.0,0.0,0.0,0.0,0.0,0.86953855,0.0,0.0,0.0,0.0,0.0,0.0,0.48132032,0.0,0.0,0.78697664,1.082025,0.0,1.0876021,0.0,0.0,0.0,0.0,1.083769,1.0395058,0.0,0.72881323
PARP8,0.0,0.0,0.0,0.0,0.68025136,0.0,0.0,0.0,0.0,0.41463724,0.0,0.0,0.0,1.3732378,0.0,0.0,0.0,0.0,0.0,0.98228997,1.1395619,0.0,0.0,0.0,0.0,0.0,0.0,0.0,0.0,0.0,0.0,1.1169426,0.0,1.2981217,0.0,0.0,0.0,0.0,1.211326,1.2221966,1.4660808,0.0
NDUFS4,0.0,0.0,0.0,0.0,0.0,0.52941227,0.44683003,0.41394973,0.0,0.3960203,0.0,0.0,0.0,0.0,0.0,0.0,0.0,0.5420301,0.0,0.0,0.0,0.0,0.0,0.0,0.27712843,0.0,0.0,0.29563648,0.0,0.0,0.0,0.0,0.0,0.0,0.0,0.0,0.0,0.0,0.0,0.0,0.0,0.0
SNX18,0.0,0.0,0.0,0.0,0.0,0.0,0.0,0.0,0.0,0.0,0.0,0.0,0.0,0.0,0.0,0.0,0.0,0.0,0.0,0.0,0.0,0.0,0.69994104,0.0,0.0,0.0,0.0,0.0,0.0,0.0,0.0,0.0,0.0,0.0,0.0,0.0,0.0,0.0,0.0,0.0,0.0,0.0
GZMK,0.0,0.0,0.0,0.0,0.0,0.0,0.0,0.0,0.0,0.0,0.0,0.0,0.0,1.8538047,0.0,0.0,0.0,0.0,0.0,0.0,1.7834773,0.0,0.0,0.0,0.0,0.0,0.0,0.0,0.0,0.0,0.0,0.0,0.0,2.3935595,0.0,0.0,0.0,0.0,2.7529345,0.0,0.0,0.0
GZMA,0.0,0.0,0.0,0.0,2.681141,0.0,0.0,0.0,0.0,0.0,0.0,0.0,0.0,1.7621745,0.0,0.0,0.0,0.0,0.0,2.481811,2.120819,0.0,0.0,0.0,0.0,0.0,0.0,0.0,0.99375826,0.0,0.0,2.3978043,0.0,2.1172924,0.0,0.0,0.0,0.0,2.294614,1.4838883,0.0,0.0
DHX29,0.0,0.0,0.0,0.0,0.0,0.0,0.37992248,0.21756232,0.0,0.18155362,0.0,0.0,0.0,0.0,0.0,0.0,0.0,0.0,0.0,0.0,0.0,0.0,0.0,0.0,0.29190183,0.0,0.0,0.0,0.0,0.0,0.0,0.0,0.0,0.0,0.0,0.0,0.0,0.0,0.0,0.0,0.0,0.0
MTREX,0.0,0.0,0.0,0.0,0.0,0.0,0.0,0.14951381,0.0,0.0,0.0,0.0,0.0,0.0,0.0,0.0,0.0,0.0,0.0,0.0,0.0,0.0,0.0,0.0,0.17029929,0.0,0.0,0.0,0.0,0.0,0.0,0.0,0.0,0.0,0.0,0.0,0.0,0.0,0.0,0.0,0.0,0.0
IL6ST,0.0,0.0,0.0,0.0,0.0,0.0,0.0,0.0,0.0,0.0,0.0,0.0,0.7257168,0.0,0.0,0.0,0.0,0.0,0.0,0.0,0.0,0.0,0.0,0.0,0.1759403,0.0,0.0,0.0,0.0,0.0,0.0,0.0,1.007751,0.0,0.88204277,1.0143714,0.0,0.54811,0.0,0.0,0.0,0.0
MAP3K1,0.0,0.0,0.6249789,0.0,0.0,0.0,0.3520353,0.0,0.0,0.42031318,0.0,0.0,0.5578004,0.0,0.0,0.0,0.0,0.0,0.0,0.0,0.0,0.0,0.53873134,0.0,0.0,0.0,0.0,0.0,0.0,0.0,0.0,0.0,0.0,0.0,0.0,0.0,0.0,0.0,0.0,0.0,0.0,0.0
GPBP1,0.9556099,0.0,0.0,0.0,0.79038227,0.41057968,0.6055493,0.21169974,0.0,0.4153542,0.8185749,0.0,0.44090223,1.0070887,0.0,0.0,0.0,0.0,0.8421503,0.7970868,0.8012155,0.0,0.33046967,0.2719523,0.4538422,0.0,0.0,0.36506116,0.604713,0.0,0.8342566,0.9993235,0.87840754,1.050501,0.8374027,0.89067817,0.8425265,0.9524696,0.9744165,0.92719793,0.0,0.6641631
GAPT,0.0,0.0,0.0,0.0,0.0,0.0,0.3259039,0.0,0.0,0.21446666,0.0,0.0,0.0,0.0,0.0,0.0,0.0,0.0,0.0,0.0,0.0,0.0,0.0,0.0,0.0,0.0,0.0,0.0,0.0,0.0,0.0,0.0,0.0,0.0,0.0,0.0,0.0,0.0,0.0,0.0,0.0,1.1791992
PDE4D,0.0,0.0,0.0,0.0,0.0,0.0,0.0,0.0,0.0,0.0,0.0,0.0,0.0,0.0,0.0,0.0,0.0,0.0,0.0,0.0,0.0,0.0,0.0,0.0,0.0,0.0,0.0,0.0,0.0,0.0,0.0,0.0,0.0,0.0,0.0,0.0,0.0,0.0,0.0,0.0,0.9984566,0.0
NDUFAF2,0.0,0.0,0.0,0.0,0.0,0.0,0.0,0.47146323,0.0,0.0,0.0,0.0,0.0,0.0,0.0,0.0,0.0,0.0,0.0,0.0,0.0,0.0,0.0,0.0,0.2958905,0.0,0.0,0.0,0.0,0.0,0.0,0.0,0.0,0.0,0.0,0.0,0.0,0.0,0.0,0.0,0.0,0.0
SMIM15,0.0,0.0,0.0,0.0,0.0,0.0,0.0,0.31457806,0.0,0.36239028,0.0,0.0,0.0,0.0,0.0,0.0,0.0,0.0,0.0,0.0,0.0,0.0,0.0,0.0,0.19805485,0.0,0.0,0.0,0.0,0.0,0.0,0.0,0.0,0.0,0.0,0.0,0.0,0.0,0.0,0.0,0.0,0.0
ZSWIM6,0.0,0.0,0.0,0.0,0.0,0.0,0.0,0.0,0.0,0.0,0.0,0.5221987,0.44090223,0.0,0.0,0.0,0.0,0.0,0.0,0.0,0.0,0.0,0.0,0.0,0.0,0.0,0.0,0.0,0.0,0.0,0.0,0.0,0.0,0.0,0.0,0.0,0.0,0.0,0.0,0.0,0.0,0.0
KIF2A,0.0,0.0,0.0,0.0,0.7901193,0.2875488,0.0,0.23162274,0.0,0.21446666,0.0,0.0,0.0,0.0,0.0,0.0,0.0,1.8253968,0.0,0.0,0.0,0.0,0.0,0.0,0.2500447,0.0,0.0,0.20761472,0.0,0.0,0.0,0.0,0.0,0.0,0.0,0.0,0.0,0.0,0.0,0.0,0.0,0.0
DIMT1,0.0,0.0,0.0,0.0,0.0,0.34549886,0.0,0.25649914,0.0,0.0,0.0,0.0,0.0,0.0,0.0,0.0,0.0,0.0,0.0,0.0,0.0,0.0,0.0,0.0,0.0,0.0,0.0,0.0,0.0,0.0,0.0,0.0,0.0,0.0,0.0,0.0,0.0,0.0,0.0,0.0,0.0,0.0
SREK1IP1,0.0,0.0,0.0,0.0,0.0,0.0,0.0,0.2775542,0.0,0.18155362,0.0,0.0,0.0,0.0,0.0,0.0,0.0,0.0,0.0,0.0,0.0,0.0,0.0,0.0,0.23725653,0.0,0.0,0.0,0.0,0.0,0.0,0.0,0.0,0.0,0.0,0.0,0.0,0.0,0.0,0.0,0.0,0.0
CWC27,0.0,0.0,0.0,0.0,0.0,0.0,0.0,0.2509594,0.0,0.0,0.0,0.0,0.0,0.0,0.0,0.0,0.0,0.0,0.0,0.0,0.0,0.0,0.0,0.0,0.17849067,0.0,0.0,0.0,0.0,0.0,0.0,0.0,0.0,0.0,0.0,0.0,0.0,0.0,0.0,0.0,0.0,0.0
CENPK,0.0,0.0,0.0,0.0,0.7461636,0.0,0.0,0.43917713,0.0,0.6774324,0.0,0.0,0.0,0.0,0.0,0.0,0.0,0.0,0.0,0.0,0.0,0.0,0.0,0.0,0.16684455,0.0,0.0,0.0,0.0,0.0,0.0,0.0,0.0,0.0,0.0,0.0,0.0,0.0,0.0,0.0,0.0,0.0
ERBIN,0.0,0.0,0.0,0.32946894,0.5293051,0.0,0.367315,0.0,0.0,0.0,0.0,0.0,0.0,0.0,0.0,0.0,0.0,0.0,0.0,0.0,0.0,0.0,0.0,0.0,0.0,0.0,0.0,0.0,0.0,0.0,0.0,0.0,0.0,0.0,0.0,0.0,0.0,0.0,0.0,0.0,0.0,0.0
SREK1,0.0,0.0,0.0,0.6080883,0.7392058,0.0,0.50733024,0.37391385,0.0,0.79287326,0.0,0.0,0.0,0.0,0.0,0.0,0.5673169,0.0,0.0,0.0,0.0,0.0,0.0,0.0,0.36230922,0.0,0.9181548,0.53773564,0.0,0.0,0.0,0.0,0.0,0.0,0.0,0.0,0.0,0.0,0.0,0.0,0.0,0.6740386
CD180,0.0,0.0,0.0,0.0,0.0,0.0,0.0,0.0,0.0,0.0,0.0,0.0,0.0,0.0,0.0,0.0,0.0,0.0,0.0,0.0,0.0,0.0,0.0,0.0,0.14813367,0.0,0.0,0.0,0.0,0.0,0.0,0.0,0.0,0.0,0.0,0.0,0.0,0.0,0.0,0.0,0.0,0.0
PIK3R1,0.0,0.0,0.0,0.0,1.0004101,0.0,0.42269358,0.0,0.0,0.36239028,1.105459,0.0,0.5578004,1.1278445,0.0,0.0,0.0,0.0,0.0,1.339231,1.8629819,0.0,0.0,0.0,0.0,0.0,0.0,0.35844535,0.31520152,1.8035223,1.0684794,1.4753113,0.94586945,2.4342828,0.8582262,0.92919064,0.7308715,1.124746,1.8875676,1.094496,1.4025623,0.0
SLC30A5,0.0,0.0,0.0,0.0,0.0,0.0,0.0,0.0,0.0,0.0,0.0,0.0,0.0,0.0,0.0,0.0,0.0,0.0,0.0,0.0,0.0,0.0,0.0,0.0,0.1720261,0.0,0.0,0.0,0.0,0.0,0.0,0.0,0.0,0.0,0.0,0.0,0.0,0.0,0.0,0.0,0.0,0.0
CCNB1,0.0,0.0,0.0,0.0,0.0,0.0,0.0,0.43813822,0.0,0.0,0.0,0.0,0.0,0.0,0.0,0.0,0.0,0.0,0.0,0.0,0.0,0.0,0.0,0.0,0.2521074,0.0,0.0,0.0,0.0,0.0,0.0,0.0,0.0,0.0,0.0,0.0,0.0,0.0,0.0,0.0,0.0,0.0
CENPH,0.0,0.0,0.0,0.0,0.42503905,0.0,0.0,0.49431562,0.0,0.18155362,0.0,0.0,0.0,0.0,0.0,0.0,0.0,0.0,0.0,0.0,0.0,0.0,0.0,0.0,0.20615016,0.0,0.0,0.0,0.0,0.0,0.0,0.0,0.0,0.0,0.0,0.0,0.0,0.0,0.0,0.0,0.0,0.0
KGD4,0.0,0.0,0.0,0.0,0.0,0.329874,0.4089112,0.6768232,0.0,0.31335935,0.0,0.0,0.0,0.0,0.0,0.0,0.0,0.0,0.0,0.0,0.0,0.0,0.0,0.0,0.48684168,0.0,0.0,0.0,0.0,0.0,0.0,0.0,0.0,0.0,0.0,0.0,0.0,0.0,0.0,0.0,0.0,0.0
AK6,0.0,0.0,0.0,0.0,0.0,0.0,0.0,0.59714645,0.0,0.0,0.0,0.0,0.0,0.0,0.0,0.0,0.0,0.0,0.0,0.0,0.0,0.0,0.0,0.0,0.28227392,0.0,0.0,0.0,0.0,0.0,0.0,0.0,0.0,0.0,0.0,0.0,0.0,0.0,0.0,0.0,0.0,0.0
TAF9,0.0,0.0,0.0,0.0,0.0,0.0,0.0,1.0674313,0.0,0.0,0.0,0.0,0.5578004,0.0,0.0,0.0,0.0,0.0,0.0,0.0,0.0,0.0,0.0,0.0,0.5116804,0.0,0.0,0.3937595,0.0,0.0,0.0,0.0,0.0,0.0,0.0,0.0,0.0,0.0,0.0,0.0,0.0,0.0
RAD17,0.0,0.0,0.0,0.0,0.0,0.0,0.0,0.0,0.0,0.0,0.0,0.0,0.0,0.0,0.0,0.0,0.0,0.0,0.0,0.0,0.0,0.0,0.0,0.0,0.069928735,0.0,0.0,0.0,0.0,0.0,0.0,0.0,0.0,0.0,0.0,0.0,0.0,0.0,0.0,0.0,0.0,0.0
NAIP,0.0,0.0,0.9610348,0.75054586,0.0,0.0,0.6605679,0.0,0.0,0.0,0.0,0.0,0.97920024,0.0,0.0,0.0,0.0,0.0,0.0,0.0,0.0,0.0,0.0,0.0,0.0,0.0,0.0,0.0,0.0,0.0,0.0,0.0,0.0,0.0,0.0,0.0,0.0,0.0,0.0,0.0,0.0,0.0
BDP1,0.74891436,0.0,0.0,0.3974488,0.6676135,0.40235615,0.40317827,0.395955,0.0,0.5978737,0.0,0.0,0.0,0.0,0.0,0.0,0.0,0.0,0.0,0.0,0.0,0.0,0.0,0.0,0.30367142,0.0,0.0,0.3654372,0.0,0.0,0.0,0.0,0.0,0.0,0.0,0.0,0.0,0.0,0.0,0.0,0.0,0.6751226
MCCC2,0.0,0.0,0.0,0.0,0.0,0.0,0.0,0.0,0.0,0.0,0.0,0.0,0.0,0.0,0.0,0.0,0.0,0.0,0.0,0.0,0.0,0.0,0.0,0.0,0.14045735,0.0,0.0,0.0,0.0,0.0,0.0,0.0,0.0,0.0,0.0,0.0,0.0,0.0,0.0,0.0,0.0,0.0
MRPS27,0.0,0.0,0.0,0.0,0.0,0.0,0.0,0.27202302,0.0,0.18083665,0.0,0.0,0.0,0.0,0.0,0.0,0.0,0.0,0.0,0.0,0.0,0.0,0.0,0.0,0.1146783,0.0,0.0,0.0,0.0,0.0,0.0,0.0,0.0,0.0,0.0,0.0,0.0,0.0,0.0,0.0,0.0,0.0
ZNF366,0.0,0.0,0.0,0.0,0.0,0.48604932,0.0,0.0,0.0,0.0,0.0,0.0,0.0,0.0,0.0,0.0,0.0,0.0,0.0,0.0,0.0,0.0,0.0,0.0,0.0,0.0,0.0,0.0,0.0,0.0,0.0,0.0,0.0,0.0,0.0,0.0,0.0,0.0,0.0,0.0,0.0,0.0
TNPO1,0.0,0.0,0.0,0.0,0.0,0.3431283,0.0,0.19267997,0.0,0.0,0.0,0.0,0.0,0.0,0.0,0.0,0.0,0.0,0.0,0.0,0.0,0.0,0.0,0.0,0.24683121,0.0,0.0,0.2858544,0.0,0.0,0.0,0.0,0.0,0.0,0.0,0.0,0.0,0.0,0.0,0.0,0.0,0.0
BTF3,2.0047388,1.6178101,1.7211298,1.6241157,1.9485549,2.439923,2.40054,2.6105642,1.903582,2.0065188,2.35515,1.7578769,1.8454674,2.1505024,2.0507255,2.098709,1.8369341,1.9501112,2.1306157,1.9130434,2.202218,2.1597202,1.9383212,0.91276526,1.9032239,2.5112367,2.8113973,2.3267136,2.1553516,0.0,2.4029613,2.0050864,2.2303746,1.8903067,2.5202532,2.2623591,2.464082,2.465559,1.9506394,2.1028006,2.1591775,2.3412704
HEXB,0.0,0.0,0.4708527,0.7689413,0.0,0.4580726,0.6596643,0.0,0.0,0.0,0.0,0.6449004,0.7458428,0.0,0.0,0.0,0.0,0.0,0.0,0.0,0.0,0.0,0.0,0.0,0.11483783,0.0,0.0,0.0,0.0,0.0,0.0,0.0,0.0,0.0,0.0,0.0,0.0,0.0,0.0,0.0,0.0,0.0
NSA2,0.9906212,0.0,0.7590147,0.8319746,0.88385254,0.8300034,1.1314241,1.0703647,0.0,1.164935,1.1428969,0.79289067,0.7257168,1.0515897,0.0,0.7182062,0.7898048,0.0,1.0376201,0.9228811,1.0090284,0.9728786,0.87369645,0.20578405,0.79530925,0.0,1.0581769,1.1236753,0.9186605,0.0,1.3100502,1.0062072,1.148896,0.0,1.5038441,1.2077394,1.2477853,1.162766,0.9744165,1.0624948,1.0412813,0.996488
IQGAP2,0.0,0.0,0.85332394,0.91597044,1.1099434,0.0,0.7046767,0.25649914,0.0,0.0,0.0,0.0,1.4048783,0.0,0.0,0.0,0.0,0.0,0.0,1.1918148,1.0571342,0.0,0.0,0.0,0.2975178,0.0,0.0,0.63808393,0.0,0.0,0.0,0.936953,0.0,0.0,0.0,0.0,0.0,0.8641805,0.0,0.0,0.0,1.1530951
F2R,0.0,0.0,0.0,0.0,0.0,0.0,0.0,0.0,0.0,0.0,0.0,0.0,0.0,0.0,0.0,0.0,0.0,0.5019544,0.0,0.0,0.0,0.0,0.0,0.0,0.0,0.0,0.0,0.0,0.0,0.0,0.0,0.0,0.0,0.0,0.0,0.0,0.0,0.0,0.0,0.0,0.0,0.0
AGGF1,0.0,0.0,0.0,0.0,0.0,0.3431283,0.0,0.2759024,0.0,0.0,0.0,0.0,0.0,0.0,0.0,0.0,0.0,0.0,0.0,0.0,0.0,0.0,0.0,0.0,0.13397753,0.0,0.0,0.0,0.0,0.0,0.0,0.0,0.0,0.0,0.0,0.0,0.0,0.0,0.0,0.0,0.0,0.0
TBCA,0.7556761,0.0,0.82659036,1.0318877,0.9530568,1.0382867,1.0603927,1.2595904,1.2367342,1.1278161,0.96516603,0.7063019,0.7257168,0.0,1.0902166,0.0,0.5742809,0.0,0.70306206,0.0,0.0,0.0,0.9551433,0.39249146,1.0877519,1.0399802,1.1540726,1.1425818,0.6496153,0.0,0.9095639,0.99688965,0.7780863,0.0,0.92137575,0.8865895,0.9466408,0.9519809,0.85012686,0.0,0.0,1.0405422
AP3B1,0.0,0.0,0.0,0.0,0.0,0.0,0.39040408,0.0,0.0,0.3960203,0.0,0.0,0.0,0.0,0.0,0.0,0.0,0.0,0.0,0.0,0.0,0.0,0.0,0.0,0.13101205,0.0,0.0,0.0,0.0,0.0,0.0,0.0,0.0,0.0,0.0,0.0,0.0,0.0,0.0,0.0,0.0,0.0
TENT2,0.0,0.0,0.0,0.0,0.0,0.0,0.0,0.089526,0.0,0.0,0.0,0.0,0.0,0.0,0.0,0.0,0.0,0.0,0.0,0.0,0.0,0.0,0.0,0.0,0.0,0.0,0.0,0.0,0.0,0.0,0.0,0.0,0.0,0.0,0.0,0.0,0.0,0.0,0.0,0.0,0.0,0.0
ZFYVE16,0.0,0.0,0.0,0.0,0.0,0.0,0.0,0.0,0.0,0.0,0.0,0.0,0.44090223,0.0,0.0,0.0,0.0,0.0,0.0,0.0,0.0,0.0,0.0,0.0,0.0,0.0,0.0,0.0,0.0,0.0,0.0,0.0,0.0,0.0,0.0,0.0,0.0,0.0,0.0,0.0,0.0,0.0
DHFR,0.0,0.0,0.0,0.5749188,0.80360484,0.0,0.0,0.85567427,0.0,0.36239028,0.0,0.0,0.0,0.0,0.0,0.0,0.0,0.0,0.0,0.0,0.0,0.0,0.0,0.0,0.4668898,0.0,0.0,0.0,0.0,0.0,0.0,0.0,0.0,0.0,0.0,0.0,0.0,0.0,0.0,0.0,0.0,0.0
ZCCHC9,0.0,0.0,0.0,0.0,0.0,0.0,0.0,0.0,0.0,0.0,0.0,0.0,0.0,0.0,0.0,0.0,0.0,0.0,0.0,0.0,0.0,0.0,0.0,0.0,0.113108404,0.0,0.0,0.0,0.0,0.0,0.0,0.0,0.0,0.0,0.0,0.0,0.0,0.0,0.0,0.0,0.0,0.0
SSBP2,0.0,0.0,0.0,0.0,0.0,0.0,0.0,0.0,0.0,0.0,0.0,0.0,0.0,0.0,0.0,0.0,0.0,0.0,0.0,0.0,0.0,0.0,0.0,0.0,0.0,1.5087614,1.6043375,0.0,0.0,0.0,0.0,0.0,0.0,0.0,0.0,0.0,0.0,0.0,0.0,0.0,0.0,0.0
ATG10,0.0,0.0,0.0,0.0,0.0,0.0,0.0,0.0,0.0,0.3640731,0.0,0.0,0.0,0.0,0.0,0.0,0.0,0.0,0.0,0.0,0.0,0.0,0.0,0.0,0.0,0.0,0.0,0.0,0.0,0.0,0.0,0.0,0.0,0.0,0.0,0.0,0.0,0.0,0.0,0.0,0.0,0.0
RPS23,3.9326,3.226588,3.074864,3.3413484,3.0284216,4.134318,3.8881974,4.180341,3.267175,3.81207,3.7657037,3.083438,3.4133816,3.750709,4.0129585,3.6567655,3.5888789,3.0498137,4.1417093,3.2053382,3.5833979,4.1198773,3.3356075,2.3411465,3.3032491,3.6674504,3.8290553,4.042345,3.699011,1.8377872,4.0297813,3.5576243,3.9158525,3.4624264,4.227366,4.028222,4.1901765,3.7274458,3.5900126,3.7327673,3.7326741,4.0740447
TMEM167A,0.0,0.35249922,0.8459289,0.75867236,0.0,0.3139043,0.49283025,0.3702239,0.0,0.18155362,0.0,0.5073828,0.0,0.0,0.0,0.0,0.0,0.085820645,0.0,0.0,0.0,0.0,0.6144656,0.2383474,0.6119117,0.0,0.0,0.3221048,0.0,0.0,0.0,0.0,0.0,0.0,0.0,0.0,0.0,0.0,0.0,0.0,0.0,0.0
VCAN,0.0,0.0,3.4693904,2.6882863,0.0,0.0,1.7050929,0.0,0.0,0.0,0.0,2.5043788,1.141807,0.0,0.0,1.3104457,0.0,0.0,0.0,0.0,0.0,0.0,0.8529951,0.0,0.0,0.0,0.0,0.0,0.0,0.0,0.0,0.0,0.0,0.0,0.0,0.0,0.0,0.0,0.0,0.0,0.0,0.0
COX7C,1.8656301,1.7795953,1.7023672,1.6491807,1.7884784,2.3224702,1.9114593,2.226739,2.279728,1.8711102,1.6623489,1.7363161,1.5547979,1.956267,1.9296647,1.9831182,1.6772809,1.6792748,1.9958375,1.6994197,1.816056,1.9227023,2.0067255,1.169229,2.0479026,2.0586557,1.9998212,1.9192724,1.7966988,0.0,2.216173,1.9880383,2.1696186,1.9593184,2.2423072,2.135449,2.3155344,2.1801984,2.0050864,1.9457388,1.8649383,1.9865294
RASA1,0.0,0.0,0.0,0.0,0.0,0.0,0.0,0.0,0.0,0.0,0.0,0.0,0.44090223,0.0,0.0,0.0,0.0,0.0,0.0,0.0,0.0,0.0,0.0,0.0,0.0,0.0,0.0,0.0,0.0,0.0,0.0,0.0,0.0,0.0,0.0,0.0,0.0,0.0,0.0,0.0,0.0,0.0
CCNH,0.0,0.0,0.0,0.0,0.6745326,0.5457487,0.6339459,0.1708125,0.0,0.44057786,0.67302287,0.0,0.0,1.1633708,0.0,0.0,0.0,0.0,0.0,0.873055,0.8739495,0.0,0.0,0.0,0.22458787,0.0,0.0,0.0,0.5451942,0.0,0.7770692,1.033052,1.0377369,1.2535671,0.0,1.0820384,0.8701023,0.92508,1.200345,1.3188117,1.2259256,0.0
MEF2C,1.5201048,0.0,0.0,0.0,0.0,0.5072514,1.1499763,0.0,0.0,1.179707,0.0,0.0,0.5578004,0.0,1.1548164,0.0,0.0,1.438248,1.1227844,0.0,0.0,1.2936863,0.63951266,0.5374929,0.7263295,0.0,1.1965461,0.0,0.0,0.0,0.0,0.0,0.0,0.0,0.0,0.0,0.0,0.0,0.0,0.0,0.0,1.3508272
ENSG00000248323,0.0,0.0,0.0,0.0,0.0,0.0,0.0,0.0,0.0,0.0,0.0,0.5950968,0.5578004,0.0,0.0,0.0,0.0,0.0,0.0,0.0,0.0,0.0,0.0,0.0,0.0,0.0,0.0,0.0,0.0,0.0,0.0,0.0,0.0,0.0,0.0,0.0,0.0,0.0,0.0,0.0,0.0,0.0
ARRDC3,0.0,0.0,0.0,0.0,0.0,0.0,0.0,0.0,0.0,0.0,0.0,0.0,1.141807,0.0,0.0,0.0,0.0,0.0,0.0,0.0,0.0,0.0,0.0,0.0,0.0,0.0,0.0,0.0,0.0,0.0,0.0,0.0,0.0,0.0,0.0,0.0,0.0,0.0,0.0,0.0,0.0,0.0
MCTP1,0.0,0.0,0.0,0.0,0.0,0.0,0.2934634,0.0,0.0,0.0,0.0,0.3987304,0.0,0.0,0.0,0.0,0.0,0.0,0.0,0.0,0.0,0.0,0.0,0.0,0.0,0.0,0.0,0.0,0.0,0.0,0.0,0.0,0.0,0.0,0.0,0.0,0.0,0.0,0.0,0.0,0.0,0.0
SKIC3,0.0,0.0,0.0,0.0,0.0,0.0,0.0,0.16701494,0.0,0.0,0.0,0.0,0.0,0.0,0.0,0.0,0.0,0.0,0.0,0.0,0.0,0.0,0.0,0.0,0.17393991,0.0,0.0,0.0,0.0,0.0,0.0,0.0,0.0,0.0,0.0,0.0,0.0,0.0,0.0,0.0,0.0,0.33685595
RFESD,0.0,0.0,0.0,0.0,0.0,0.0,0.0,0.5759481,0.0,0.0,0.0,0.0,0.0,0.0,0.0,0.0,0.0,0.0,0.0,0.0,0.0,0.0,0.0,0.0,0.0,0.0,0.0,0.0,0.0,0.0,0.0,0.0,0.0,0.0,0.0,0.0,0.0,0.0,0.0,0.0,0.0,0.0
RHOBTB3,0.0,0.0,0.0,0.0,0.0,0.0,0.0,0.42269358,0.0,0.0,0.0,0.0,0.0,0.0,0.0,0.0,0.0,0.0,0.0,0.0,0.0,0.0,0.0,0.0,0.0,0.0,0.0,0.0,0.0,0.0,0.0,0.0,0.0,0.0,0.0,0.0,0.0,0.0,0.0,0.0,0.0,0.0
GLRX,0.0,1.3758222,1.2044709,0.81728435,0.7250573,0.3431283,0.83359367,0.9093425,1.4685524,0.23875955,0.0,0.82655406,0.44090223,0.0,0.0,0.0,0.0,0.0,0.0,0.0,0.0,0.0,0.8318678,0.5716675,0.8529539,0.0,1.3886238,0.31877953,0.0,0.0,0.0,0.0,0.0,0.0,0.0,0.0,0.0,0.60681844,0.0,0.0,0.0,0.5615339
ELL2,0.0,0.0,0.0,0.0,0.0,0.0,0.0,0.0,0.0,0.18155362,0.0,1.1278445,0.0,0.0,0.0,0.0,0.0,0.0,0.0,0.0,0.0,0.0,0.0,0.9159459,0.9387537,0.0,0.0,0.0,0.0,0.0,0.0,0.0,0.0,0.0,0.0,0.0,0.0,0.0,0.0,0.0,0.0,0.0
ENSG00000153113,0.9213302,0.90542024,1.529454,1.3620291,1.2246797,0.5034041,1.1652278,1.2803996,0.0,1.0349405,0.0,0.95204604,0.5578004,0.96992,0.7355936,0.0,0.0,0.0,0.980049,1.2383538,0.0,0.0,1.136847,0.23647301,0.26359427,0.0,0.0,0.0,0.4410104,0.0,0.8237804,1.0471275,0.0,0.0,0.0,0.0,0.0,0.88278997,0.0,0.9573862,0.0,0.0
ERAP2,0.0,0.0,0.0,0.0,0.0,0.4224942,0.0,0.0,0.0,0.18155362,0.0,0.0,0.0,0.0,0.0,0.0,0.0,0.0,0.0,0.0,0.0,0.0,0.0,0.0,0.0,0.0,0.0,0.0,0.0,0.0,0.0,0.0,0.0,0.0,0.0,0.0,0.0,0.0,0.0,0.0,0.0,0.0
LNPEP,0.0,0.0,0.0,0.0,0.7553476,0.3139043,0.0,0.0,0.0,0.0,0.0,0.0,0.0,0.0,0.0,0.0,0.0,0.0,0.0,0.0,0.0,0.0,0.0,0.0,0.0,0.0,0.0,0.20445898,0.0,0.0,0.0,0.0,0.0,0.0,0.0,0.0,0.0,0.0,0.0,0.0,0.0,0.0
CHD1,0.98554105,0.0,0.80688906,0.6734944,0.694751,0.27226898,0.875049,0.33012676,0.0,0.81183314,0.9341768,0.0,0.0,0.88387203,1.1810663,0.0,0.41635305,0.0,0.8067862,0.0,0.0,0.0,0.84147406,0.0,0.17365827,0.0,0.76748186,0.49104464,0.0,0.0,0.71928465,0.0,0.0,0.0,0.0,0.7290938,0.0,0.8373655,0.0,0.0,0.0,0.0
ST8SIA4,0.0,0.0,0.0,0.0,0.0,0.5035982,0.0,0.0,0.0,0.0,0.0,0.0,0.5578004,0.0,0.0,0.0,0.0,0.0,0.0,0.0,0.0,0.0,0.0,0.0,0.16245984,0.0,0.0,0.0,0.0,0.0,0.0,0.0,0.0,0.0,0.0,0.0,0.0,0.0,0.0,0.0,0.0,0.0
PPIP5K2,0.0,0.0,0.0,0.0,0.0,0.0,0.30307323,0.49789536,0.0,0.0,0.0,0.0,0.0,0.0,0.0,0.0,0.0,0.0,0.0,0.0,0.0,0.0,0.0,0.0,0.12638117,0.0,0.0,0.28827524,0.0,0.0,0.0,0.0,0.0,0.0,0.0,0.0,0.0,0.0,0.0,0.0,0.0,0.0
PJA2,0.0,0.0,0.7135806,0.6145936,0.46031404,0.0,0.49472123,0.0,0.0,0.23380059,0.81907105,0.0,0.7257168,0.0,0.0,0.0,0.0,0.0,0.0,0.0,0.0,0.0,0.48863107,0.18363768,0.35774535,0.0,0.0,0.38623187,0.0,0.0,0.0,0.0,0.0,0.0,0.0,0.0,0.0,0.0,0.0,0.0,0.0,0.0
MAN2A1,0.0,0.0,0.0,0.0,0.0,0.0,0.0,0.0,0.0,0.0,0.0,0.0,0.0,0.0,0.0,0.0,0.0,0.0,0.0,0.0,0.0,0.0,0.0,0.0,0.30944383,0.0,0.0,0.0,0.0,0.0,0.0,0.0,0.0,0.0,0.0,0.0,0.0,0.0,0.0,0.0,0.0,0.0
SLC25A46,0.0,0.0,0.0,0.0,0.0,0.0,0.0,0.0,0.0,0.0,0.0,0.0,0.0,0.0,0.0,0.0,0.0,0.0,0.0,0.0,0.0,0.0,0.0,0.0,0.13803001,0.0,0.0,0.0,0.0,0.0,0.0,0.0,0.0,0.0,0.0,0.0,0.0,0.0,0.0,0.0,0.0,0.0
WDR36,0.0,0.0,0.0,0.0,0.0,0.0,0.0,0.19237879,0.0,0.0,0.0,0.0,0.0,0.0,0.6868571,0.0,0.0,0.0,0.0,0.0,0.0,0.0,0.0,0.0,0.0,0.0,0.0,0.0,0.0,0.0,0.0,0.0,0.0,0.0,0.0,0.0,0.0,0.0,0.0,0.0,0.0,0.0
CAMK4,0.0,0.0,0.0,0.0,0.0,0.0,0.0,0.0,0.0,0.0,0.0,0.0,0.0,0.0,0.0,0.0,0.0,0.0,0.0,0.0,0.0,0.0,0.0,0.0,0.0,0.0,0.0,0.0,0.0,0.0,0.0,0.0,0.0,0.0,0.0,0.74595606,0.0,0.0,0.0,0.0,0.0,0.0
NREP,0.0,0.0,0.0,0.0,0.0,0.0,0.0,0.0,0.0,0.0,0.0,0.0,0.0,0.0,0.0,0.0,0.0,0.0,0.0,0.0,0.0,0.0,0.0,0.0,0.0,0.0,0.0,0.35946637,0.0,0.0,0.0,0.0,0.0,0.0,0.0,0.0,0.0,0.0,0.0,0.0,0.0,0.5835792
ENSG00000224032,0.0,0.0,0.0,0.0,0.0,0.0,0.0,0.24811465,0.0,0.18083665,0.59476876,0.0,0.0,0.0,0.0,0.0,0.0,0.0,0.0,0.0,0.0,0.0,0.0,0.0,0.0,0.0,0.0,0.30084926,0.0,0.0,0.0,0.0,0.0,0.0,0.83208764,0.0,0.69935447,0.0,0.0,0.0,0.0,0.0
SRP19,0.0,0.0,0.0,0.42502022,0.7453676,0.5137493,0.5691604,0.56811404,0.0,0.62309736,0.0,0.0,0.0,0.0,0.0,0.0,0.0,0.0,0.0,0.0,0.0,0.0,0.0,0.33253083,0.9461585,0.0,0.0,0.32971978,0.0,0.0,0.0,0.0,0.0,0.0,0.0,0.0,0.0,0.0,0.0,0.0,0.0,0.84585285
REEP5,0.65283537,0.80773175,0.70293903,0.5962352,0.5438069,0.5072514,0.80055124,0.27045375,0.0,0.23380059,0.0,1.0850972,0.0,0.0,0.0,0.0,0.0,0.0,0.0,0.0,0.0,0.0,0.74768716,0.77510643,0.9249798,0.0,0.0,0.0,0.0,0.0,0.0,0.0,0.0,0.0,0.0,0.0,0.0,0.0,0.0,0.0,0.0,0.6806604
DCP2,0.0,0.0,0.0,0.5780588,0.74617827,0.3977822,0.39008018,0.22025168,0.0,0.527826,0.0,0.0,0.0,0.0,0.0,0.0,0.0,0.0,0.0,0.0,0.0,0.0,0.44412673,0.0,0.13148819,0.0,0.0,0.24937998,0.0,0.0,0.0,0.0,0.0,0.0,0.0,0.0,0.0,0.0,0.0,0.0,0.0,0.0
CCDC112,0.0,0.0,0.0,0.0,0.0,0.0,0.0,0.23031795,0.0,0.0,0.0,0.0,0.7458428,0.0,0.0,0.0,0.0,0.0,0.0,0.0,0.0,0.0,0.0,0.0,0.0,0.0,0.0,0.0,0.0,0.0,0.0,0.0,0.0,0.0,0.0,0.0,0.0,0.0,0.0,0.0,0.0,0.0
TMED7,0.0,0.0,0.0,0.0,0.0,0.0,0.0,0.0,0.0,0.0,0.0,0.0,0.0,0.0,0.0,0.0,0.0,0.0,0.0,0.0,0.0,0.0,0.0,0.0,0.14045735,0.0,0.0,0.0,0.0,0.0,0.0,0.0,0.0,0.0,0.0,0.0,0.0,0.0,0.0,0.0,0.0,0.0
ATG12,0.0,0.0,0.0,0.0,0.5043608,0.0,0.0,0.14906947,0.0,0.21446666,0.0,0.0,0.0,0.0,0.6868571,0.0,0.0,0.0,0.0,0.0,0.0,0.0,0.0,0.0,0.22223727,0.0,0.0,0.0,0.0,0.0,0.0,0.0,0.0,0.0,0.0,0.0,0.0,0.0,0.0,0.0,0.0,0.6395053
AP3S1,0.0,0.0,0.0,0.0,0.0,0.0,0.2934634,0.17040983,0.0,0.0,0.0,0.0,0.44090223,0.0,0.0,0.0,0.0,0.0,0.0,0.0,0.0,0.0,0.0,0.20044874,0.14103276,0.0,0.0,0.27566954,0.0,0.0,0.0,0.0,0.0,0.0,0.0,0.0,0.0,0.0,0.0,0.0,0.0,0.67644906
DMXL1,0.0,0.0,0.0,0.0,0.0,0.0,0.0,0.0,0.0,0.47256014,0.0,0.0,0.0,0.0,0.0,0.0,0.0,0.0,0.0,0.0,0.0,0.0,0.0,0.0,0.0,0.0,0.0,0.0,0.0,0.0,0.0,0.0,0.0,0.0,0.0,0.0,0.0,0.0,0.0,0.0,0.0,0.0
TNFAIP8,0.0,0.0,0.0,0.0,0.0,0.37967432,0.40772784,0.0,0.0,0.57238364,0.0,0.0,0.0,0.90885574,0.0,0.0,0.0,0.0,0.80552083,0.0,0.0,0.0,0.0,0.0,0.1931466,0.0,0.0,0.0,0.0,0.0,0.85266703,0.0,0.9714478,0.0,0.84951365,0.9105963,0.0,0.6025966,0.0,0.0,0.0,0.0
HSD17B4,0.0,0.0,0.0,0.0,0.0,0.0,0.27371624,0.31567276,0.0,0.0,0.0,0.0,0.0,0.0,0.0,0.0,0.0,0.0,0.0,0.0,0.0,0.0,0.0,0.0,0.14780025,0.0,0.0,0.0,0.0,0.0,0.0,0.0,0.0,0.0,0.0,0.0,0.0,0.0,0.0,0.0,0.0,0.0
SRFBP1,0.0,0.0,0.0,0.0,0.0,0.0,0.0,0.0,0.0,0.0,0.0,0.0,0.44090223,0.0,0.0,0.0,0.0,0.0,0.0,0.0,0.0,0.0,0.0,0.0,0.0,0.0,0.0,0.0,0.0,0.0,0.0,0.0,0.0,0.0,0.0,0.0,0.0,0.0,0.0,0.0,0.0,0.0
SNX2,1.1722982,0.35249922,0.0,0.3548802,0.0,0.28951037,0.6596643,0.27165872,0.0,0.9392494,0.0,0.5221987,0.0,0.0,1.0902166,0.0,0.0,0.0,0.9132658,0.0,0.0,1.2608572,0.6875939,0.0,0.17365827,0.0,1.5184323,0.19863628,0.0,0.0,0.0,0.0,0.0,0.0,0.0,0.0,0.0,0.0,0.0,0.0,0.0,0.0
CSNK1G3,0.0,0.0,0.0,0.0,0.0,0.0,0.0,0.0,0.0,0.0,0.0,0.0,0.0,0.0,0.9916867,0.0,0.0,0.0,0.0,0.0,0.0,0.0,0.0,0.0,0.0,0.0,0.0,0.0,0.0,0.0,0.0,0.0,0.0,0.0,0.0,0.0,0.0,0.0,0.0,0.0,0.0,0.0
PHAX,0.0,0.0,0.0,0.0,0.0,0.0,0.0,0.0,0.0,0.21446666,0.0,0.0,0.0,0.0,0.0,0.0,0.0,0.0,0.0,0.0,0.0,0.0,0.0,0.0,0.39370456,0.0,0.0,0.0,0.0,0.0,0.0,0.0,0.0,0.0,0.0,0.0,0.0,0.0,0.0,0.0,0.0,0.0
LMNB1,0.0,0.0,0.0,1.0106323,0.94404435,0.40020192,0.4363086,0.58987784,0.0,0.61035377,0.0,0.0,0.0,0.0,0.0,0.0,0.0,0.0,0.0,0.0,0.0,0.0,0.0,0.0,0.3891578,0.0,0.0,0.34373373,0.0,0.0,0.0,0.0,0.0,0.0,0.0,0.0,0.0,0.0,0.0,0.0,0.0,0.0
SLC12A2-DT,0.0,0.0,0.0,0.0,0.0,0.0,0.0,0.0,0.0,0.23380059,0.0,0.0,0.0,0.0,0.0,0.0,0.0,0.0,0.0,0.0,0.0,0.0,0.0,0.0,0.15106389,0.0,0.0,0.0,0.0,0.0,0.0,0.0,0.0,0.0,0.0,0.0,0.0,0.0,0.0,0.0,0.0,0.0
ISOC1,0.0,0.0,0.0,0.0,0.0,0.0,0.0,0.2921423,0.0,0.0,0.0,0.0,0.0,0.0,0.0,0.0,0.0,0.0,0.0,0.0,0.0,0.0,0.0,0.0,0.0,0.0,0.0,0.0,0.0,0.0,0.0,0.0,0.0,0.0,0.0,0.0,0.0,0.0,0.0,0.0,0.0,0.0
HINT1,1.7209728,0.0,0.9995405,1.4327576,1.8393843,1.7259908,1.9509628,2.171755,2.1525455,1.9466696,1.7348344,0.7784047,0.5578004,1.6791689,1.7421771,1.665819,1.9295516,1.6615207,1.869602,1.4154701,1.6771617,1.8241469,0.9154516,0.87356955,1.9823424,1.3428917,1.4929177,2.2233849,1.7111325,0.0,2.07223,1.5504923,1.9123875,1.6256326,1.9829347,1.7856057,1.926827,1.8653995,1.7380133,1.7225449,1.6761012,2.1804247
CDC42SE2,0.6126078,0.0,0.0,0.0,0.72489256,0.41900888,0.49283025,0.0,0.0,0.23380059,0.8185749,0.0,0.7458428,1.0631148,1.0902166,0.0,0.0,0.0,0.7830055,0.93328667,0.81751466,0.0,0.0,0.0,0.37066114,0.0,0.0,0.24405883,0.5250245,0.0,0.92151237,1.1455221,0.9740058,1.1838908,0.8804689,0.0,0.9203297,0.9266444,1.2307086,0.97246933,1.0495343,0.56166756
RAPGEF6,0.0,0.0,0.0,0.0,0.0,0.0,0.0,0.0,0.0,0.18155362,0.0,0.0,0.0,0.0,0.0,0.0,0.0,0.0,0.0,0.0,0.0,0.0,0.0,0.0,0.0,0.0,0.0,0.0,0.0,0.0,0.0,0.0,0.0,0.0,0.8951924,1.3236489,0.78606504,0.0,0.0,0.0,0.0,0.0
FNIP1,0.0,0.0,0.0,0.0,0.35765335,0.0,0.41778326,0.0,0.0,0.49282485,0.0,0.5073828,0.7458428,0.0,0.0,0.0,0.0,0.0,0.0,0.0,0.0,0.0,0.0,0.0,0.0,0.0,0.0,0.0,0.0,0.0,0.0,0.0,0.0,0.0,0.0,0.0,0.0,0.0,0.0,0.0,0.0,0.0
ENSG00000197536,0.0,0.0,0.0,0.0,0.49261725,0.0,0.0,0.0,0.0,0.0,0.0,0.0,0.0,0.0,0.0,0.0,0.0,0.0,0.0,0.0,0.0,0.0,0.0,0.0,0.0,0.0,0.0,0.0,0.0,0.0,0.0,0.0,0.0,0.0,0.0,0.0,0.0,0.0,0.0,0.0,0.0,0.0
IRF1,0.0,0.0,0.0,0.49494356,1.6208469,0.34146005,0.53758657,0.0,0.0,0.55321854,1.6540235,0.5073828,0.5578004,1.4468999,0.9916867,0.37371594,0.0,0.0,0.9413661,1.8755028,1.8858658,0.0,0.68090844,0.502152,0.7683665,0.0,0.9045438,0.28513682,0.75154114,1.881255,1.1644311,1.3109406,1.153924,1.5535481,1.5839081,1.0471892,0.9203297,1.5619055,1.2659537,1.2158151,1.0412813,0.5780914
RAD50,0.0,0.0,0.0,0.0,0.0,0.0,0.0,0.48130643,0.0,0.23875955,0.0,0.0,0.0,0.0,0.0,0.0,0.0,0.0,0.0,0.0,0.0,0.0,0.0,0.0,0.24788901,0.0,0.0,0.0,0.0,0.0,0.0,0.0,0.0,0.0,0.0,0.0,0.0,0.0,0.0,0.0,0.0,0.0
UQCRQ,0.6535427,0.0,0.9878626,1.3592597,1.220118,1.0982568,1.1286693,1.7678125,1.6291466,1.6537094,0.72809076,1.2382755,1.1682736,0.89587796,0.0,0.6725059,0.88357586,0.79711354,0.0,1.0140893,0.8680936,0.0,1.1614723,1.0300558,1.7584872,0.0,1.0581769,1.4013608,0.900439,0.0,0.75489855,1.0213101,0.82227576,0.944859,0.0,0.7634045,0.82227576,0.0,0.89322734,0.0,0.0,0.90853167
AFF4,0.57448566,0.0,0.0,0.0,0.0,0.54746395,0.49660182,0.0,0.0,0.6028327,0.0,0.0,1.4048783,0.0,1.1548164,0.0,0.0,0.0,0.0,0.0,0.0,0.0,0.20559804,0.19102594,0.18095525,1.0356917,1.2402272,0.0,0.0,0.0,0.0,0.0,0.0,0.0,0.0,0.0,0.0,0.0,0.0,0.0,0.0,0.62210774
HSPA4,0.6760944,0.0,0.0,0.0,0.0,0.0,0.37992248,0.6521885,0.0,0.18155362,0.0,0.0,0.0,0.0,0.0,0.0,0.0,0.0,0.0,0.0,0.0,0.0,0.0,0.0,0.39058423,0.0,0.935398,0.0,0.0,0.0,0.0,0.0,0.0,0.0,0.0,0.0,0.0,0.0,0.0,0.0,0.0,0.0
VDAC1,0.51613474,0.8459288,0.0,0.6303334,0.7303993,0.9360883,0.7923612,0.8102884,0.0,0.5978737,0.0,0.91348,1.141807,0.0,0.0,0.0,0.0,0.0,0.0,0.0,0.0,0.0,0.6497378,0.24428296,1.0880344,1.3553078,1.0257652,0.8544809,0.0,0.0,0.0,0.0,0.0,0.0,0.0,0.0,0.0,0.0,0.0,0.0,0.0,0.5273314
TCF7,0.0,0.0,0.0,0.0,0.0,0.0,0.0,0.0,0.0,0.0,1.1449375,0.0,0.0,0.0,0.0,0.0,0.0,0.0,0.0,0.0,0.0,0.0,0.0,0.0,0.0,0.0,0.0,0.0,0.0,0.0,1.1197158,0.0,1.326419,0.0,1.5479858,1.8225653,1.4760271,0.0,0.0,0.0,0.0,0.0
SKP1,1.2050706,0.9897175,1.0575633,1.1237203,1.3656911,1.1939863,1.1345564,1.5597255,1.7602026,1.0785167,1.553327,1.3198661,0.97920024,1.4456584,1.6765134,0.9788544,1.2156229,1.6224592,1.3031762,1.4266102,1.3483953,1.2254156,1.2493806,0.4184751,1.1406952,1.3038108,1.409537,1.3483627,1.0940021,0.0,1.4237311,1.4747914,1.423133,1.5572325,1.39767,1.3693433,1.4667219,1.4317614,1.4873254,1.4532697,1.3471818,1.2997212
PPP2CA,0.58264226,0.0,0.53812003,0.7207053,0.7466155,0.59331524,0.65458435,0.5037278,0.0,0.49282485,0.81907105,0.6602513,0.0,0.0,0.77814996,0.0,0.0,0.0,0.0,0.0,0.0,0.0,0.57299733,0.21425852,0.6108257,0.0,0.0,0.53402805,0.0,0.0,0.0,0.0,0.0,0.0,0.0,0.0,0.0,0.6392266,0.0,0.0,0.0,0.5297593
UBE2B,0.6262727,0.0,0.60718036,0.49965823,0.6336554,0.38905048,0.69209886,0.24969327,0.0,0.18083665,0.48630244,0.5221987,0.5578004,0.91276526,0.0,0.0,0.43953553,0.0,0.0,0.0,0.0,0.0,0.806615,0.26971257,0.4297319,0.0,1.0764471,0.29792416,0.6490934,0.0,0.819852,0.0,0.86346614,0.82710356,0.9163058,0.9422716,0.8920358,0.9901957,0.0,0.7013468,0.0,0.61841255
CDKN2AIPNL,0.0,0.0,0.0,0.0,0.0,0.0,0.0,0.20119326,0.0,0.18083665,0.0,0.0,0.0,0.0,0.0,0.0,0.0,0.0,0.0,0.0,0.0,0.0,0.0,0.0,0.118237555,0.0,0.0,0.0,0.0,0.0,0.0,0.0,0.0,0.0,0.0,0.0,0.0,0.0,0.0,0.0,0.0,0.0
SAR1B,0.0,0.0,0.0,0.0,0.0,0.0,0.0,0.18037266,0.0,0.0,0.0,0.3987304,0.0,0.0,0.0,0.0,0.0,0.0,0.0,0.0,0.0,0.0,0.0,0.44865787,0.7559356,0.0,0.0,0.0,0.0,0.0,0.0,0.0,0.0,0.0,0.0,0.0,0.0,0.0,0.0,0.0,0.0,0.0
SEC24A,0.0,0.0,0.0,0.0,0.0,0.0,0.0,0.0,0.0,0.0,0.0,0.0,0.0,0.0,0.0,0.0,0.0,0.0,0.0,0.0,0.0,0.0,0.0,0.2744419,0.3294098,0.0,0.0,0.0,0.0,0.0,0.0,0.0,0.0,0.0,0.0,0.0,0.0,0.0,0.0,0.0,0.0,0.0
CAMLG,0.0,0.0,0.0,0.0,0.5444732,0.37913528,0.57687026,0.0,0.0,0.21446666,0.0,0.0,0.0,0.0,0.0,0.0,1.122653,0.0,0.0,0.0,0.0,0.0,0.0,0.0,0.15106389,0.0,0.0,0.48512995,0.21019685,0.0,0.5708125,0.0,0.0,0.0,0.79236126,0.0,0.0,0.0,0.0,0.0,0.0,0.48238653
DDX46,0.5121089,0.0,0.0,0.7189877,1.0498698,0.59331524,0.7538843,0.9281682,0.0,0.5734832,0.0,0.0,0.0,0.0,1.1548164,0.0,0.0,0.0,0.0,0.959865,0.8772665,0.0,0.48863107,0.21122396,0.75585574,0.0,0.0,0.66720974,0.0,0.0,0.0,0.93553907,0.0,0.0,0.0,0.0,0.0,0.6165049,0.0,0.0,0.0,0.7431774
C5orf24,0.0,0.0,0.0,0.0,0.0,0.0,0.0,0.16923325,0.0,0.0,0.0,0.0,0.0,0.0,0.0,0.0,0.0,0.0,0.0,0.0,0.0,0.0,0.0,0.0,0.0,0.0,0.0,0.0,0.0,0.0,0.0,0.0,0.0,0.0,0.0,0.0,0.0,0.0,0.0,0.0,0.0,0.0
TXNDC15,0.0,0.0,0.0,0.0,0.0,0.0,0.0,0.0,0.0,0.0,0.0,0.0,0.0,0.0,0.0,0.0,0.0,0.0,0.0,0.0,0.0,0.0,0.0,0.6456115,0.6114742,0.0,0.0,0.0,0.0,0.0,0.0,0.0,0.0,0.0,0.0,0.0,0.0,0.0,0.0,0.0,0.0,0.0
MACROH2A1,0.0,1.2629145,1.6488969,1.8925453,1.3603183,1.6639662,1.6714084,1.2760391,0.0,1.7623365,1.1449375,1.5567153,1.3831153,0.0,0.0,0.79815954,0.9560335,0.77624595,0.0,0.0,0.0,0.0,1.40318,0.0,0.66858536,0.0,1.2402272,1.6543162,0.0,0.0,0.0,0.0,0.0,0.0,0.0,0.0,0.0,0.0,0.0,0.0,0.0,1.3247867
TGFBI,0.0,0.0,0.0,0.0,0.0,0.6620797,0.44636363,0.0,0.0,0.0,0.0,1.2728063,1.1682736,0.0,0.0,0.0,0.0,0.0,0.0,0.0,0.0,0.0,0.56102854,0.0,0.0,0.0,0.0,0.0,0.0,0.0,0.0,0.0,0.0,0.0,0.0,0.0,0.0,0.0,0.0,0.0,0.0,1.0827065
HNRNPA0,1.0444939,0.0,0.0,0.6434257,1.1416627,1.2011975,0.8759746,1.2653201,0.0,1.5006087,1.2911952,1.0209692,0.0,1.1198549,0.9916867,0.0,0.0,0.0,1.1323202,0.98876274,1.045151,1.2511581,0.6672734,0.22109266,0.61297196,1.3510351,1.409537,0.7235504,0.960924,0.0,1.0424687,1.0535321,1.1405746,1.2205104,0.9851729,1.1908356,1.1603533,1.0531672,1.1471329,1.1633708,1.2266064,1.0358515
BRD8,0.0,0.0,0.0,0.0,0.0,0.0,0.0,0.0,0.0,0.18083665,0.0,0.0,0.0,0.0,0.0,0.0,0.0,0.0,0.0,0.0,0.0,0.0,0.0,0.0,0.0,0.0,0.0,0.0,0.0,0.0,0.0,0.0,0.0,0.0,0.0,0.0,0.0,0.0,0.0,0.0,0.0,0.0
FAM53C,0.0,0.0,0.0,0.0,0.0,0.40020192,0.0,0.0,0.0,0.21446666,0.0,0.0,0.0,0.0,0.0,0.0,0.0,0.0,0.0,0.0,0.0,0.0,0.0,0.0,0.0,0.0,0.0,0.0,0.0,0.0,0.0,0.0,0.0,0.0,0.0,0.0,0.0,0.0,0.0,0.0,0.0,0.0
KDM3B,0.0,0.0,0.0,0.0,0.0,0.0,0.0,0.0,0.0,0.47256014,0.0,0.0,0.44090223,0.0,0.0,0.0,0.0,0.0,0.0,0.0,0.0,0.0,0.0,0.0,0.0,0.0,0.0,0.0,0.0,0.0,0.0,0.0,0.0,0.0,0.0,0.0,0.0,0.0,0.0,0.0,0.0,0.0
EGR1,0.0,0.0,0.0,0.0,0.0,0.0,0.0,0.0,0.0,0.23380059,0.0,2.8250937,0.0,0.0,0.0,0.0,0.0,0.0,0.0,0.0,0.0,0.0,0.0,0.0,0.0,0.0,0.0,0.0,0.0,0.0,0.0,0.0,0.0,0.0,0.0,0.0,0.0,0.0,0.0,0.0,0.0,0.0
ETF1,0.0,0.0,0.0,0.6831935,0.0,0.67467314,0.5419595,0.55514205,0.0,0.44826725,0.0,0.7063019,0.0,0.0,0.0,0.0,0.0,0.0,0.0,0.0,0.0,0.0,0.0,0.0,0.39370456,0.0,0.0,0.39318758,0.0,0.0,0.0,0.0,0.0,0.0,0.0,0.0,0.0,0.0,0.0,0.0,0.0,0.46308422
HSPA9,0.89837277,0.0,0.52114177,0.92634493,0.9412693,0.65338784,0.8423007,1.258952,0.0,0.81770027,1.0021521,0.47305363,0.44090223,0.0,0.0,0.0,0.1692653,0.0,0.4796156,0.7475666,0.86003673,0.0,0.45232376,0.2007839,1.0256995,0.0,0.0,1.0153979,0.80355024,0.0,0.7954159,0.0,0.0,0.94370806,0.71022415,0.87427986,0.8114862,0.8798082,0.84798414,0.7684728,0.0,0.75990707
CTNNA1,0.0,0.0,0.0,0.25024778,0.0,0.0,0.42269358,0.38631114,0.0,0.0,0.0,0.7063019,0.5578004,0.0,0.0,0.0,0.0,0.0,0.0,0.0,0.0,0.0,0.5537377,0.0,0.0,0.0,0.0,0.0,0.0,0.0,0.0,0.0,0.0,0.0,0.0,0.0,0.0,0.0,0.0,0.0,0.0,0.0
SIL1,0.0,0.0,0.0,0.0,0.0,0.0,0.0,0.0,0.0,0.0,0.0,0.0,1.141807,0.0,0.0,0.0,0.0,0.0,0.0,0.0,0.0,0.0,0.0,0.5912925,0.3683824,0.0,0.0,0.14130703,0.0,0.0,0.0,0.0,0.0,0.0,0.0,0.0,0.0,0.0,0.0,0.0,0.0,0.0
MATR3,0.0,0.0,0.0,0.0,0.0,0.0,0.0,0.0,0.0,0.18083665,0.0,0.0,0.0,0.0,0.0,0.0,0.0,0.0,0.0,0.0,0.0,0.0,0.0,0.0,0.0,0.0,0.0,0.0,0.0,0.0,0.0,0.0,0.0,0.0,0.0,0.0,0.0,0.0,0.0,0.0,0.0,0.0
PAIP2,0.8464227,0.0,0.49138537,0.5534786,0.82744676,0.48604932,0.7097773,0.7388724,0.0,0.62309736,0.0,0.84672683,0.44090223,0.8926312,0.6868571,0.0,0.0,0.75606525,0.6228382,1.0139215,0.8552252,0.0,0.8480705,0.23831886,0.44637376,1.1299167,1.4625027,0.74067414,0.19488612,0.0,0.75657535,1.0209692,0.0,1.0499585,0.81967556,0.7938885,0.85405934,0.8403492,0.99640435,0.9907276,0.9242541,0.7996062
MZB1,0.0,0.0,0.0,0.0,0.0,0.0,0.0,0.0,0.0,0.41935268,0.0,0.0,0.0,0.0,0.0,0.0,0.0,0.0,0.0,0.0,0.0,0.0,0.0,3.4776454,3.0199723,2.0050478,1.8263296,0.0,0.0,0.0,0.0,0.0,0.0,0.0,0.0,0.0,0.0,0.0,0.0,0.0,0.0,2.1130443
STING1,0.0,0.0,0.0,0.66936463,0.0,0.0,0.3689735,0.0,0.0,0.0,0.0,0.0,0.0,0.0,0.0,0.0,0.0,0.0,0.0,0.0,0.0,0.0,0.0,0.0,0.0,0.0,0.0,0.5027708,0.0,0.0,0.0,0.0,0.0,0.0,0.0,0.0,0.0,0.57777834,0.0,0.0,0.0,0.0
UBE2D2,1.2344964,0.0,0.0,0.7944006,1.1497445,0.77582276,0.92035997,0.90928054,0.0,1.0765451,1.206956,0.6449004,0.7257168,1.0313067,1.0902166,0.0,0.1692653,0.9430852,1.0600258,1.1165972,1.0931094,1.2008319,0.720126,0.6012152,1.1203536,0.5167008,1.3830035,0.736989,0.0,0.0,0.98491,1.0026981,1.0259948,1.0452107,0.98396504,0.99182236,1.0466475,1.106406,1.040452,1.0412813,1.1338125,1.287574
CXXC5,0.51613474,0.0,0.0,0.0,0.57774436,0.0,0.0,0.29783472,0.0,0.21446666,0.0,0.0,0.0,0.0,0.0,0.0,0.0,0.0,0.7465749,0.0,0.0,0.0,0.0,0.20959322,0.5574176,1.2989619,0.0,0.0,0.0,0.0,0.0,0.0,0.0,0.0,0.0,0.0,0.0,0.0,0.0,0.0,0.0,0.8920932
PURA,0.0,0.0,0.0,0.0,0.0,0.0,0.0,0.0,0.0,0.18083665,0.0,0.0,0.0,0.0,0.0,0.0,0.0,0.0,0.0,0.0,0.0,0.0,0.0,0.0,0.0,0.0,0.0,0.0,0.0,0.0,0.0,0.0,0.0,0.0,0.0,0.0,0.0,0.0,0.0,0.0,0.0,0.0
PFDN1,0.0,0.0,0.0,0.0,0.41395158,0.0,0.41449797,0.3829364,0.0,0.47256014,0.0,0.0,0.0,0.0,0.0,0.0,0.0,0.0,0.0,0.0,0.0,0.0,0.45411283,0.0,0.2975178,0.0,0.0,0.0,0.0,0.0,0.0,0.0,0.0,0.0,0.0,0.0,0.0,0.0,0.0,0.0,0.0,0.0
HBEGF,0.0,0.0,0.55382353,0.0,0.0,0.0,0.56046355,0.0,0.0,0.0,0.0,0.8423759,0.0,0.0,0.0,0.0,0.0,0.0,0.0,0.0,0.0,0.0,0.0,0.0,0.0,0.0,0.0,0.0,0.0,0.0,0.0,0.0,0.0,0.0,0.0,0.0,0.0,0.0,0.0,0.0,0.0,0.0
ANKHD1,0.0,0.0,0.0,0.52655923,0.6349038,0.38905048,0.58231074,0.2674124,0.0,0.5471599,0.59476876,0.5104259,0.0,0.0,0.0,0.0,0.0,0.0,0.0,0.0,0.0,0.0,0.47854486,0.21425852,0.56612104,0.0,0.0,0.40789253,0.0,0.0,0.0,0.0,0.0,0.0,0.0,0.8054311,0.0,0.0,0.0,0.0,0.0,0.0
SRA1,0.0,0.0,0.0,0.3286943,0.0,0.0,0.5132103,0.28555635,0.0,0.4532262,0.0,0.5073828,0.0,0.0,0.0,0.0,0.0,0.0,0.0,0.0,0.0,0.0,0.53861195,0.2719523,0.5543318,0.0,0.0,0.0,0.0,0.0,0.0,0.0,0.0,0.0,0.0,0.0,0.0,0.0,0.0,0.0,0.0,0.0
SLC35A4,0.0,0.0,0.0,0.0,0.0,0.0,0.0,0.16716605,0.0,0.0,0.0,0.0,0.0,0.0,0.0,0.0,0.0,0.0,0.0,0.0,0.0,0.0,0.0,0.0,0.0,0.0,0.0,0.0,0.0,0.0,0.0,0.0,0.0,0.0,0.0,0.0,0.0,0.0,0.0,0.0,0.0,0.0
CD14,0.0,0.0,2.0143652,0.42551023,0.0,0.0,0.0,0.0,0.0,0.0,0.0,1.7578769,1.1757209,0.0,0.0,0.0,0.0,0.0,0.0,0.0,0.0,0.0,0.7675246,0.0,0.0,0.0,0.0,0.0,0.0,0.0,0.0,0.0,0.0,0.0,0.0,0.0,0.0,0.0,0.0,0.0,0.0,0.0
NDUFA2,0.0,0.0,0.6937728,1.0781505,1.0348618,0.7958162,0.87684774,1.0540189,0.0,1.0843573,0.0,0.47305363,0.0,0.0,0.0,0.0,0.0,0.0,0.0,0.0,0.0,0.0,0.7893758,0.38830087,1.032644,0.0,0.0,0.8115038,0.0,0.0,0.0,0.0,0.0,0.0,0.0,0.0,0.0,0.0,0.0,0.0,0.0,0.87048626
IK,0.6126078,0.0,0.0,0.55951935,0.82127666,0.3828968,0.68434,0.6730699,0.0,0.62309736,0.0,0.0,0.0,0.0,0.0,0.0,0.0,0.0,0.0,0.0,0.0,0.0,0.51956654,0.0,0.6019611,0.0,0.0,0.44750226,0.24147177,0.0,0.6635225,0.81983435,0.0,0.0,0.0,0.7382381,0.0,0.0,0.0,0.0,0.0,0.6981679
HARS1,0.0,0.0,0.0,0.0,0.0,0.0,0.0,0.4396022,0.0,0.0,0.0,0.0,0.0,0.0,0.0,0.0,0.0,0.0,0.0,0.0,0.0,0.0,0.0,0.0,0.29982746,0.0,0.0,0.0,0.0,0.0,0.0,0.0,0.0,0.0,0.0,0.0,0.0,0.0,0.0,0.0,0.0,0.0
HARS2,0.0,0.0,0.0,0.0,0.0,0.0,0.0,0.0,0.0,0.18083665,0.0,0.0,0.0,0.0,0.0,0.0,0.0,0.0,0.0,0.0,0.0,0.0,0.0,0.0,0.0,0.0,0.0,0.0,0.0,0.0,0.0,0.0,0.0,0.0,0.0,0.0,0.0,0.0,0.0,0.0,0.0,0.0
ZMAT2,0.53828317,0.0,0.0,0.364098,0.57996726,0.40578204,0.42269358,0.48475897,0.0,0.44057786,0.0,0.47305363,0.0,0.0,0.0,0.0,0.0,0.0,0.0,0.0,0.0,0.0,0.45159242,0.0,0.2724481,0.0,0.0,0.3512907,0.0,0.0,0.0,0.0,0.0,0.0,0.0,0.0,0.0,0.0,0.0,0.0,0.0,0.0
TAF7,0.72478276,0.0,0.0,0.0,0.6447342,0.0,0.4043847,0.16784665,0.0,0.23380059,0.6301467,0.0,0.5578004,0.9248045,0.0,0.0,0.0,0.0,0.90171415,0.0,0.6027598,0.0,0.0,0.21425852,0.17365827,1.2491412,1.0257652,0.45803937,0.26714504,0.0,0.6190656,0.9058592,0.76971537,0.73834115,0.0,0.94356346,0.7132885,0.0,0.0,0.8939098,0.9434675,0.64020824
DIAPH1,0.0,0.0,0.5721721,0.89577836,1.044375,0.3828968,0.6865629,0.0,0.0,0.4977838,0.0,0.0,0.0,0.0,0.0,0.0,0.0,0.37208712,0.0,0.0,0.0,0.0,0.57352066,0.0,0.25635368,0.0,0.0,0.29051825,0.0,0.0,0.0,0.0,0.0,0.0,0.0,0.0,0.0,0.0,0.0,0.6491481,0.0,0.0
HDAC3,0.0,0.0,0.0,0.0,0.0,0.28951037,0.4026517,0.41774783,0.0,0.21446666,0.0,0.0,0.0,0.0,0.0,0.0,0.0,0.0,0.0,0.0,0.0,0.0,0.0,0.0,0.17029929,0.0,0.0,0.0,0.0,0.0,0.0,0.0,0.0,0.0,0.0,0.0,0.0,0.0,0.0,0.0,0.0,0.0
NDFIP1,0.0,0.0,0.0,0.3593616,0.40482455,0.48598903,0.6220476,0.8754877,0.0,0.36239028,0.8185749,0.0,0.91374826,0.0,0.0,0.0,0.0,0.0,0.0,0.0,0.0,0.0,0.63588595,0.3037737,0.3215746,0.0,0.0,0.23159349,0.0,0.0,0.96285784,0.0,0.8704248,0.0,1.0471276,1.0327127,1.5076653,1.0207419,0.0,0.7013468,0.9242541,0.0
ARHGAP26,0.0,0.0,0.0,0.0,0.0,0.0,0.49283025,0.0,0.0,0.0,0.0,0.3987304,0.0,0.0,0.0,0.0,0.0,0.0,0.0,0.0,0.0,0.0,0.0,0.0,0.0,0.0,0.0,0.0,0.0,0.0,0.0,0.0,0.0,0.0,0.0,0.0,0.0,0.0,0.0,0.0,0.0,0.0
NR3C1,0.57448566,0.0,0.0,0.6223275,0.6467354,0.5944774,0.62292796,0.14906947,0.0,0.82128066,0.0,0.5104259,0.0,0.0,0.7355936,0.0,0.0,0.0,0.0,0.0,0.0,0.0,0.57565844,0.0,0.15349633,1.2479233,1.725858,0.22757556,0.07377778,0.0,0.0,0.0,0.87692964,0.0,0.0,0.0,0.0,0.0,0.0,0.8403492,1.0877972,0.89570653
YIPF5,0.0,0.0,0.0,0.0,0.0,0.0,0.0,0.0,0.0,0.0,0.0,0.0,0.0,0.0,0.0,0.0,0.0,0.0,0.0,0.0,0.0,0.0,0.0,0.0,0.28265542,0.0,0.0,0.0,0.0,0.0,0.0,0.0,0.0,0.0,0.0,0.0,0.0,0.0,0.0,0.0,0.0,0.0
LARS1,0.0,0.0,0.0,0.0,0.0,0.0,0.42581785,0.7952603,0.0,0.47256014,0.0,0.0,0.0,0.0,0.0,0.0,0.0,0.0,0.0,0.0,0.0,0.0,0.0,0.0,0.31577328,0.0,0.0,0.68998873,0.0,0.0,0.0,0.0,0.0,0.0,0.0,0.0,0.0,0.0,0.0,0.0,0.0,0.67476803
RBM27,0.0,0.0,0.0,0.0,0.0,0.0,0.4089112,0.20464721,0.0,0.0,0.0,0.0,0.0,0.0,0.0,0.0,0.0,0.0,0.0,0.0,0.0,0.0,0.0,0.0,0.24736819,0.0,0.0,0.17411458,0.0,0.0,0.0,0.0,0.0,0.0,0.0,0.0,0.0,0.0,0.0,0.0,0.0,0.0
TCERG1,0.0,0.0,0.0,0.32082057,0.51878303,0.2875488,0.40606603,0.6898337,0.0,0.4977838,0.0,0.0,0.0,0.0,0.0,0.0,0.0,0.0,0.0,0.0,0.0,0.0,0.0,0.0,0.4720016,0.0,0.0,0.54531085,0.0,0.0,0.0,0.0,0.0,0.0,0.0,0.0,0.0,0.0,0.0,0.0,0.0,0.0
CSNK1A1,0.74891436,0.0,1.0713103,1.0737305,0.75558746,0.7185833,0.9284921,0.6663548,0.0,0.81049556,0.81907105,0.82655406,1.141807,0.0,0.0,0.0,0.4260831,0.53482294,0.0,0.0,0.0,0.0,0.7193998,0.13913608,0.51771027,0.0,0.0,0.77247745,0.0,0.0,0.0,0.0,0.0,0.0,0.0,0.0,0.0,0.7123875,0.0,0.0,0.0,0.7789641
CSF1R,0.0,0.0,0.0,0.0,0.0,0.0,0.4739445,0.0,0.0,0.0,0.0,0.5104259,1.3831153,0.0,0.0,0.0,0.0,0.0,0.0,0.0,0.0,0.0,1.4393053,0.0,0.0,0.0,0.0,0.0,0.0,0.0,0.0,0.0,0.0,0.0,0.0,0.0,0.0,0.0,0.0,0.0,0.0,0.0
TCOF1,0.0,0.0,0.0,0.0,0.0,0.0,0.0,0.32494235,0.0,0.3953033,0.0,0.0,0.0,0.0,0.7355936,0.0,0.0,0.0,0.0,0.0,0.0,0.0,0.0,0.0,0.22759601,0.0,0.0,0.0,0.0,0.0,0.0,0.0,0.0,0.0,0.0,0.0,0.0,0.0,0.0,0.0,0.0,0.0
CD74,5.115755,3.2940412,2.1056194,2.2667203,1.1393229,6.147791,4.631054,0.0,3.3623807,3.9295173,1.6219708,3.7305276,4.867624,1.2529416,4.9411187,2.4691567,0.0,0.0,4.692335,1.1312463,1.4900159,5.0688233,3.724482,1.9991312,1.9903159,4.6770673,4.633947,1.8037145,2.8718483,0.0,0.75418234,1.1505914,0.0,1.8484515,0.0,0.9376614,0.0,1.0168967,1.7748775,1.010965,1.032353,4.3657293
RPS14,3.7953095,2.8430557,3.3928213,3.5813394,3.0441234,3.8833299,3.817812,3.7759252,2.8026795,3.433611,3.7657037,3.1345382,3.1110184,3.8199742,3.7718582,3.7554176,3.6493652,2.7283683,3.924407,3.3151019,3.6326785,3.6429496,3.3558817,2.4281836,3.2460475,3.0481782,3.362737,4.0589576,3.5676901,0.0,4.1984453,3.642264,4.097576,3.5939465,4.3917594,4.094095,4.268069,3.8398905,3.6832316,3.7665718,3.8448155,3.7168202
RBM22,0.0,0.0,0.0,0.0,0.4521691,0.0,0.3606974,0.0,0.0,0.4398609,0.0,0.0,0.0,0.0,0.0,0.0,0.0,0.0,0.0,0.0,0.0,0.0,0.0,0.0,0.20931143,0.0,0.0,0.0,0.0,0.0,0.0,0.0,0.0,0.0,0.0,0.0,0.0,0.0,0.0,0.0,0.0,0.0
DCTN4,0.0,0.0,0.0,0.0,0.0,0.0,0.0,0.13451539,0.0,0.23380059,0.0,0.0,0.0,0.0,0.0,0.0,0.0,0.0,0.0,0.0,0.0,0.0,0.0,0.0,0.0,0.0,0.0,0.0,0.0,0.0,0.0,0.0,0.0,0.0,0.0,0.0,0.0,0.0,0.0,0.0,0.0,0.0
SMIM3,0.0,0.0,0.0,0.0,0.0,0.0,0.0,0.0,0.0,0.0,0.0,0.47305363,0.0,0.0,0.0,0.0,0.0,0.57220435,0.0,0.0,0.0,0.0,0.0,0.0,0.0,1.4155078,2.0701494,0.0,0.0,0.0,0.0,0.0,0.0,0.0,0.0,0.0,0.0,0.0,0.0,0.0,0.0,0.6322472
TNIP1,0.6126078,0.0,0.0,0.0,0.0,0.28951037,0.38839248,0.13972999,0.0,0.4532262,0.0,0.5367148,0.5578004,0.0,0.0,0.0,0.0,0.0,0.0,0.0,0.0,0.0,0.0,0.0,0.26359427,0.0,0.0,0.0,0.0,0.0,0.0,0.0,0.0,0.0,0.0,0.0,0.0,0.0,0.0,0.0,0.0,0.0
ANXA6,0.9213302,0.0,0.6250597,0.9551935,1.112606,0.8421878,0.3869771,0.0,0.0,0.0,0.0,0.0,0.0,0.0,0.0,0.0,0.0,0.0,0.9172969,0.0,0.63553226,0.0,0.0,0.28807428,0.84802234,0.0,0.0,0.28326797,0.0,0.0,0.0,1.0784914,0.0,0.8269956,0.0,0.8623723,0.0,0.0,0.87390834,0.0,0.0,0.0
CCDC69,0.0,0.0,0.765939,0.443604,0.0,0.34549886,0.3869771,0.15827504,0.0,0.18083665,0.0,0.4963503,0.0,0.0,0.0,0.0,0.0,0.0,0.0,0.0,0.0,0.0,0.624902,0.21146607,0.5084107,1.39204,0.0,0.0,0.0,0.0,0.0,0.0,0.0,0.0,0.0,0.0,0.0,0.0,0.0,0.0,0.0,0.72028685
GM2A,0.0,0.0,0.0,0.0,0.0,0.41057968,0.0,0.0,0.0,0.0,0.0,0.47305363,0.0,0.0,0.0,0.0,0.0,0.0,0.0,0.0,0.0,0.0,0.0,0.0,0.0,0.0,0.0,0.0,0.0,0.0,0.0,0.0,0.0,0.0,0.0,0.0,0.0,0.0,0.0,0.0,0.0,0.0
SPARC,0.0,0.0,0.0,0.0,0.0,0.0,0.0,0.0,0.0,0.0,0.0,0.0,0.0,0.0,0.0,0.0,0.0,0.5276122,0.0,0.0,0.0,0.0,0.0,0.0,0.0,0.0,0.0,0.0,0.0,0.0,0.0,0.0,0.0,0.0,0.0,0.0,0.0,0.0,0.0,0.0,0.0,0.0
ATOX1,0.0,0.0,0.0,0.7239677,0.4067097,0.5137493,0.55155104,0.6057699,1.7727191,0.6069472,0.0,0.5950968,1.4048783,0.0,0.0,0.0,0.0,0.59787124,0.0,0.0,0.0,0.0,0.60076857,0.49444658,0.7607611,0.0,0.0,0.65634304,0.0,0.0,0.0,0.0,0.0,0.0,0.0,0.0,0.0,0.0,0.0,0.0,0.0,0.0
G3BP1,0.0,0.0,0.0,0.0,0.59544075,0.34549886,0.36281422,0.89611816,0.0,0.31335935,0.0,0.0,0.7458428,0.0,0.8421502,0.0,0.0,0.0,0.0,0.0,0.0,0.0,0.0,0.0,0.33617535,0.0,0.0,0.6099483,0.0,0.0,0.0,0.0,0.0,0.0,0.0,0.0,0.0,0.0,0.0,0.0,0.0,0.0
LARP1,0.0,0.0,0.0,0.38370177,0.0,0.0,0.34136593,0.36662728,0.0,0.0,0.0,0.5221987,0.7458428,0.0,0.0,0.0,0.0,0.0,0.0,0.0,0.0,0.0,0.0,0.0,0.44668794,0.0,0.0,0.5418328,0.0,0.0,0.0,0.0,0.0,0.0,0.0,0.0,0.0,0.0,0.0,0.0,0.0,0.0
FAXDC2,0.0,0.0,0.0,0.0,0.0,0.0,0.0,0.0,0.0,0.0,0.0,0.0,0.0,0.0,0.0,0.0,0.0,0.40812814,0.0,0.0,0.0,0.0,0.0,0.0,0.0,0.0,0.0,0.0,0.0,0.0,0.0,0.0,0.0,0.0,0.0,0.0,0.0,0.0,0.0,0.0,0.0,0.0
CNOT8,0.0,0.0,0.0,0.0,0.0,0.37521976,0.38319385,0.0,0.0,0.0,0.0,0.0,0.0,0.0,0.0,0.0,0.0,0.0,0.0,0.0,0.0,0.0,0.0,0.0,0.0,0.0,0.0,0.0,0.0,0.0,0.0,0.0,0.0,0.0,0.0,0.0,0.0,0.0,0.0,0.0,0.0,0.0
MRPL22,0.0,0.0,0.0,0.0,0.0,0.0,0.3479272,0.6287545,0.0,0.21446666,0.0,0.0,0.0,0.0,0.0,0.0,0.0,0.0,0.0,0.0,0.0,0.0,0.0,0.0,0.7042414,0.0,0.0,0.0,0.0,0.0,0.0,0.0,0.0,0.0,0.0,0.0,0.0,0.0,0.0,0.0,0.0,0.0
HAVCR2,0.0,0.0,0.0,0.0,0.5625286,0.64090085,0.45611674,0.0,0.0,0.0,0.0,0.5073828,0.0,0.0,0.0,0.0,0.0,0.0,0.0,0.0,0.0,0.0,0.0,0.0,0.0,0.0,0.0,0.0,0.0,0.0,0.0,0.0,0.0,0.0,0.0,0.0,0.0,0.0,0.0,0.0,0.0,0.0
ITK,0.0,0.0,0.0,0.0,0.0,0.0,0.0,0.0,0.0,0.0,0.0,0.0,0.0,0.0,0.0,0.0,0.0,0.0,0.0,0.0,0.0,0.0,0.0,0.0,0.0,0.0,0.0,0.0,0.0,0.0,0.0,0.0,0.0,0.0,0.0,1.1069484,0.86069983,0.0,0.0,0.8588138,0.0,0.0
CYFIP2,0.7278692,0.0,0.0,0.0,0.6488284,0.329874,0.0,0.0,0.0,0.18155362,0.0,0.0,0.0,0.0,0.0,0.0,0.0,0.0,0.0,0.0,0.0,0.0,0.0,0.0,0.0,1.450353,1.4809945,0.0,0.0,0.0,0.0,0.0,0.0,0.0,0.0,0.87575835,0.0,0.0,0.0,0.0,0.0,0.77391005
ADAM19,0.0,0.0,0.0,0.0,0.0,0.28412688,0.0,0.0,0.0,0.0,0.0,0.0,0.0,0.0,0.0,0.0,0.0,0.0,0.0,0.0,0.0,0.0,0.0,0.0,0.22705108,0.0,0.0,0.0,0.0,0.0,0.0,0.0,0.0,0.0,0.0,0.0,0.0,0.0,0.0,0.0,0.0,0.0
THG1L,0.0,0.0,0.0,0.0,0.0,0.0,0.0,0.1302975,0.0,0.0,0.0,0.0,0.0,0.0,0.0,0.0,0.0,0.0,0.0,0.0,0.0,0.0,0.0,0.0,0.0,0.0,0.0,0.0,0.0,0.0,0.0,0.0,0.0,0.0,0.0,0.0,0.0,0.0,0.0,0.0,0.0,0.0
CLINT1,0.0,0.0,0.0,0.623716,0.0,0.37093928,0.63789797,0.43965456,0.0,0.0,0.0,0.0,0.0,0.0,0.0,0.0,1.2125958,0.43655074,0.0,0.0,0.0,0.0,0.0,0.34717074,0.6669289,0.0,0.0,0.5883919,0.0,0.0,0.0,0.0,0.0,0.0,0.0,0.0,0.0,0.0,0.0,0.0,0.0,0.76478684
EBF1,0.6760944,0.0,0.0,0.0,0.0,0.0,0.0,0.0,0.0,0.18083665,0.0,0.0,0.0,0.0,0.0,0.0,0.0,0.0,0.0,0.0,0.0,0.0,0.0,0.0,0.0,1.143465,1.0764471,0.0,0.0,0.0,0.0,0.0,0.0,0.0,0.0,0.0,0.0,0.0,0.0,0.0,0.0,0.0
RNF145,0.0,0.0,0.0,0.0,0.0,0.34115425,0.35920435,0.0,0.0,0.23875955,0.0,0.68302804,0.0,0.0,0.0,0.0,0.0,0.0,0.0,0.0,0.0,0.0,0.0,0.0,0.20380595,0.0,0.0,0.0,0.0,0.0,0.0,0.0,0.0,0.0,0.0,0.0,0.0,0.0,0.0,0.0,0.0,0.0
UBLCP1,0.0,0.0,0.0,0.0,0.0,0.0,0.0,0.14544432,0.0,0.21446666,0.0,0.0,0.0,0.0,0.0,0.0,0.0,0.0,0.0,0.0,0.0,0.0,0.0,0.0,0.0,0.0,0.0,0.0,0.0,0.0,0.0,0.0,0.0,0.0,0.0,0.0,0.0,0.0,0.0,0.0,0.0,0.0
TTC1,0.0,0.0,0.0,0.0,0.0,0.0,0.3546848,0.3514894,0.0,0.0,0.0,0.0,0.0,0.0,0.0,0.0,0.0,0.0,0.0,0.0,0.0,0.0,0.0,0.0,0.4188397,0.0,0.0,0.25429606,0.0,0.0,0.0,0.0,0.0,0.0,0.0,0.0,0.0,0.0,0.0,0.0,0.0,0.0
SLU7,0.0,0.0,0.0,0.0,0.0,0.0,0.3865379,0.0,0.0,0.0,0.0,0.0,0.0,0.0,0.0,0.0,0.0,0.0,0.0,0.0,0.0,0.0,0.0,0.0,0.13397753,0.0,0.0,0.0,0.0,0.0,0.0,0.0,0.0,0.0,0.0,0.0,0.0,0.0,0.0,0.0,0.0,0.0
PTTG1,0.0,0.0,0.0,0.61776304,0.904194,0.0,0.0,0.8535096,0.0,0.7834258,0.0,0.0,0.0,0.0,0.0,0.0,0.0,0.0,0.0,0.0,0.0,0.0,0.0,0.0,1.0511713,0.0,0.0,0.0,0.0,0.0,0.0,0.0,0.0,0.0,0.0,0.0,0.0,0.0,0.0,0.0,0.0,0.0
CCNG1,0.0,0.0,0.0,0.0,0.0,0.0,0.0,0.5449409,0.0,0.0,0.0,0.0,0.0,0.0,0.0,0.0,0.0,0.58827233,0.0,0.0,0.0,0.0,0.0,0.0,0.1931466,0.0,0.0,0.32389975,0.0,0.0,0.0,0.0,0.0,0.0,0.0,0.0,0.0,0.0,0.0,0.0,0.0,0.0
NUDCD2,0.0,0.0,0.0,0.0,0.0,0.0,0.0,0.5595108,0.0,0.18155362,0.0,0.0,0.0,0.0,0.0,0.0,0.0,0.0,0.0,0.0,0.0,0.0,0.0,0.0,0.3117829,0.0,0.0,0.0,0.0,0.0,0.0,0.0,0.0,0.0,0.0,0.0,0.0,0.0,0.0,0.0,0.0,0.0
HMMR,0.0,0.0,0.0,0.0,0.47838467,0.0,0.0,0.0,0.0,0.0,0.0,0.0,0.0,0.0,0.0,0.0,0.0,0.0,0.0,0.0,0.0,0.0,0.0,0.0,0.12564816,0.0,0.0,0.0,0.0,0.0,0.0,0.0,0.0,0.0,0.0,0.0,0.0,0.0,0.0,0.0,0.0,0.0
MAT2B,0.0,0.0,0.0,0.0,0.0,0.0,0.0,0.24747586,0.0,0.0,0.0,0.0,0.44090223,0.0,0.0,0.0,0.0,0.0,0.0,0.0,0.0,0.0,0.0,0.0,0.13131355,0.0,0.0,0.0,0.0,0.0,0.0,0.0,0.0,0.0,0.0,0.0,0.0,0.0,0.0,0.0,0.0,0.0
RARS1,0.0,0.0,0.0,0.0,0.0,0.0,0.0,0.13451539,0.0,0.0,0.0,0.0,0.0,0.0,0.0,0.0,0.0,0.0,0.0,0.0,0.0,0.0,0.0,0.0,0.17878182,0.0,0.0,0.0,0.0,0.0,0.0,0.0,0.0,0.0,0.0,0.0,0.0,0.0,0.0,0.0,0.0,0.0
DOCK2,0.7233591,0.0,0.6855351,0.635261,0.65502894,0.51061237,0.49489614,0.0,0.0,0.47256014,0.0,0.5221987,0.7257168,0.0,0.0,0.0,0.0,0.0,0.0,0.0,0.0,0.0,0.9253839,0.0,0.17878182,0.0,0.0,0.0,0.0,0.0,0.0,0.0,0.0,0.0,0.0,0.0,0.0,0.0,0.0,0.0,0.0,0.6472465
LCP2,0.0,0.0,0.0,0.0,0.57788193,0.3556153,0.711568,0.0,0.0,0.0,0.67302287,1.3458667,1.5203841,0.0,0.0,0.0,0.0,0.8224649,0.0,0.0,0.0,0.0,1.0477593,0.0,0.0,0.0,0.0,0.0,0.0,0.0,0.0,0.0,0.0,0.0,0.0,0.89807457,0.0,0.7808338,0.0,0.97246933,0.9293262,0.0
NPM1,2.0593646,1.5693587,0.9502261,1.4843504,2.059675,1.8845624,1.8326087,3.2138429,1.5386646,2.3463457,2.1512852,1.4407998,1.3272191,2.0700486,1.8382314,1.9962397,1.9942939,1.8059237,2.2372057,1.6528108,1.9494331,2.0290954,1.272826,1.0436192,2.295333,2.2449644,2.4591775,2.6702762,2.04199,0.0,2.3673275,1.8168106,2.1624384,1.9331625,2.5446985,2.4979603,2.544383,2.2566652,1.9334992,2.1318917,2.2181168,2.2029252
STK10,0.0,0.0,0.0,0.0,0.734283,0.28305006,0.4883857,0.0,0.0,0.0,0.0,0.5367148,0.5578004,0.0,0.0,0.0,0.0,0.0,0.0,0.7896265,0.0,0.0,0.8052434,0.0,0.0,0.0,0.0,0.0,0.0,0.0,0.0,0.0,0.0,0.0,0.0,0.0,0.0,0.0,0.0,0.0,0.0,0.0
DUSP1,2.0926428,2.4257576,2.687139,1.9487033,1.7243198,2.6020148,2.1366956,0.84261435,0.0,2.054999,3.185392,3.4349554,2.7275865,3.423761,2.6948044,2.181034,1.9114215,0.0,2.3987086,2.5203733,2.8183465,2.6815753,2.987183,1.2450197,0.33617535,2.3378859,2.0793831,1.2676822,1.9864647,1.7826512,2.2573,1.8263078,2.5176368,2.7658954,1.6874373,3.062776,2.0482702,2.09542,2.5764725,2.9312217,2.77212,0.8970808
ERGIC1,0.0,0.0,0.0,0.0,0.0,0.3431283,0.0,0.1552586,0.0,0.44057786,0.0,1.0337517,0.0,0.0,0.0,0.0,0.0,0.0,0.0,0.0,0.0,0.0,0.6165058,0.16775352,0.54483134,1.150518,1.3830035,0.2234651,0.0,0.0,0.0,0.0,0.0,0.0,0.0,0.0,0.0,0.0,0.0,0.0,0.0,0.0
RPL26L1,0.0,0.0,0.0,0.0,0.0,0.0,0.38319385,0.49542162,0.0,0.49529564,0.0,0.0,0.0,0.0,0.0,0.0,0.0,0.0,0.0,0.0,0.0,0.0,0.0,0.0,0.46202153,0.0,0.0,0.0,0.0,0.0,0.0,0.0,0.0,0.0,0.0,0.0,0.0,0.0,0.0,0.0,0.0,0.0
ATP6V0E1,0.98554105,0.9897175,1.2614918,0.8696995,0.89241886,1.3178952,1.061288,0.5673196,0.0,0.89849186,0.5784484,1.2930145,0.5578004,0.89673656,0.0,0.63700837,0.0,1.047747,0.9884978,1.1438433,0.9247135,0.0,1.216418,0.6359051,0.58513236,0.0,0.0,0.6048427,0.0,0.0,0.8770116,1.1400679,0.90550804,1.0962853,0.80647695,0.8522788,0.83743984,0.9548228,1.1087134,0.94867206,0.9661733,1.0145955
CREBRF,0.0,0.0,0.0,0.0,0.0,0.0,0.0,0.0,0.0,0.18155362,0.0,0.47305363,0.0,0.0,0.0,0.0,0.0,0.0,0.0,0.0,0.0,0.0,0.0,0.0,0.0,0.0,0.0,0.0,0.0,0.0,0.0,0.0,0.0,0.0,0.0,0.0,0.0,0.0,0.0,0.0,0.0,0.0
CPEB4,0.0,0.0,0.0,0.0,0.0,0.0,0.0,0.0,0.0,0.0,0.0,0.0,0.0,0.0,0.0,0.0,0.0,0.0,0.0,0.0,0.0,0.0,0.0,0.52962756,0.17029929,0.0,0.0,0.0,0.0,0.0,0.0,0.0,0.0,0.0,0.0,0.0,0.0,0.0,0.0,0.0,0.0,0.0
SFXN1,0.0,0.0,0.0,0.0,0.0,0.0,0.0,0.33730862,0.0,0.23380059,0.0,0.0,0.0,0.0,0.0,0.0,0.0,0.0,0.0,0.0,0.0,0.0,0.0,0.0,0.3272435,0.0,0.0,0.0,0.0,0.0,0.0,0.0,0.0,0.0,0.83870536,0.0,0.61400485,0.0,0.0,0.0,0.0,0.0
HRH2,0.0,0.0,0.42794222,0.7500384,0.0,0.0,0.43283626,0.0,0.0,0.0,0.0,0.0,0.0,0.0,0.0,0.0,0.0,0.0,0.0,0.0,0.0,0.0,0.4484818,0.0,0.0,0.0,0.0,0.0,0.0,0.0,0.0,0.0,0.0,0.0,0.0,0.0,0.0,0.0,0.0,0.0,0.0,0.0
THOC3,0.0,0.0,0.0,0.0,0.0,0.0,0.0,0.8023088,0.0,0.18083665,0.0,0.0,0.0,0.0,0.0,0.0,0.0,0.0,0.0,0.0,0.0,0.0,0.0,0.0,0.1802879,0.0,0.0,0.0,0.0,0.0,0.0,0.0,0.0,0.0,0.0,0.0,0.0,0.0,0.0,0.0,0.0,0.0
NOP16,0.0,0.0,0.0,0.0,0.0,0.0,0.0,0.79443043,0.0,0.44057786,0.0,0.0,0.0,0.0,0.0,0.0,0.0,0.0,0.0,0.0,0.0,0.0,0.0,0.0,0.14557157,0.0,0.0,0.0,0.0,0.0,0.0,0.0,0.0,0.0,0.0,0.0,0.0,0.0,0.0,0.0,0.0,0.0
HIGD2A,1.0975912,0.8459288,1.1428242,1.0831882,0.820866,1.4173917,1.2999816,0.93718886,0.39515826,0.81903785,0.0,1.3458667,1.4048783,0.8797256,1.2927269,0.53840196,0.0,0.0,0.9650668,0.0,0.0,0.0,1.573067,0.41860545,0.81665933,0.0,0.0,0.9112876,0.33005965,0.0,1.0328188,0.89686555,0.8657725,0.0,0.9586238,1.0133128,0.9811419,0.9523718,0.0,0.9782325,1.0495343,0.90665555
CLTB,0.0,0.0,0.0,0.36520594,0.63121563,0.67467314,0.66742766,0.3702239,0.0,0.3924805,0.0,0.6449004,0.0,0.0,0.0,0.0,0.0,0.0,0.0,0.0,0.0,0.0,0.6255854,0.14303318,0.45760334,0.0,0.0,0.0,0.0,0.0,0.0,0.0,0.0,0.0,0.0,0.0,0.0,0.0,0.0,0.0,0.0,0.48238653
FAF2,0.0,0.0,0.0,0.0,0.0,0.0,0.0,0.0,0.0,0.0,0.0,0.0,0.0,0.0,0.0,0.0,0.0,0.0,0.0,0.0,0.0,0.0,0.0,0.0,0.15884948,0.0,0.0,0.0,0.0,0.0,0.0,0.0,0.0,0.0,0.0,0.0,0.0,0.0,0.0,0.0,0.0,0.0
TSPAN17,0.0,0.0,0.0,0.0,0.0,0.0,0.0,0.5708365,0.0,0.0,0.0,0.0,0.0,0.0,0.0,0.0,0.0,0.0,0.0,0.0,0.0,0.0,0.0,0.0,0.0,0.0,0.0,0.0,0.0,0.0,0.0,0.0,0.0,0.0,0.0,0.0,0.0,0.0,0.0,0.0,0.0,0.0
HK3,0.0,0.0,0.0,0.0,0.0,0.0,0.0,0.0,0.0,0.0,0.0,0.5367148,0.0,0.0,0.0,0.0,0.0,0.0,0.0,0.0,0.0,0.0,0.59462476,0.0,0.0,0.0,0.0,0.0,0.0,0.0,0.0,0.0,0.0,0.0,0.0,0.0,0.0,0.0,0.0,0.0,0.0,0.0
UIMC1,0.0,0.0,0.0,0.0,0.0,0.0,0.0,0.12609394,0.0,0.25902426,0.0,0.0,0.0,0.0,0.0,0.0,0.0,0.0,0.0,0.0,0.0,0.0,0.0,0.0,0.14557157,0.0,0.0,0.0,0.0,0.0,0.0,0.0,0.0,0.0,0.0,0.0,0.0,0.0,0.0,0.0,0.0,0.0
NSD1,0.0,0.0,0.0,0.30212352,0.43166208,0.0,0.48373562,0.17016856,0.0,0.18083665,0.0,0.0,0.0,0.0,0.0,0.0,0.0,0.0,0.0,0.0,0.0,0.0,0.0,0.0,0.33078247,0.0,0.0,0.2462891,0.0,0.0,0.0,0.0,0.0,0.0,0.0,0.0,0.0,0.0,0.0,0.0,0.0,0.0
RAB24,0.0,0.0,0.0,0.0,0.0,0.0,0.0,0.0,0.0,0.0,0.0,0.4963503,0.0,0.0,0.0,0.0,0.0,0.0,0.0,0.0,0.0,0.0,0.5239376,0.0,0.0,0.0,0.0,0.0,0.0,0.0,0.0,0.0,0.0,0.0,0.0,0.0,0.0,0.0,0.0,0.0,0.0,0.0
PRELID1,0.78854465,0.2705642,1.0367963,1.2261637,0.9890561,0.91068757,1.6225952,1.5869236,1.3304489,0.63124,0.0,1.1472063,1.4347595,0.0,0.0,0.71424514,0.0,0.7814779,0.0,1.0799663,1.0778521,0.0,1.7139632,0.77902114,1.683516,0.0,0.0,0.9414792,0.7910795,0.0,0.73621666,0.0,0.0,0.0,0.0,0.0,0.0,0.8100978,0.0,0.0,0.0,0.8885024
LMAN2,0.0,0.0,0.0,0.83647573,0.8946797,0.53241324,0.701911,0.6273992,0.0,0.82128066,0.0,0.68302804,1.141807,0.0,0.0,0.0,0.0,0.0,0.0,0.0,0.0,0.0,0.60988903,1.1603533,1.432186,0.0,0.0,0.6732762,0.0,0.0,0.0,0.0,0.0,0.0,0.0,0.0,0.0,0.0,0.0,0.0,0.0,0.87539583
RGS14,0.0,0.0,0.0,0.0,0.0,0.329874,0.0,0.0,0.0,0.0,0.0,0.0,0.0,0.0,0.0,0.0,0.0,0.0,0.0,0.0,0.0,0.0,0.0,0.0,0.0,0.0,0.0,0.0,0.0,0.0,0.0,0.0,0.0,0.0,0.0,0.0,0.0,0.0,0.0,0.0,0.0,0.0
GRK6,0.0,0.0,0.0,0.42393512,0.70867944,0.0,0.33419082,0.0,0.0,0.0,0.0,0.0,0.0,0.0,0.0,0.0,0.0,0.0,0.0,0.0,0.0,0.0,0.0,0.12958227,0.69087994,0.0,0.0,0.0,0.0,0.0,0.0,0.0,0.0,0.0,0.0,0.33094135,0.0,0.57777834,0.0,0.0,0.0,0.0
DBN1,0.0,0.0,0.0,0.0,0.0,0.28951037,0.0,0.0,0.0,0.0,0.0,0.0,0.0,0.0,0.0,0.0,0.0,0.0,0.0,0.0,0.0,0.0,0.0,0.0,0.0,0.0,0.0,0.0,0.0,0.0,0.0,0.0,0.0,0.0,0.0,0.0,0.0,0.0,0.0,0.0,0.0,0.0
PDLIM7,0.0,0.0,0.0,0.0,0.0,0.0,0.0,0.0,0.0,0.0,0.0,0.0,0.0,0.0,0.0,0.0,0.0,0.5075697,0.0,0.0,0.0,0.0,0.0,0.0,0.0,0.0,0.0,0.0,0.0,0.0,0.0,0.0,0.0,0.0,0.0,0.0,0.0,0.0,0.0,0.0,0.0,0.0
DOK3,0.0,0.0,0.0,0.0,0.0,0.0,0.0,0.0,0.0,0.6774324,0.0,0.0,0.0,0.0,0.0,0.0,0.0,0.0,0.0,0.0,0.0,0.0,0.0,0.0,0.11483783,1.2856014,0.0,0.0,0.0,0.0,0.0,0.0,0.0,0.0,0.0,0.0,0.0,0.0,0.0,0.0,0.0,0.0
DDX41,0.0,0.0,0.0,0.0,0.0,0.0,0.0,0.23805381,0.0,0.0,0.0,0.0,0.0,0.0,0.0,0.0,0.0,0.0,0.0,0.0,0.0,0.0,0.0,0.0,0.17104095,0.0,0.0,0.0,0.0,0.0,0.0,0.0,0.0,0.0,0.0,0.0,0.0,0.0,0.0,0.0,0.0,0.0
TMED9,0.51613474,0.0,0.0,0.66148686,0.7640693,0.38395348,0.6884308,0.45518726,0.0,0.36239028,0.67302287,0.0,0.5578004,0.0,0.0,0.0,0.0,0.0,0.0,0.0,0.0,0.0,0.0,1.1841421,1.4886358,0.0,0.0,0.6065087,0.0,0.0,0.0,0.0,0.0,0.0,0.0,0.0,0.0,0.0,0.0,0.0,0.0,1.0791321
RMND5B,0.0,0.0,0.0,0.0,0.0,0.0,0.0,0.12833168,0.0,0.18083665,0.0,0.0,0.0,0.0,0.0,0.0,0.0,0.0,0.0,0.0,0.0,0.0,0.0,0.0,0.0,0.0,0.0,0.0,0.0,0.0,0.0,0.0,0.0,0.0,0.0,0.0,0.0,0.0,0.0,0.0,0.0,0.0
NHP2,0.0,0.0,0.0,0.65301836,0.607808,0.64742905,0.63536197,1.4863453,0.0,0.25902426,0.0,0.0,0.5578004,0.0,0.0,0.0,0.0,0.0,0.0,0.0,0.0,0.0,0.37212902,0.181611,1.0060041,0.0,0.0,1.0094521,0.0,0.0,0.0,0.0,0.0,0.0,0.0,0.0,0.0,0.0,0.0,0.0,0.0,1.003794
HNRNPAB,0.0,0.0,0.0,1.4031906,1.1880778,0.5034041,0.7545701,1.8837736,0.0,1.0712602,0.0,0.6449004,0.0,0.0,0.7355936,0.0,0.0,0.0,0.0,0.0,0.0,0.0,0.4433485,0.2007839,1.2985306,0.0,0.0,1.3050085,0.19114219,0.0,0.0,0.0,0.0,0.0,0.0,0.0,0.0,0.0,0.0,0.0,0.0,0.8229263
PHYKPL,0.0,0.0,0.0,0.0,0.0,0.0,0.37992248,0.0,0.0,0.0,0.0,0.0,0.0,0.0,0.0,0.0,0.0,0.0,0.0,0.0,0.0,0.0,0.0,0.0,0.0,0.0,0.0,0.0,0.0,0.0,0.0,0.0,0.0,0.0,0.0,0.0,0.0,0.0,0.0,0.0,0.0,0.580487
CLK4,0.0,0.0,0.0,0.0,0.0,0.0,0.0,0.0,0.0,0.0,0.0,0.0,0.0,0.0,0.77814996,0.0,0.0,0.0,0.0,0.0,0.0,0.0,0.0,0.0,0.0,0.0,0.0,0.0,0.0,0.0,0.0,0.0,0.0,0.0,0.0,0.0,0.0,0.0,0.0,0.0,0.0,0.0
RUFY1,0.0,0.0,0.0,0.0,0.0,0.0,0.35920435,0.0,0.0,0.0,0.0,0.0,0.44090223,0.0,0.0,0.0,0.0,0.7884728,0.0,0.0,0.0,0.0,0.0,0.0,0.0,0.0,0.0,0.0,0.0,0.0,0.0,0.0,0.0,0.0,0.0,0.0,0.0,0.0,0.0,0.0,0.0,0.0
HNRNPH1,0.78308517,0.0,1.0678838,1.49435,1.4128767,0.6838616,0.9150027,0.82748055,0.0,1.133539,1.064357,0.47305363,0.0,1.0411627,0.0,1.4909148,1.4982562,0.0,0.96824634,1.2553583,1.2333748,0.0,0.5687135,0.4275832,1.0224626,0.36588305,1.4336234,1.3361222,1.3986955,1.8232756,0.9509077,1.1804407,1.0772128,1.218997,0.9731345,0.0,0.9644623,1.0183632,1.1887896,1.0035727,1.1232038,1.3017614
CANX,0.0,0.8459288,1.0353594,1.3274401,0.828076,0.8772303,1.0609277,1.1038754,0.0,0.7565536,1.049655,1.1521438,1.5848913,0.8926312,0.0,0.0,1.318648,0.0,0.0,0.0,0.0,0.0,0.8730551,0.7277032,1.4871929,0.0,0.0,1.3727427,0.0,0.0,0.0,0.0,0.0,0.0,0.0,0.0,0.0,0.0,0.0,0.0,0.0,1.4983563
LTC4S,0.0,0.0,0.0,0.0,0.0,0.0,0.0,0.0,0.0,0.0,0.0,0.0,0.0,0.0,0.0,0.0,1.5721362,0.0,0.0,0.0,0.0,0.0,0.0,0.0,0.0,0.0,0.0,0.0,0.0,0.0,0.0,0.0,0.0,0.0,0.0,0.0,0.0,0.0,0.0,0.0,0.0,0.0
MGAT4B,0.0,0.0,0.0,0.0,0.0,0.0,0.0,0.23719434,0.0,0.0,0.0,0.0,0.0,0.0,0.0,0.0,0.0,0.0,0.0,0.0,0.0,0.0,0.0,0.0,0.0,0.0,0.0,0.0,0.0,0.0,0.0,0.0,0.0,0.0,0.0,0.0,0.0,0.0,0.0,0.0,0.0,0.0
SQSTM1,1.1564564,1.085649,0.8509718,0.44009835,0.7328033,0.7133947,0.824463,0.5047198,1.8131552,0.98358387,1.105459,1.2951863,1.7012795,1.1731453,1.3148127,0.0,0.82596767,1.0479871,1.0940999,1.0846758,0.9844375,0.0,1.1591132,0.92451394,0.6164003,0.0,0.0,0.36582524,0.0721409,0.0,0.7825694,0.9270594,0.0,1.116252,0.0,0.817544,0.0,0.91374826,0.85779583,1.1503698,0.0,0.0
RNF130,0.0,0.93747234,1.2744823,1.1334207,0.0,0.0,1.2726675,0.73131853,0.0,0.0,0.0,1.5931978,1.5203841,0.0,0.0,0.0,1.2749221,0.0,0.0,0.0,0.0,0.0,1.1847932,0.0,0.0,0.0,0.0,0.8460243,0.0,0.0,0.0,0.0,0.0,0.0,0.0,0.0,0.0,0.0,0.0,0.0,0.0,1.246561
MGAT1,0.0,0.0,0.7674509,0.5193299,0.0,0.64090085,0.726488,0.0,0.0,0.0,0.0,1.4059621,1.7012795,0.0,0.0,0.0,0.0,0.0,0.0,0.0,0.0,0.0,1.1996019,0.42078912,0.49419725,0.0,0.0,0.0,0.0,0.0,0.0,0.0,0.0,0.0,0.0,0.0,0.0,0.0,0.0,0.0,0.0,0.64022994
HEIH,0.0,0.0,0.0,0.0,0.0,0.0,0.0,0.0,0.0,0.0,0.0,0.0,0.5578004,0.0,0.0,0.0,0.0,0.0,0.0,0.0,0.0,0.0,0.39860496,0.0,0.0,0.0,0.0,0.0,0.0,0.0,0.0,0.0,0.0,0.0,0.0,0.0,0.0,0.0,0.0,0.0,0.0,0.0
RACK1,3.020092,2.1915557,2.5067682,2.4776564,2.47261,2.9908125,3.036488,3.2488995,2.4766998,2.8002763,3.0951083,2.4557936,2.7686133,2.8347206,2.9324872,2.7575996,2.6359744,2.2590876,3.0864053,2.4849982,2.8283765,3.2298853,2.6514778,1.7498477,2.7441897,3.2398548,3.362737,3.035111,2.7636106,0.0,3.144519,2.5827637,2.9932373,2.5233324,3.2210095,3.17319,3.2149482,3.1687007,2.6159568,2.770333,2.8536687,3.0813684
DUSP22,0.0,0.0,0.0,0.0,0.0,0.0,0.0,0.0,0.0,0.18083665,0.0,0.0,0.0,0.0,0.0,0.0,0.0,0.0,0.0,0.0,0.0,0.0,0.0,0.0,0.25443545,0.0,0.0,0.0,0.0,0.0,0.0,0.0,0.0,0.0,0.0,0.0,0.0,0.0,0.0,0.0,0.0,0.0
IRF4,0.0,0.0,0.0,0.0,0.0,0.0,0.0,0.0,0.0,0.0,0.0,0.0,0.0,0.0,0.0,0.0,0.0,0.0,0.0,0.0,0.0,0.0,0.0,0.30019924,0.44274735,1.913797,0.0,0.0,0.0,0.0,0.0,0.0,0.0,0.0,0.0,0.0,0.0,0.0,0.0,0.0,0.0,1.3946153
GMDS,0.0,0.0,0.0,0.0,0.0,0.0,0.0,0.0,0.0,0.0,0.0,0.0,0.0,0.0,0.0,0.0,0.0,0.0,0.0,0.0,0.0,0.0,0.0,0.0,0.1966314,0.0,0.0,0.0,0.0,0.0,0.0,0.0,0.0,0.0,0.0,0.0,0.0,0.0,0.0,0.0,0.0,0.0
SERPINB1,0.8087835,0.0,2.0128422,1.9540925,0.8576057,1.285748,1.3596358,0.15594275,0.0,0.98358387,0.0,1.2728063,1.4643317,0.0,0.0,1.0030805,0.9528896,1.7170601,0.0,0.9532526,0.0,0.0,1.1095986,0.0,0.0,0.0,1.031539,2.1944196,0.0,0.0,0.0,0.0,0.0,0.0,0.77700627,0.0,0.0,0.0,0.0,0.0,0.0,0.6861013
SERPINB9,0.0,0.0,0.0,0.0,0.0,0.7133947,0.0,0.0,0.0,0.0,0.0,0.8423759,0.0,0.0,0.0,0.0,0.0,0.0,0.0,0.0,0.0,0.0,0.4506333,0.0,0.0,0.0,0.0,0.0,0.0,0.0,0.0,0.0,0.0,0.0,0.0,0.0,0.0,0.0,0.0,0.0,0.0,0.0
SERPINB6,0.0,0.2705642,0.51005363,0.6526369,0.0,0.7710557,0.50284827,0.0,0.0,0.0,0.0,0.5073828,1.141807,0.0,0.0,0.0,0.0,0.6760093,0.0,0.0,0.0,0.0,0.5382395,0.0,0.0,0.0,0.0,0.800658,0.0,0.0,0.0,0.0,0.0,0.0,0.0,0.0,0.0,0.0,0.0,0.0,0.0,0.0
NQO2,0.0,0.0,0.0,0.0,0.0,0.0,0.3007177,0.0,0.0,0.0,0.0,0.3987304,0.0,0.0,0.0,0.0,0.0,0.0,0.0,0.0,0.0,0.0,0.0,0.0,0.0,0.0,0.0,0.0,0.0,0.0,0.0,0.0,0.0,0.0,0.0,0.0,0.0,0.0,0.0,0.0,0.0,0.0
TUBB2A,0.0,0.0,0.0,0.0,0.0,0.0,0.0,0.40728164,0.0,0.0,0.0,0.0,0.0,0.0,0.0,0.0,0.0,0.0,0.0,0.0,0.0,0.0,0.0,0.0,0.0,0.0,0.0,0.0,0.0,0.0,0.0,0.0,0.0,0.0,0.0,0.0,0.0,0.0,0.0,0.0,0.0,0.0
PSMG4,0.0,0.0,0.0,0.0,0.0,0.0,0.0,0.38361055,0.0,0.18083665,0.0,0.0,0.0,0.0,0.0,0.0,0.0,0.0,0.0,0.0,0.0,0.0,0.0,0.0,0.0,0.0,0.0,0.0,0.0,0.0,0.0,0.0,0.0,0.0,0.0,0.0,0.0,0.0,0.0,0.0,0.0,0.0
PRP4K,0.8425265,0.0,0.0,0.5736903,1.0426868,0.5035982,0.5867574,0.5179525,0.0,1.0438523,0.89209247,0.0,1.141807,0.0,0.9916867,0.0,0.0,0.0,0.73856777,1.0846758,1.0703654,0.0,0.0,0.17289075,0.45760334,0.0,0.9506155,0.561978,0.3860283,0.0,0.0,1.0245616,0.70165443,1.0317729,0.0,0.0,0.0,0.7236871,0.77929777,0.0,0.0,0.8757839
ECI2,0.0,0.0,0.0,0.0,0.0,0.0,0.0,0.6844896,0.0,0.0,0.0,0.0,0.0,0.0,0.0,0.0,0.0,0.0,0.0,0.0,0.0,0.0,0.0,0.0,0.0,0.0,0.0,0.0,0.0,0.0,0.0,0.0,0.0,0.0,0.0,0.0,0.0,0.0,0.0,0.0,0.0,0.0
CDYL,0.0,0.0,0.0,0.0,0.0,0.0,0.0,0.0,0.0,0.0,0.0,0.0,0.0,0.0,0.0,0.0,0.0,0.0,0.0,0.0,0.0,0.0,0.0,0.0,0.12881172,0.0,0.0,0.0,0.0,0.0,0.0,0.0,0.0,0.0,0.0,0.0,0.0,0.0,0.0,0.0,0.0,0.7407013
LYRM4,0.0,0.0,0.0,0.0,0.0,0.48126704,0.0,0.3534055,0.0,0.0,0.0,0.0,0.0,0.0,0.0,0.0,0.0,0.0,0.0,0.0,0.0,0.0,0.0,0.0,0.21339111,0.0,0.0,0.0,0.0,0.0,0.0,0.0,0.0,0.0,0.0,0.0,0.0,0.0,0.0,0.0,0.0,0.0
F13A1,0.0,0.0,0.0,0.0,0.0,0.0,0.0,0.0,0.0,0.0,0.0,0.0,1.661052,0.0,0.0,0.0,0.0,1.8759067,0.0,0.0,0.0,0.0,0.0,0.0,0.0,0.0,0.0,0.0,0.0,0.0,0.0,0.0,0.0,0.0,0.0,0.0,0.0,0.0,0.0,0.0,0.0,0.0
LY86,0.72478276,0.0,0.62797976,0.71033454,0.0,0.70080924,1.0927799,0.0,0.0,0.0,0.0,0.5073828,0.7458428,0.0,0.0,0.0,0.0,0.0,0.7007212,0.0,0.0,0.0,0.0,0.0,0.0,0.0,0.0,0.0,0.0,0.0,0.0,0.0,0.0,0.0,0.0,0.0,0.0,0.0,0.0,0.0,0.0,0.0
SSR1,0.0,0.0,0.46513993,0.77901244,0.4373813,0.5944774,0.7923612,0.440422,0.0,0.4153542,0.0,0.5046885,0.0,0.0,0.0,0.0,0.0,0.0,0.0,0.0,0.0,0.0,0.0,0.45508888,1.1475633,0.0,0.0,0.63662744,0.0,0.0,0.0,0.0,0.0,0.0,0.0,0.0,0.0,0.0,0.0,0.0,0.0,1.0345113
RIOK1,0.0,0.0,0.0,0.0,0.0,0.0,0.0,0.21744834,0.0,0.0,0.0,0.0,0.0,0.0,0.0,0.0,0.0,0.0,0.0,0.0,0.0,0.0,0.0,0.0,0.0,0.0,0.0,0.0,0.0,0.0,0.0,0.0,0.0,0.0,0.0,0.0,0.0,0.0,0.0,0.0,0.0,0.0
TXNDC5,0.0,0.0,0.0,0.0,0.0,0.0,0.0,0.3534055,0.0,0.0,0.0,0.0,0.0,0.0,0.0,0.0,0.0,0.0,0.0,0.0,0.0,0.0,0.0,2.2451193,2.8326411,0.0,0.0,0.39284444,0.0,0.0,0.0,0.0,0.0,0.0,0.0,0.0,0.0,0.0,0.0,0.0,0.0,0.8908174
EEF1E1,0.0,0.0,0.0,0.0,0.0,0.0,0.42777815,0.87660193,0.0,0.47349092,0.0,0.0,0.0,0.0,0.0,0.0,0.0,0.0,0.0,0.0,0.0,0.0,0.0,0.0,0.53139937,0.0,0.0,0.4332029,0.0,0.0,0.0,0.0,0.0,0.0,0.0,0.0,0.0,0.0,0.0,0.0,0.0,0.0
PAK1IP1,0.0,0.0,0.0,0.0,0.0,0.0,0.0,0.51787704,0.0,0.0,0.0,0.0,0.0,0.0,0.0,0.0,0.0,0.0,0.0,0.0,0.0,0.0,0.0,0.0,0.16634938,0.0,0.0,0.0,0.0,0.0,0.0,0.0,0.0,0.0,0.0,0.0,0.0,0.0,0.0,0.0,0.0,0.0
TMEM14C,0.0,0.0,0.0,0.0,0.0,0.8772303,0.792229,1.8545779,0.0,0.21446666,0.0,0.0,0.97920024,0.0,0.0,0.0,0.0,0.0,0.0,0.0,0.0,0.0,0.45896882,0.14303318,0.30217808,0.0,0.0,0.62923497,0.0,0.0,0.0,0.0,0.0,0.0,0.0,0.0,0.0,0.0,0.0,0.0,0.0,0.7310693
TMEM14B,0.0,0.0,0.0,0.6292318,0.0,0.69288063,0.765549,1.7855036,0.0,0.82848537,0.0,0.4963503,0.0,0.0,0.0,0.0,0.0,0.0,0.0,0.0,0.0,0.0,0.509244,0.15189148,0.5637845,0.0,0.0,0.76220894,0.0,0.0,0.0,0.0,0.0,0.0,0.0,0.0,0.0,0.0,0.0,0.0,0.0,0.8462708
NEDD9,0.0,0.0,0.0,0.0,0.0,0.37521976,0.0,0.0,0.0,0.18083665,0.0,0.0,0.0,0.0,0.0,0.0,0.0,0.0,0.0,0.0,0.0,0.0,0.0,0.0,0.0,0.0,0.0,0.0,0.0,0.0,0.0,0.0,0.0,0.0,0.0,0.0,0.0,0.0,0.0,0.0,0.0,0.0
TMEM170B,0.0,0.0,0.49059784,0.0,0.0,0.0,0.0,0.0,0.0,0.0,0.0,0.0,0.0,0.0,0.0,0.0,0.0,0.0,0.0,0.0,0.0,0.0,0.0,0.0,0.0,0.0,0.0,0.0,0.0,0.0,0.0,0.0,0.0,0.0,0.0,0.0,0.0,0.0,0.0,0.0,0.0,0.0
PHACTR1,0.78854465,0.0,0.0,0.0,0.0,0.3139043,1.3940314,0.0,0.0,0.7697774,0.0,0.965619,0.7458428,0.0,0.0,0.0,0.0,0.0,0.0,0.0,0.0,0.0,0.53097534,0.0,0.0,0.0,0.0,0.0,0.0,0.0,0.0,0.0,0.0,0.0,0.0,0.0,0.0,0.0,0.0,0.0,0.0,1.1347785
TBC1D7,0.0,0.0,0.0,0.0,0.0,0.0,0.0,0.25967383,0.0,0.0,0.0,0.0,0.0,0.0,0.0,0.0,0.0,0.0,0.0,0.0,0.0,0.0,0.0,0.0,0.118237555,0.0,0.0,0.0,0.0,0.0,0.0,0.0,0.0,0.0,0.0,0.0,0.0,0.0,0.0,0.0,0.0,0.0
NOL7,0.74198973,0.0,0.0,0.5815027,0.6085545,0.4165121,0.6596643,1.0540977,0.0,0.6028327,0.0,0.0,0.7458428,0.0,0.0,0.0,0.0,0.0,0.0,0.0,0.0,0.0,0.5774535,0.44286695,1.1363918,0.0,0.0,0.72935605,0.0,0.0,0.7718998,0.0,0.0,0.0,0.85975575,0.0,0.0,0.86212015,0.0,0.0,0.0,0.8020765
MCUR1,0.0,0.0,0.0,0.0,0.0,0.48598903,0.0,0.58908737,0.0,0.0,0.0,0.0,0.0,0.0,0.0,0.0,0.0,0.75657225,0.0,0.0,0.0,0.0,0.0,0.0,0.5149609,0.0,0.0,0.0,0.0,0.0,0.0,0.0,0.0,0.0,0.0,0.0,0.0,0.0,0.0,0.0,0.0,0.0
CD83,2.1239092,0.0,0.0,0.0,0.0,1.9140283,0.71294373,0.0,0.0,0.99182117,0.0,1.6444154,0.7458428,0.0,1.7421771,0.0,0.0,0.0,1.838456,0.0,0.0,2.270898,1.3373845,0.0,0.0,0.0,0.0,0.0,0.0,0.0,0.0,0.0,0.0,0.0,0.0,0.0,0.0,0.0,0.0,0.0,0.0,0.0
JARID2,0.0,0.0,0.6211101,0.2618917,0.0,0.0,0.57129836,0.18598387,0.0,0.36239028,0.0,1.097946,0.0,0.0,0.0,0.0,0.0,0.0,0.0,0.0,0.0,0.0,0.0,0.0,0.0,0.0,0.0,0.329114,0.0,0.0,0.0,0.0,0.0,0.0,0.0,0.0,0.0,0.0,0.0,0.0,0.0,0.0
DTNBP1,0.0,0.0,0.0,0.0,0.0,0.0,0.0,0.0,0.0,0.0,0.0,0.0,0.0,0.0,0.0,0.0,0.0,0.0,0.0,0.0,0.0,0.0,0.0,0.0,0.0,0.0,0.0,0.0,0.0,0.0,0.0,0.0,0.0,0.0,0.0,0.0,0.0,0.0,0.0,0.0,0.0,0.580487
MYLIP,0.0,0.0,0.0,0.0,0.0,0.34115425,0.0,0.0,0.0,0.18083665,0.0,0.0,0.0,0.0,0.0,0.0,0.0,0.0,0.0,0.0,0.0,0.0,0.0,0.0,0.0,0.0,0.0,0.0,0.0,0.0,0.0,0.0,0.0,0.0,0.0,0.0,0.0,0.0,0.0,0.9161707,0.0,0.0
GMPR,0.0,0.0,0.0,0.0,0.0,0.0,0.0,0.4377056,0.0,0.0,0.0,0.0,0.0,0.0,0.0,0.0,0.0,1.3290341,0.0,0.0,0.0,0.0,0.0,0.0,0.0,0.0,0.0,0.0,0.0,0.0,0.0,0.0,0.0,0.0,0.0,0.0,0.0,0.0,0.0,0.0,0.0,0.0
ATXN1,0.0,0.0,0.0,0.0,0.0,0.0,0.0,0.0,0.0,0.0,0.0,0.0,0.0,0.0,0.0,0.0,0.0,0.0,0.0,0.0,0.0,0.0,0.0,0.0,0.15349633,0.0,0.0,0.0,0.0,0.0,0.0,0.0,0.0,0.0,0.0,0.0,0.0,0.0,0.0,0.0,0.0,0.0
KDM1B,0.0,0.0,0.0,0.0,0.0,0.3139043,0.0,0.0,0.0,0.0,0.0,0.0,0.0,0.0,0.0,0.0,0.0,0.0,0.0,0.0,0.0,0.0,0.0,0.0,0.0,0.0,0.0,0.0,0.0,0.0,0.0,0.0,0.0,0.0,0.0,0.0,0.0,0.0,0.0,0.0,0.0,0.0
DEK,1.1543701,0.0,1.0885806,2.0881472,2.2035122,1.083187,1.2400527,1.5301166,0.0,2.1445498,1.303761,0.8423759,0.7257168,0.98396504,1.1810663,0.7779272,1.0601586,0.93237793,0.9007539,1.035213,0.8566724,0.0,0.9254251,0.0,0.0,0.0,1.1540726,1.6244226,0.53665495,0.0,0.84222543,1.0634251,0.92297244,1.0421717,0.0,0.0,0.0,0.8758656,1.0040109,0.82320654,0.74956125,0.73576343
RNF144B,0.0,0.0,0.0,0.0,0.0,0.0,0.0,0.0,0.0,0.0,0.0,0.0,0.7257168,0.0,0.0,0.0,0.0,0.0,0.0,0.0,0.0,0.0,0.860385,0.0,0.0,0.0,0.0,0.0,0.0,0.0,0.0,0.0,0.0,0.0,0.0,0.0,0.0,0.0,0.0,0.0,0.0,0.0
SOX4,0.0,0.0,0.0,0.24159068,0.0,0.5072514,0.3869771,0.0,0.0,0.0,1.0136976,0.0,0.0,0.0,0.0,0.0,1.5747294,0.0,0.0,0.0,0.0,0.0,0.0,0.0,0.0,2.6635165,2.5713239,0.99227464,0.0,0.0,0.0,0.0,0.0,0.0,0.0,0.0,0.0,0.0,0.0,0.0,0.0,2.4504662
MRS2,0.0,0.0,0.0,0.0,0.0,0.0,0.0,0.13972999,0.0,0.18083665,0.0,0.0,0.0,0.0,0.0,0.0,0.0,0.0,0.0,0.0,0.0,0.0,0.0,0.0,0.0,0.0,0.0,0.0,0.0,0.0,0.0,0.0,0.0,0.0,0.0,0.0,0.0,0.0,0.0,0.0,0.0,0.0
TDP2,0.0,0.0,0.0,0.0,0.0,0.0,0.0,0.0,0.0,0.18083665,0.0,0.0,0.0,0.0,0.0,0.0,0.0,0.0,0.0,0.0,0.0,0.0,0.0,0.0,0.0,0.0,0.0,0.0,0.0,0.0,0.0,0.0,0.0,0.0,0.0,0.0,0.0,0.0,0.0,0.0,0.0,0.0
ACOT13,0.0,0.0,0.0,0.0,0.0,0.0,0.0,0.31666055,0.0,0.0,0.0,0.0,0.0,0.0,0.0,0.0,0.0,0.0,0.0,0.0,0.0,0.0,0.0,0.0,0.18132702,0.0,0.0,0.0,0.0,0.0,0.0,0.0,0.0,0.0,0.0,0.0,0.0,0.0,0.0,0.0,0.0,0.0
C6orf62,0.0,0.35249922,0.48219016,0.73344564,0.36103293,0.0,0.36281422,0.0,0.0,0.5521189,0.0,0.0,0.0,0.0,0.0,0.0,0.0,0.0,0.0,0.0,0.0,0.0,0.0,0.0,0.1146783,0.0,0.0,0.336053,0.0,0.0,0.0,0.0,0.0,0.0,0.0,0.0,0.0,0.0,0.0,0.0,0.0,0.07924435
GMNN,0.0,0.0,0.0,0.0,0.5285184,0.0,0.0,0.65750605,0.0,0.47349092,0.0,0.0,0.0,0.0,0.0,0.0,0.0,0.0,0.0,0.0,0.0,0.0,0.0,0.0,0.5089924,0.0,0.0,0.0,0.0,0.0,0.0,0.0,0.0,0.0,0.0,0.0,0.0,0.0,0.0,0.0,0.0,0.0
RIPOR2,1.1543701,0.0,0.9251038,0.5168696,0.82150817,0.27226898,0.98955816,0.0,0.0,0.21446666,0.81207776,0.0,0.0,0.0,1.3768444,0.0,0.0,0.0,1.2446089,1.138551,0.85048056,1.2238884,0.9127892,0.0,0.0,0.0,0.0,0.0,0.0,0.0,0.98166335,1.1916552,0.0,0.0,0.95931846,1.0822923,1.0523171,0.99505925,0.978647,0.0,0.0,0.98417264
TRIM38,0.6262727,0.0,0.73570704,0.5377792,0.0,0.37521976,0.5909688,0.0,0.0,0.79216564,0.0,0.0,0.5578004,0.0,0.0,0.0,0.0,0.0,0.0,0.0,0.0,0.0,0.61015904,0.0,0.0,0.0,0.0,0.0,0.0,0.0,0.0,0.0,0.0,0.0,0.0,0.0,0.0,0.0,0.0,0.0,0.0,0.5252125
H3C2,0.0,0.0,0.0,0.0,0.2311195,0.0,0.0,0.20019104,0.0,0.0,0.0,0.0,0.0,0.0,0.0,0.0,0.0,0.0,0.0,0.0,0.0,0.0,0.0,0.0,0.28544554,0.0,0.0,0.0,0.0,0.0,0.0,0.0,0.0,0.0,0.0,0.0,0.0,0.0,0.0,0.0,0.0,0.0
H3C3,0.0,0.0,0.0,0.0,0.0,0.0,0.0,0.0,0.0,0.25902426,0.0,0.0,0.0,0.0,0.0,0.0,0.0,0.0,0.0,0.0,0.0,0.0,0.0,0.0,0.0,0.0,0.0,0.0,0.0,0.0,0.0,0.0,0.0,0.0,0.0,0.0,0.0,0.0,0.0,0.0,0.0,0.0
H1-2,0.8109302,0.0,0.5996925,1.1012328,1.5547688,0.53241324,0.66742766,0.8149792,0.0,0.95752645,0.61280143,0.0,0.0,1.5881815,1.1810663,0.0,1.204026,0.0,0.83927965,1.1011522,0.9854888,1.1194379,0.0,1.1484178,1.6058381,2.749684,1.2824671,0.49331093,0.62172234,0.0,1.0266843,1.1625392,1.3060133,1.7316062,0.88713515,0.0,0.84836596,1.051832,1.5895776,1.1552631,1.2418007,0.47349468
H4C3,0.8607786,0.0,0.0,1.5970857,2.8026028,1.2332883,0.75630534,3.1402264,0.0,2.1558683,1.1428969,0.0,0.7257168,1.1107582,1.3148127,0.8020749,1.2407839,0.0,1.2443743,1.1839693,1.1861789,0.0,0.0,0.6805881,2.7078733,1.3452585,1.4625027,1.3477805,1.6137042,0.0,1.2374412,1.0823475,1.2178222,1.3225603,1.2681369,1.0122035,1.1208293,1.0412813,1.2346691,1.063487,1.2418007,0.8079787
H2BC4,0.0,0.0,0.0,0.0,0.0,0.0,0.0,0.0,0.0,0.0,0.0,0.0,0.0,0.0,0.0,0.0,0.0,0.0,0.0,0.0,0.0,0.0,0.0,0.0,0.15287328,0.88258386,0.0,0.0,0.0,0.0,0.0,0.0,0.0,0.0,0.0,0.0,0.0,0.0,0.0,0.0,0.0,0.0
H2AC6,0.0,0.0,0.0,0.0,0.0,0.0,0.0,0.0,0.0,0.0,0.0,0.0,0.0,0.0,0.0,0.0,0.0,0.3086116,0.0,0.0,0.0,0.0,0.0,0.19237135,0.14598884,2.1252408,0.9181548,0.0,0.0,0.0,0.0,0.0,0.0,0.0,0.0,0.0,0.0,0.0,0.0,0.0,0.0,0.0
H1-4,0.7603161,0.0,0.6417741,1.3919364,1.4798093,0.67467314,1.0549331,1.1105875,0.0,0.8373678,1.2266064,0.72303134,0.0,1.1522919,1.449307,0.0,1.139225,0.0,0.9487715,1.2747067,1.5129917,0.0,0.50842476,0.31557232,1.0578961,1.5394443,0.0,0.6626674,0.6826863,0.0,0.98228997,1.1472063,0.97771496,1.3360739,0.92715186,0.0,0.8555342,0.95817786,1.1288344,1.0702388,1.270175,0.65858305
H3C4,0.0,0.0,0.0,0.0,0.0,0.0,0.0,0.19094911,0.0,0.18155362,0.0,0.0,0.0,0.0,0.0,0.0,0.0,0.0,0.0,0.0,0.0,0.0,0.0,0.0,0.22458787,0.0,0.0,0.0,0.0,0.0,0.0,0.0,0.0,0.0,0.0,0.0,0.0,0.0,0.0,0.0,0.0,0.0
H2AC8,0.0,0.0,0.0,0.0,0.0,0.0,0.0,0.0,0.0,0.18155362,0.0,0.0,0.0,0.0,0.0,0.0,0.0,0.0,0.0,0.0,0.0,0.0,0.0,0.0,0.0,0.0,0.0,0.0,0.0,0.0,0.0,0.0,0.0,0.0,0.0,0.0,0.0,0.0,0.0,0.0,0.0,0.0
H1-3,0.4650107,0.0,0.0,1.1665891,1.8110535,0.5955348,0.70666605,1.1159756,0.0,0.9738912,0.0,0.0,0.0,1.0754282,0.0,0.0,1.1403501,0.0,0.758374,1.2193325,1.0502632,0.0,0.0,0.0,1.0007809,1.0510659,1.6065642,0.66609454,0.0,0.0,1.0994129,1.1213173,1.1159757,1.2734709,1.0182502,0.0,0.9147335,0.97246933,1.1751531,0.94867206,0.8953636,0.7110735
H3C8,0.0,0.0,0.0,0.0,0.0,0.0,0.0,0.0,0.0,0.0,0.0,0.0,0.0,0.0,0.0,0.0,0.0,0.0,0.0,0.0,0.0,0.0,0.0,0.0,0.17338812,0.0,0.0,0.0,0.0,0.0,0.0,0.0,0.0,0.0,0.0,0.0,0.0,0.0,0.0,0.0,0.0,0.0
BTN3A2,0.0,0.0,0.0,0.0,0.7751699,0.0,0.0,0.0,0.0,0.0,0.0,0.0,0.0,0.0,0.0,0.0,0.0,0.0,0.0,1.073967,0.0,0.0,0.0,0.0,0.24788901,0.0,0.0,0.0,0.0,0.0,0.0,1.028297,0.0,0.0,0.0,0.0,0.0,0.0,0.0,0.0,0.0,0.0
HMGN4,0.0,0.0,0.0,0.0,0.0,0.34146005,0.0,0.18204531,0.0,0.18083665,0.0,0.0,0.0,0.0,0.0,0.0,0.0,0.0,0.0,0.0,0.0,0.0,0.0,0.0,0.16684455,0.0,0.0,0.0,0.0,0.0,0.0,0.0,0.0,0.0,0.0,0.0,0.0,0.0,0.0,0.0,0.0,0.0
ABT1,0.0,0.0,0.0,0.0,0.0,0.0,0.0,0.18431313,0.0,0.0,0.0,0.0,0.0,0.0,0.0,0.0,0.0,0.0,0.0,0.0,0.0,0.0,0.0,0.0,0.20615016,0.0,0.0,0.0,0.0,0.0,0.0,0.0,0.0,0.0,0.0,0.0,0.0,0.0,0.0,0.0,0.0,0.0
H2BC11,0.0,0.0,0.0,0.0,0.0,0.0,0.0,0.0,0.0,0.0,0.0,0.0,0.0,0.0,0.0,0.0,0.0,0.0,0.0,0.0,0.0,0.0,0.0,0.0,0.13167544,0.0,0.0,0.0,0.0,0.0,0.0,0.0,0.0,0.0,0.0,0.0,0.0,0.0,0.0,0.0,0.0,0.0
H2AC11,0.0,0.0,0.0,0.0,0.3069312,0.0,0.0,0.14439867,0.0,0.18083665,0.0,0.0,0.0,0.0,0.0,0.0,0.0,0.0,0.0,0.0,0.0,0.0,0.0,0.0,0.16632998,0.0,0.0,0.0,0.0,0.0,0.0,0.0,0.0,0.0,0.0,0.0,0.0,0.0,0.0,0.0,0.0,0.0
H2AC12,0.0,0.0,0.0,0.0,0.0,0.0,0.0,0.19453365,0.0,0.0,0.0,0.0,0.0,0.0,0.0,0.0,0.0,0.0,0.0,0.0,0.0,0.0,0.0,0.0,0.13397753,0.0,0.0,0.0,0.0,0.0,0.0,0.0,0.0,0.0,0.0,0.0,0.0,0.0,0.0,0.0,0.0,0.0
H3C10,0.0,0.0,0.0,0.0,0.0,0.0,0.0,0.0,0.0,0.4153542,0.0,0.0,0.0,0.0,0.0,0.0,0.0,0.0,0.0,0.0,0.0,0.0,0.0,0.0,0.0,0.0,0.0,0.0,0.0,0.0,0.0,0.0,0.0,0.0,0.0,0.0,0.0,0.0,0.0,0.0,0.0,0.0
H2AC14,0.0,0.0,0.0,0.0,0.0,0.0,0.0,0.0,0.0,0.0,0.0,0.0,0.0,0.0,0.0,0.0,0.0,0.0,0.0,0.0,0.0,0.0,0.0,0.0,0.14557157,0.0,0.0,0.0,0.0,0.0,0.0,0.0,0.0,0.0,0.0,0.0,0.0,0.0,0.0,0.0,0.0,0.0
H2AC16,0.0,0.0,0.0,0.0,0.0,0.0,0.0,0.14544432,0.0,0.18155362,0.0,0.0,0.0,0.0,0.0,0.0,0.0,0.0,0.0,0.0,0.0,0.0,0.0,0.0,0.0,0.0,0.0,0.0,0.0,0.0,0.0,0.0,0.0,0.0,0.0,0.0,0.0,0.0,0.0,0.0,0.0,0.0
H1-5,0.0,0.0,0.0,0.32113385,0.92921674,0.0,0.0,0.91757405,0.0,0.25902426,0.0,0.0,0.0,0.0,0.0,0.0,0.0,0.0,0.0,0.0,0.0,0.0,0.0,0.0,0.49953946,0.0,0.0,0.0,0.0,0.0,0.0,0.0,0.0,0.0,0.0,0.0,0.0,0.0,0.0,0.0,0.0,0.0
H2AC17,0.0,0.0,0.0,0.0,0.0,0.0,0.0,0.0,0.0,0.18083665,0.0,0.0,0.0,0.0,0.0,0.0,0.0,0.0,0.0,0.0,0.0,0.0,0.0,0.0,0.0,0.0,0.0,0.0,0.0,0.0,0.0,0.0,0.0,0.0,0.0,0.0,0.0,0.0,0.0,0.0,0.0,0.0
TRIM27,0.0,0.0,0.0,0.0,0.0,0.0,0.0,0.16460665,0.0,0.18083665,0.0,0.0,0.0,0.0,0.0,0.0,0.0,0.0,0.0,0.0,0.0,0.0,0.0,0.0,0.15630423,0.0,0.0,0.0,0.0,0.0,0.0,0.0,0.0,0.0,0.0,0.0,0.0,0.0,0.0,0.0,0.0,0.0
HLA-F,1.0128595,0.0,0.0,0.0,1.3324649,1.0488513,0.3865379,0.0,0.0,0.7565536,0.77548546,0.5046885,0.0,1.2360535,1.2927269,0.0,0.0,0.0,0.9123233,1.4429362,1.360246,0.0,0.75755244,0.0,0.13148819,0.0,0.0,0.0,0.62941366,0.0,0.98228997,1.5308008,1.0107427,1.5433404,0.8789837,0.99077666,1.0745382,0.9817678,1.46685,1.2227036,1.1338125,0.0
HLA-A,3.0062912,2.4545443,2.7277093,2.5869746,3.4253178,3.0268998,2.622872,0.1939885,1.5505729,2.1503377,3.0504944,3.0221171,2.097768,3.3216136,2.9782581,2.8103738,2.571218,2.0798357,2.990272,3.5547695,3.3487234,2.3969865,2.7063968,1.3767705,2.539934,2.7692263,2.3562298,2.1521106,2.803186,2.5472264,3.009607,3.487987,2.8493865,3.5645273,2.719027,2.9315257,2.8985224,3.2159655,3.5050194,3.2875562,3.1579583,2.4733698
POLR1H,0.0,0.0,0.0,0.0,0.0,0.0,0.0,0.49753502,0.0,0.18083665,0.0,0.0,0.0,0.0,0.0,0.0,0.0,0.0,0.0,0.0,0.0,0.0,0.0,0.0,0.1720261,0.0,0.0,0.22776708,0.0,0.0,0.0,0.0,0.0,0.0,0.0,0.0,0.0,0.0,0.0,0.0,0.0,0.0
PPP1R11,0.0,0.0,0.0,0.0,0.0,0.0,0.30505306,0.0,0.0,0.0,0.0,0.0,0.0,0.0,0.0,0.0,0.0,0.0,0.0,0.0,0.0,0.0,0.0,0.0,0.0,0.0,0.0,0.0,0.0,0.0,0.0,0.0,0.0,0.0,0.0,0.0,0.0,0.0,0.0,0.0,0.0,0.0
TRIM26,0.0,0.0,0.0,0.0,0.0,0.0,0.0,0.0,0.0,0.0,0.0,0.0,0.5578004,0.0,0.0,0.0,0.0,0.0,0.0,0.0,0.0,0.0,0.0,0.0,0.0,0.0,0.0,0.0,0.0,0.0,0.0,0.0,0.0,0.0,0.0,0.0,0.0,0.0,0.0,0.0,0.0,0.0
HCG18,0.0,0.0,0.0,0.0,0.0,0.0,0.0,0.0,0.0,0.36239028,0.0,0.0,0.0,0.0,0.0,0.0,0.0,0.0,0.0,0.0,0.0,0.0,0.0,0.0,0.0,0.0,0.0,0.0,0.0,0.0,0.0,0.0,0.0,0.0,0.0,0.0,0.0,0.0,0.0,0.0,0.0,0.0
TRIM39,0.0,0.0,0.0,0.0,0.0,0.0,0.0,0.0,0.0,0.18083665,0.0,0.0,0.0,0.0,0.0,0.0,0.0,0.0,0.0,0.0,0.0,0.0,0.0,0.0,0.0,0.0,0.0,0.0,0.0,0.0,0.0,0.0,0.0,0.0,0.0,0.0,0.0,0.0,0.0,0.0,0.0,0.0
RPP21,0.0,0.0,0.0,0.0,0.0,0.0,0.0,0.41774783,0.0,0.18155362,0.0,0.0,0.0,0.0,0.0,0.0,0.0,0.0,0.0,0.0,0.0,0.0,0.0,0.0,0.2724481,0.0,0.0,0.0,0.0,0.0,0.0,0.0,0.0,0.0,0.0,0.0,0.0,0.0,0.0,0.0,0.0,0.0
HLA-E,2.6328053,1.8640168,2.0593514,1.6205206,2.7207031,1.8781973,1.6902957,0.0,1.1340667,1.8869665,1.9431723,2.2939973,2.2544127,2.8269966,2.5549333,2.185927,1.9173105,1.33532,2.5982728,3.040134,2.7653842,2.4749737,2.6888003,1.4066212,1.5061212,2.2448323,1.9998212,1.109906,2.4436545,2.2217746,2.6380289,2.8786907,2.547769,2.8739974,2.641992,2.4929001,2.5276513,2.7505016,2.8676457,2.7128468,2.614007,1.600265
GNL1,0.0,0.0,0.0,0.0,0.30978233,0.0,0.0,0.0,0.0,0.0,0.0,0.0,0.0,0.0,0.0,0.0,0.0,0.0,0.0,0.0,0.0,0.0,0.0,0.0,0.20615016,0.0,0.0,0.0,0.0,0.0,0.0,0.0,0.0,0.0,0.0,0.0,0.0,0.0,0.0,0.0,0.0,0.0
ABCF1,0.0,0.0,0.0,0.0,0.7786279,0.0,0.35860544,0.46045524,0.0,0.47256014,0.0,0.0,0.7458428,0.0,0.0,0.0,0.0,0.0,0.0,0.0,0.0,0.0,0.0,0.0,0.54597014,0.0,0.0,0.25361854,0.0,0.0,0.0,0.0,0.0,0.0,0.0,0.0,0.0,0.0,0.0,0.0,0.0,0.0
PPP1R10,0.0,0.0,0.0,0.0,0.5940249,0.38905048,0.32769254,0.0,0.0,0.314459,0.9013167,0.0,0.0,0.0,0.0,0.0,0.0,0.0,0.0,0.0,0.0,0.0,0.0,0.22589214,0.20615016,0.0,0.0,0.0,0.0,0.0,0.0,0.0,0.0,0.0,0.0,0.0,0.0,0.0,0.0,0.0,0.0,0.0
MRPS18B,0.0,0.0,0.0,0.0,0.0,0.0,0.32453808,0.59333336,0.0,0.0,0.0,0.0,0.0,0.0,0.0,0.0,0.0,0.0,0.0,0.0,0.0,0.0,0.0,0.0,0.5454207,0.0,0.0,0.30305475,0.0,0.0,0.0,0.0,0.0,0.0,0.0,0.0,0.0,0.0,0.0,0.0,0.0,0.0
PPP1R18,0.6535427,0.0,0.7169435,0.60922974,1.0357168,0.54746395,0.68602407,0.0,0.0,0.70278794,0.0,0.7784047,0.7257168,0.0,0.0,0.0,0.0,0.14788179,0.0,1.0793244,0.0,0.0,0.63575906,0.0,0.17029929,0.0,1.4290193,0.0,0.0,0.0,0.0,0.833189,0.0,0.0,0.0,0.0,0.0,0.86180407,0.0,0.0,0.0,0.5307819
TUBB,0.0,1.2486488,0.0,1.8424106,2.8323164,1.0831481,0.6704697,2.9575667,1.8172638,2.098922,0.0,0.8423759,1.5203841,0.0,1.0902166,0.78057736,0.63509774,2.2389665,0.0,0.0,0.0,0.0,0.9547249,0.0,1.6861634,0.0,1.0257652,1.6619041,0.7345717,0.0,0.0,0.0,0.0,0.0,0.0,0.8522043,0.0,0.0,0.0,0.0,0.0,1.0743454
FLOT1,0.0,0.0,0.0,0.48666126,0.0,0.8300034,0.68563277,0.46834835,0.0,0.0,0.0,0.7063019,0.0,0.0,0.0,0.0,0.0,0.4286872,0.0,0.0,0.0,0.0,0.0,0.15189148,0.27335483,0.0,0.0,0.0,0.0,0.0,0.0,0.0,0.0,0.0,0.0,0.0,0.0,0.0,0.0,0.0,0.0,0.62848985
IER3,0.0,0.0,0.0,0.0,0.0,0.0,0.0,0.0,0.0,0.0,0.0,2.8868573,1.141807,0.0,0.0,0.0,0.0,0.0,0.0,0.0,0.0,0.0,0.0,0.0,0.0,0.0,0.0,0.0,0.0,0.0,0.0,0.0,0.0,0.0,0.0,0.0,0.0,0.0,0.0,0.0,0.0,0.0
GTF2H4,0.0,0.0,0.0,0.0,0.0,0.0,0.0,0.0,0.0,0.18083665,0.0,0.0,0.0,0.0,0.0,0.0,0.0,0.0,0.0,0.0,0.0,0.0,0.0,0.0,0.0,0.0,0.0,0.0,0.0,0.0,0.0,0.0,0.0,0.0,0.0,0.0,0.0,0.0,0.0,0.0,0.0,0.0
TCF19,0.0,0.0,0.0,0.0,0.0,0.0,0.0,0.0,0.0,0.62309736,0.0,0.0,0.0,0.0,0.0,0.0,0.0,0.0,0.0,0.0,0.0,0.0,0.0,0.0,0.14813367,0.0,0.0,0.0,0.0,0.0,0.0,0.0,0.0,0.0,0.0,0.0,0.0,0.0,0.0,0.0,0.0,0.0
HLA-C,3.1023421,2.7492914,2.5302541,2.1575942,3.3043437,3.3435247,2.2986348,0.79123855,1.7602026,2.1868446,2.7381158,3.097538,2.7275865,3.301988,3.3350976,2.64236,2.0843098,1.961179,2.9595332,3.4753282,3.0092635,2.3954744,3.0068514,2.5419335,2.4816434,2.9206343,2.4708314,1.6424294,2.9352684,2.5332365,2.8863797,3.7394714,2.6766543,3.568866,2.4809742,2.9343684,2.9690824,2.8792236,3.532886,3.296126,3.022103,2.0512958
HLA-B,3.6609762,3.2685297,3.3221412,3.13886,3.977273,3.822514,3.2366507,0.67698187,1.8340065,2.6313672,3.2389507,3.7615266,3.3375945,3.9255824,3.5697174,3.3771966,2.659894,2.3371158,3.6205244,4.0433636,3.8826632,3.2488706,3.6272292,2.5564988,3.0400314,3.633462,3.1599731,2.3829083,3.5984354,2.7679136,3.5578537,3.7382245,3.382677,3.789753,3.3787076,3.2985907,3.3145542,3.5553482,3.7704556,3.7033575,3.796702,3.4480038
HCP5,0.0,0.0,0.0,0.0,0.0,0.0,0.0,0.0,0.0,0.4153542,0.0,0.0,0.0,0.0,0.0,0.0,0.0,0.0,0.0,0.0,0.0,0.0,0.0,0.0,0.0,0.0,0.0,0.0,0.0,0.0,0.0,0.0,0.0,0.0,0.0,0.0,0.0,0.0,0.0,0.0,0.0,0.0
DDX39B,0.6262727,0.0,0.0,0.75551164,0.86681104,0.57750386,0.79236114,1.0850071,0.0,0.61035377,0.9341768,0.5367148,0.91374826,0.0,0.77814996,0.0,0.0,0.0,0.0,0.0,0.0,0.0,0.5581999,0.0,0.5027708,0.0,0.0,0.9062571,0.0,0.0,0.0,0.0,0.0,0.0,0.0,0.8543694,0.0,0.0,0.0,0.0,0.0,0.78795594
TNF,0.0,0.0,0.0,0.0,0.0,0.0,0.0,0.0,0.0,0.0,0.0,0.6602513,0.0,0.0,0.0,0.0,0.0,0.0,0.0,0.0,0.0,0.0,0.0,0.0,0.0,0.0,0.0,0.0,0.0,0.0,0.0,0.0,0.0,0.0,0.0,0.0,0.0,0.0,0.0,0.0,0.0,0.0
LTB,1.486663,0.0,0.0,0.0,0.0,0.0,0.0,0.0,0.0,0.0,1.0021521,0.0,0.0,1.7748775,2.429391,0.0,0.0,0.0,2.4975848,0.0,0.0,2.1828945,0.0,0.0,0.0,0.0,0.76748186,0.0,1.1739135,0.0,2.336158,0.0,1.6568332,0.0,2.0243044,2.016644,1.525806,2.0608747,0.0,1.6804711,0.0,0.0
LST1,0.0,1.085649,1.9887638,1.6866498,0.0,0.0,1.7029912,0.0,2.0194516,0.0,1.234842,1.6568332,0.0,0.0,0.0,0.67576224,0.0,0.42825502,0.0,0.0,0.0,0.0,3.1938796,0.0,0.0,0.0,0.0,0.4155817,0.0,0.0,0.0,0.0,0.0,0.0,0.0,0.0,0.0,0.0,0.0,0.0,0.0,0.0
NCR3,0.0,0.0,0.0,0.0,0.74982625,0.0,0.0,0.0,0.0,0.0,0.0,0.0,0.0,1.029221,0.0,0.0,0.0,0.0,0.0,0.0,0.0,0.0,0.0,0.0,0.0,0.0,0.0,0.0,0.0,0.0,0.0,0.0,0.0,0.0,0.0,0.0,0.0,0.0,0.0,0.0,0.0,0.0
AIF1,0.0,1.6898952,2.362401,1.6331112,0.0,1.7825483,1.9390502,0.0,2.9801538,0.18083665,0.0,3.0234358,2.4384756,0.0,0.0,1.7512681,0.0,0.0,0.0,0.0,0.0,0.0,3.3594801,0.0,0.0,0.0,0.0,1.3937373,0.0,0.0,0.0,0.0,0.0,0.0,0.0,0.0,0.0,0.0,0.0,0.0,0.0,0.677846
PRRC2A,0.0,0.0,0.0,0.25073662,0.40894568,0.4224942,0.0,0.41147065,0.0,0.41463724,0.0,0.0,0.0,0.0,0.0,0.0,0.0,0.0,0.0,0.0,0.0,0.0,0.0,0.0,0.17058174,0.0,0.0,0.246326,0.0,0.0,0.0,0.0,0.0,0.0,0.0,0.0,0.0,0.0,0.0,0.0,0.0,0.0
BAG6,0.0,0.0,0.0,0.0,0.0,0.4580726,0.33295542,0.310806,0.0,0.47256014,0.0,0.3987304,0.0,0.0,0.0,0.0,0.0,0.0,0.0,0.0,0.0,0.0,0.0,0.0,0.27262,0.0,0.0,0.0,0.0,0.0,0.0,0.0,0.0,0.0,0.0,0.0,0.0,0.0,0.0,0.0,0.0,0.0
GPANK1,0.0,0.0,0.0,0.0,0.0,0.0,0.0,0.0,0.0,0.0,0.0,0.0,0.0,0.0,0.0,0.0,0.0,0.0,0.0,0.0,0.0,0.0,0.0,0.0,0.13148819,0.0,0.0,0.0,0.0,0.0,0.0,0.0,0.0,0.0,0.0,0.0,0.0,0.0,0.0,0.0,0.0,0.0
CSNK2B,0.85592324,0.0,0.765939,0.94186556,1.2161908,0.97191745,0.9574851,1.3201048,1.4992628,1.2936573,0.0,1.0883627,1.1757209,0.0,0.8421502,0.0,0.7903112,0.83018064,0.8404634,0.75937724,0.7817006,0.0,1.1660857,0.48948303,0.8507924,1.4532835,1.4101219,1.0479403,0.7429935,0.0,0.75910515,0.0,0.0,0.0,0.73684096,0.74595606,0.5477407,0.8978554,0.0,0.0,0.0,0.8970808
ABHD16A,0.0,0.0,0.0,0.0,0.0,0.0,0.0,0.1599648,0.0,0.0,0.0,0.0,0.0,0.0,0.0,0.0,0.0,0.40347812,0.0,0.0,0.0,0.0,0.0,0.0,0.0,0.0,0.0,0.0,0.0,0.0,0.0,0.0,0.0,0.0,0.0,0.0,0.0,0.0,0.0,0.0,0.0,0.0
LY6G6F,0.0,0.0,0.0,0.0,0.0,0.0,0.0,0.0,0.0,0.0,0.0,0.0,0.0,0.0,0.0,0.0,0.0,0.4460132,0.0,0.0,0.0,0.0,0.0,0.0,0.0,0.0,0.0,0.0,0.0,0.0,0.0,0.0,0.0,0.0,0.0,0.0,0.0,0.0,0.0,0.0,0.0,0.0
MPIG6B,0.0,0.0,0.0,0.0,0.0,0.0,0.0,0.0,0.0,0.0,0.0,0.0,0.0,0.0,0.0,0.0,0.0,1.4721034,0.0,0.0,0.0,0.0,0.0,0.0,0.0,0.0,0.0,0.0,0.0,0.0,0.0,0.0,0.0,0.0,0.0,0.0,0.0,0.0,0.0,0.0,0.0,0.0
DDAH2,0.0,0.0,0.0,0.0,0.0,0.0,0.58231074,0.0,0.0,0.18155362,0.0,0.5367148,0.0,0.0,0.0,0.0,0.0,0.0,0.0,0.0,0.0,0.0,0.0,0.0,0.0,0.0,1.031539,0.0,0.0,0.0,0.0,0.0,0.0,0.0,0.0,0.0,0.0,0.0,0.0,0.0,0.0,0.84733844
CLIC1,1.7565614,2.0230935,1.876966,1.8756791,2.3391695,1.5660875,2.184526,1.0458089,2.2002387,1.592906,1.8712426,2.3377628,2.001111,1.4960011,1.80621,1.8220949,1.8609267,2.6954124,1.5313685,1.9720744,1.8439214,1.1325278,1.9984102,0.7623687,1.7504814,1.2152612,1.9064292,1.6983248,1.7154368,0.0,1.3043479,1.7336341,1.1257298,1.6113071,0.8619226,0.9118978,0.8183625,1.5737236,1.6068828,1.5975448,1.6639082,1.6484736
VARS1,0.0,0.0,0.0,0.0,0.0,0.0,0.0,0.4837296,0.0,0.0,0.0,0.0,0.0,0.0,0.0,0.0,0.0,0.0,0.0,0.0,0.0,0.0,0.0,0.0,0.4101357,0.0,0.0,0.0,0.0,0.0,0.0,0.0,0.0,0.0,0.0,0.0,0.0,0.0,0.0,0.0,0.0,0.0
LSM2,0.5121089,0.0,0.0,0.6008248,0.79559374,0.40578204,0.4506386,1.0544149,0.0,0.81049556,0.0,0.0,0.0,0.0,0.0,0.0,0.0,0.0,0.0,0.0,0.0,0.0,0.0,0.0,0.75043356,0.0,0.0,0.8611797,0.0,0.0,0.0,0.0,0.0,0.0,0.0,0.0,0.0,0.0,0.0,0.0,0.0,0.4862995
HSPA1A,0.0,0.0,0.49986744,0.34404743,0.0,1.0529546,0.42856002,0.8802541,0.0,1.9064898,0.0,0.0,2.9302056,0.0,1.0902166,1.6180983,0.0,0.0,0.0,0.0,0.0,0.0,0.87476474,0.29099503,0.12207285,0.0,0.0,0.26213196,0.67377377,0.0,0.0,0.9880212,0.0,0.0,0.0,4.3890676,0.0,0.0,0.0,1.1503698,0.0,0.0
HSPA1B,0.0,0.0,0.0,0.0,0.0,0.3977822,0.0,0.7244811,0.0,1.1252753,0.0,0.0,2.6981828,0.0,0.0,0.0,0.0,0.0,0.0,0.0,0.0,0.0,0.0,0.25018308,0.0,0.0,0.0,0.0,0.0,0.0,0.0,0.0,0.0,0.0,0.0,3.835081,0.0,0.0,0.0,0.9573862,0.0,0.0
SNHG32,0.510213,0.0,0.0,0.0,0.0,0.47506863,0.7190507,0.23805381,0.0,0.9500345,0.0,0.0,0.0,0.0,0.0,0.0,0.0,0.0,0.0,0.0,0.0,0.0,0.0,0.0,0.14045735,0.0,0.9181548,0.58056295,0.0,0.0,0.7465717,0.0,0.9259995,0.0,1.0083588,0.9385132,0.8900856,0.0,0.0,0.0,0.0,0.7099133
NEU1,0.0,0.0,0.0,0.0,0.0,0.0,0.0,0.0,0.0,0.0,0.0,0.0,0.5578004,0.0,0.0,0.0,0.0,0.0,0.0,0.0,0.0,0.0,0.0,0.3307935,0.16632998,0.0,0.0,0.0,0.0,0.0,0.0,0.0,0.0,0.0,0.0,0.0,0.0,0.0,0.0,0.0,0.0,0.0
EHMT2,0.0,0.0,0.0,0.0,0.0,0.0,0.0,0.1340009,0.0,0.0,0.0,0.0,0.0,0.0,0.0,0.0,0.0,0.0,0.0,0.0,0.0,0.0,0.0,0.0,0.0,0.0,0.0,0.0,0.0,0.0,0.0,0.0,0.0,0.0,0.0,0.0,0.0,0.0,0.0,0.0,0.0,0.0
NELFE,0.0,0.0,0.0,0.25339332,0.55719566,0.0,0.3606974,0.36111876,0.0,0.0,0.0,0.0,0.0,0.0,0.0,0.0,0.0,0.0,0.0,0.0,0.0,0.0,0.0,0.0,0.44637376,0.0,0.0,0.31092322,0.0,0.0,0.0,0.0,0.0,0.0,0.0,0.0,0.0,0.0,0.0,0.0,0.0,0.0
SKIC2,0.0,0.0,0.0,0.0,0.0,0.0,0.0,0.0,0.0,0.18083665,0.0,0.0,0.0,0.0,0.0,0.0,0.0,0.0,0.0,0.0,0.0,0.0,0.0,0.0,0.0,0.0,0.0,0.0,0.0,0.0,0.0,0.0,0.0,0.0,0.0,0.0,0.0,0.0,0.0,0.0,0.0,0.0
ATF6B,0.0,0.0,0.0,0.0,0.30769852,0.0,0.35920435,0.0,0.0,0.42031318,0.0,0.0,0.0,0.0,0.0,0.0,0.0,0.0,0.0,0.0,0.0,0.0,0.0,0.0,0.14557157,0.0,0.0,0.0,0.0,0.0,0.0,0.0,0.0,0.0,0.0,0.0,0.0,0.0,0.0,0.0,0.0,0.0
PPT2,0.0,0.0,0.0,0.0,0.0,0.0,0.0,0.40064067,0.0,0.0,0.0,0.0,0.0,0.0,0.0,0.0,0.0,0.0,0.0,0.0,0.0,0.0,0.0,0.0,0.0,0.0,0.0,0.0,0.0,0.0,0.0,0.0,0.0,0.0,0.0,0.0,0.0,0.0,0.0,0.0,0.0,0.0
AGPAT1,0.0,0.0,0.0,0.0,0.0,0.40578204,0.0,0.1552586,0.0,0.0,0.0,0.0,0.0,0.0,0.0,0.0,0.0,0.0,0.0,0.0,0.0,0.0,0.0,0.0,0.0,0.0,0.0,0.0,0.0,0.0,0.0,0.0,0.0,0.0,0.0,0.0,0.0,0.0,0.0,0.0,0.0,0.0
RNF5,0.0,0.0,0.0,0.0,0.0,0.34549886,0.39008018,0.7379786,0.0,0.0,0.0,0.0,0.0,0.0,0.0,0.0,0.0,0.0,0.0,0.0,0.0,0.0,0.0,0.0,0.26444438,0.0,0.0,0.0,0.0,0.0,0.0,0.0,0.0,0.0,0.0,0.0,0.0,0.0,0.0,0.0,0.0,0.66838133
PBX2,0.0,0.0,0.0,0.0,0.0,0.0,0.0,0.0,0.0,0.18155362,0.0,0.0,0.0,0.0,0.0,0.0,0.0,0.0,0.0,0.0,0.0,0.0,0.0,0.0,0.0,0.0,0.0,0.0,0.0,0.0,0.0,0.0,0.0,0.0,0.0,0.0,0.0,0.0,0.0,0.0,0.0,0.0
GPSM3,1.2390066,0.0,1.1974331,0.9058187,1.0951593,0.8469932,1.2622178,0.0,0.0,0.3640731,1.2193325,1.0850972,0.0,1.1885515,1.6765134,0.5169805,0.14267562,0.82568,1.3265433,1.2307944,1.125591,1.2864349,1.3942823,0.14519256,0.32550788,0.0,0.0,0.37966844,1.1674936,0.0,1.4941224,1.2171524,1.3603895,1.2223668,1.4110003,1.3480252,1.364063,1.3367426,1.3014203,1.4371604,1.3962387,1.1073273
HLA-DRA,3.8527465,3.2443767,1.5227622,1.7768247,0.0,4.766696,4.273815,0.0,2.046996,2.6142113,0.0,3.004703,4.0332313,0.0,3.5171607,1.9115684,0.0,0.0,3.6276302,0.0,0.0,3.8579438,2.995037,0.0,0.5414634,3.4938831,3.5942166,1.4288383,2.1078815,0.0,0.0,0.0,0.0,0.0,0.0,0.0,0.0,0.0,0.0,0.0,0.0,3.4277666
HLA-DRB5,2.270898,0.0,0.0,0.0,0.0,3.7974715,2.070977,0.0,0.0,1.4783738,0.0,1.2930145,3.5809839,0.0,2.413649,0.0,0.0,0.0,1.4630148,0.0,0.0,2.036013,1.6051011,0.0,0.0,1.4382361,1.609758,0.0,0.0,0.0,0.0,0.0,0.0,0.0,0.0,0.0,0.0,0.0,0.0,0.0,0.0,1.1349657
HLA-DRB1,3.4049265,3.1380484,1.0753434,1.2127364,0.0,4.4485116,3.599973,0.0,0.0,2.2138433,0.0,2.1775575,3.776168,0.0,3.4128623,1.4191211,0.0,0.0,2.8915644,0.0,0.0,3.0247393,2.506833,0.0,0.7640422,2.090095,2.190145,0.71307266,1.455449,0.0,0.0,1.0559101,0.0,1.2029492,0.0,0.0,0.0,0.0,1.1499271,0.0,0.0,2.3647032
HLA-DQA1,2.7066202,0.0,0.0,0.0,0.0,3.4160779,2.6789894,0.0,0.0,1.3419391,0.0,0.0,1.4347595,0.0,2.4733443,0.0,0.0,0.0,2.1381235,0.0,0.0,2.163801,0.87192214,0.0,0.17365827,0.0,1.0024796,0.0,0.19488612,0.0,0.0,0.0,0.0,0.0,0.0,0.0,0.0,0.0,0.0,0.0,0.0,1.5248914
HLA-DQB1,2.6272116,0.6586133,0.0,0.0,0.0,3.786379,2.8465962,0.0,0.0,1.3523464,0.0,0.5104259,2.3604677,0.0,2.6787052,0.0,0.0,0.0,2.2311783,0.0,0.0,2.6169856,1.276258,0.0,0.29982746,1.6860384,1.6259605,0.0,0.9739537,0.0,0.0,0.0,0.0,0.0,0.0,0.0,0.0,0.0,0.0,0.0,0.0,1.5494454
HLA-DQA2,0.0,0.0,0.0,0.0,0.0,1.8138466,1.5571257,0.0,0.0,0.0,0.0,0.0,1.4347595,0.0,0.0,0.0,0.0,0.0,0.0,0.0,0.0,1.1860974,0.0,0.0,0.0,0.0,0.0,0.0,0.0,0.0,0.0,0.0,0.0,0.0,0.0,0.0,0.0,0.0,0.0,0.0,0.0,1.2316375
HLA-DOB,0.0,0.0,0.0,0.0,0.0,0.89923656,0.0,0.0,0.0,0.0,0.0,0.0,0.0,0.0,0.0,0.0,0.0,0.0,0.0,0.0,0.0,0.0,0.0,0.0,0.0,0.0,0.0,0.0,0.0,0.0,0.0,0.0,0.0,0.0,0.0,0.0,0.0,0.0,0.0,0.0,0.0,0.0
TAP2,0.0,0.0,0.0,0.0,0.0,0.90241873,0.0,0.0,0.0,0.0,0.0,0.0,0.0,0.0,0.0,0.0,0.0,0.0,0.0,0.0,0.0,0.0,0.0,0.11117859,0.26461154,0.0,0.0,0.0,0.0,0.0,0.0,0.0,0.0,0.0,0.0,0.0,0.0,0.0,0.0,0.0,0.0,0.0
PSMB8,0.8779965,0.0,0.0,0.8142786,1.5003219,1.0569707,0.95074534,0.0,0.0,1.4616671,0.0,0.72981226,0.0,0.0,0.6868571,0.0,0.0,0.67238903,0.74332976,1.0923848,0.9810388,0.0,0.94347167,0.35926962,1.2283776,1.2846699,1.0024796,0.67458,0.67652607,0.0,0.8224904,0.99318254,0.0,0.0,0.806134,0.86441666,0.8079556,1.0263394,0.80589396,0.9702251,0.0,1.0676773
PSMB8-AS1,0.0,0.0,0.0,0.0,0.63559175,0.0,0.0,0.0,0.0,0.0,0.0,0.0,0.0,0.0,0.0,0.0,0.0,0.0,0.0,0.0,0.0,0.0,0.0,0.0,0.17900646,0.0,0.0,0.0,0.0,0.0,0.0,0.0,0.0,0.0,0.0,0.0,0.0,0.0,0.0,0.0,0.0,0.0
PSMB9,1.2973468,0.0,0.0,0.5806072,1.7960979,1.6674657,0.8269157,0.0,0.0,1.3979397,0.0,0.0,0.0,1.0443746,1.3681959,0.0,0.0,0.0,1.1202049,1.3008852,1.0751765,0.0,1.1344713,0.28372514,1.0506732,0.0,1.031539,0.12602532,1.0028672,0.0,0.9046314,1.2158986,0.0,1.1272092,0.79222906,0.0,0.75807905,1.0168967,1.1961434,1.0624948,1.0495343,0.58125365
TAP1,0.4650107,0.0,0.0,0.0,0.7308723,1.3977655,0.37851083,0.0,0.0,0.36239028,0.0,0.0,0.0,0.0,0.0,0.0,0.0,0.0,0.0,0.0,0.0,0.0,0.0,0.23299153,0.5475869,0.0,0.0,0.0,0.0,0.0,0.0,0.0,0.0,0.0,0.0,0.0,0.0,0.0,0.0,0.0,0.0,0.61261004
HLA-DMB,1.2042528,0.0,0.0,0.0,0.0,1.4520156,1.5739257,0.0,0.0,0.65181565,0.0,0.0,1.3831153,0.0,0.0,0.0,0.0,0.0,1.0094666,0.0,0.0,1.291004,0.0,0.0,0.0,0.0,0.0,0.0,0.0,0.0,0.0,0.0,0.0,0.0,0.0,0.0,0.0,0.0,0.0,0.0,0.0,1.3078377
HLA-DMA,1.6608505,0.0,0.0,0.5270994,0.0,2.3919168,2.035434,0.0,0.0,1.1234492,0.0,0.0,2.1363251,0.0,1.3148127,0.0,0.0,0.0,1.2862968,0.0,0.0,1.590821,0.8916615,0.0,0.0,1.8499892,1.8205236,0.36822474,0.62866086,0.0,0.0,0.0,0.0,0.0,0.0,0.0,0.0,0.0,0.0,0.0,0.0,1.7738683
BRD2,1.0128595,0.0,0.43815756,0.70287466,1.0988156,1.2362267,0.79236114,0.6034461,0.0,1.0931151,1.206956,0.47305363,0.97920024,1.0832516,0.77814996,0.0,0.0,0.0,0.88717806,1.1597519,1.2040904,0.0,0.6279423,0.47954965,0.71272284,1.176497,1.0943637,0.6095604,0.8539357,0.0,0.7120171,0.77874684,0.0,1.116252,0.0,0.884668,0.0,0.7811546,1.0059872,0.9907276,0.9242541,1.013922
HLA-DOA,0.0,0.0,0.0,0.0,0.0,0.6174085,0.35920435,0.0,0.0,0.0,0.0,0.0,0.0,0.0,0.0,0.0,0.0,0.0,0.0,0.0,0.0,0.0,0.0,0.0,0.0,0.0,0.0,0.0,0.0,0.0,0.0,0.0,0.0,0.0,0.0,0.0,0.0,0.0,0.0,0.0,0.0,0.0
HLA-DPA1,3.27304,2.1915557,0.0,0.67585725,0.0,4.6774516,3.584403,0.0,2.1346803,1.811899,0.0,1.8385649,3.1523275,0.0,3.0596745,1.2621269,0.0,0.0,2.7280354,0.0,0.0,2.8224366,2.722712,0.0,0.7288533,2.2210424,2.4151947,0.72013664,1.5820618,0.0,0.0,1.1658735,0.0,1.1995347,0.0,0.0,0.0,0.0,1.2138155,0.0,0.0,2.6672797
HLA-DPB1,3.3056557,2.4764698,0.0,0.5783853,0.0,4.687953,3.432172,0.0,1.6592288,1.5335371,0.0,1.7425656,3.2587836,0.0,2.5549333,0.7838926,0.0,0.0,2.62141,0.0,0.0,2.6864786,2.2596786,0.0,0.30593717,2.2680795,2.3920972,0.6285398,1.2318003,0.0,0.0,1.1857028,0.0,1.1280568,0.0,0.0,0.0,0.0,1.1556109,0.0,0.0,2.5403569
SLC39A7,0.0,0.0,0.0,0.0,0.0,0.0,0.0,0.0,0.0,0.18083665,0.0,0.0,0.0,0.0,0.0,0.0,0.0,0.0,0.0,0.0,0.0,0.0,0.0,0.2383474,0.31705543,0.0,0.0,0.0,0.0,0.0,0.0,0.0,0.0,0.0,0.0,0.0,0.0,0.0,0.0,0.0,0.0,0.0
HSD17B8,0.0,0.0,0.0,0.0,0.0,0.0,0.0,0.0,0.0,0.0,0.0,0.0,0.0,0.0,0.0,0.0,0.0,0.0,0.0,0.0,0.0,0.0,0.0,0.0,0.11483783,0.0,0.0,0.0,0.0,0.0,0.0,0.0,0.0,0.0,0.0,0.0,0.0,0.0,0.0,0.0,0.0,0.0
RPS18,4.0733895,3.3668284,2.9437819,3.4119592,2.892872,3.8529344,3.7493577,4.1300354,2.9921176,3.8298218,3.6504679,2.8250937,3.5863156,3.7802398,4.048042,3.6331663,3.4131527,2.5996585,4.1289496,3.0153341,3.5750504,3.8769088,3.1271152,2.681521,3.6292472,3.0199928,3.5443382,4.1146564,3.682139,2.042117,4.202626,3.5169954,4.0231714,3.6024623,4.210185,4.162719,4.126741,3.89095,3.6377592,3.786538,3.953677,3.6857657
WDR46,0.0,0.0,0.0,0.0,0.0,0.0,0.0,0.21609913,0.0,0.18083665,0.0,0.0,0.0,0.0,0.0,0.0,0.0,0.0,0.0,0.0,0.0,0.0,0.0,0.0,0.16472894,0.0,0.0,0.0,0.0,0.0,0.0,0.0,0.0,0.0,0.0,0.0,0.0,0.0,0.0,0.0,0.0,0.0
PFDN6,0.0,0.0,0.0,0.0,0.0,0.0,0.0,0.68769217,0.0,0.25902426,0.0,0.0,0.0,0.0,0.0,0.0,0.0,0.0,0.0,0.0,0.0,0.0,0.0,0.0,0.4499066,0.0,0.0,0.0,0.0,0.0,0.0,0.0,0.0,0.0,0.0,0.0,0.0,0.0,0.0,0.0,0.0,0.0
TAPBP,0.99629664,0.4832946,0.93969905,1.08224,1.1227369,1.2889053,1.0363657,0.20002231,0.0,0.82848537,1.049655,0.82655406,0.5578004,0.978129,1.2104161,0.45991644,0.0,0.0,1.0885189,1.1995345,1.2533,1.158851,0.7517195,0.6456115,0.71697015,1.0777423,0.0,0.6512066,0.49840292,0.0,0.8183625,1.0913323,0.0,1.1027628,0.83684564,0.7382381,0.7603767,0.8972526,1.0828639,1.0190415,0.0,1.0968013
DAXX,0.0,0.0,0.0,0.0,0.0,0.0,0.0,0.22421369,0.0,0.0,0.0,0.0,0.0,0.0,0.0,0.0,0.0,0.0,0.0,0.0,0.0,0.0,0.0,0.0,0.2355887,0.0,0.0,0.0,0.0,0.0,0.0,0.0,0.0,0.0,0.0,0.0,0.0,0.0,0.0,0.0,0.0,0.0
KIFC1,0.0,0.0,0.0,0.0,0.7796093,0.0,0.0,0.0,0.0,0.0,0.0,0.0,0.0,0.0,0.0,0.0,0.0,0.0,0.0,0.0,0.0,0.0,0.0,0.0,0.16899817,0.0,0.0,0.0,0.0,0.0,0.0,0.0,0.0,0.0,0.0,0.0,0.0,0.0,0.0,0.0,0.0,0.0
PHF1,0.0,0.0,0.0,0.0,0.0,0.0,0.0,0.0,0.0,0.0,0.0,0.0,0.5578004,0.0,0.9916867,0.0,0.0,0.0,0.0,0.0,0.0,0.0,0.0,0.0,0.0,0.0,0.0,0.0,0.0,0.0,0.0,0.0,0.0,0.0,0.0,0.0,0.0,0.0,0.0,0.0,0.0,0.0
CUTA,0.94838136,0.0,0.0,0.60856086,0.86013055,0.50819945,0.7961055,1.1753522,0.0,0.57238364,1.2089031,0.3987304,0.0,1.0682285,0.0,0.39091414,0.67414105,0.0,0.9238418,1.0390925,1.1431155,0.0,0.5619514,1.1587011,1.1100605,0.0,0.0,1.0863642,0.8270761,0.0,1.0565829,1.0032992,1.0605161,1.0513475,1.0523778,0.99209183,0.96860003,1.1676248,1.0438974,1.0334016,1.032353,0.7256759
BAK1,0.0,0.0,0.0,0.0,0.0,0.0,0.0,0.0,0.0,0.0,0.0,0.0,0.0,0.0,0.0,0.0,0.0,0.0,0.0,0.0,0.0,0.0,0.0,0.0,0.36960799,0.0,0.0,0.0,0.0,0.0,0.0,0.0,0.0,0.0,0.0,0.0,0.0,0.0,0.0,0.0,0.0,0.0
UQCC2,0.0,0.0,0.0,0.40945554,0.0,0.0,0.0,1.0439191,0.0,0.21446666,0.0,0.0,0.0,0.0,0.0,0.0,0.0,0.0,0.0,0.0,0.0,0.0,0.0,0.17308275,0.774931,0.0,0.0,0.5094295,0.0,0.0,0.0,0.0,0.0,0.0,0.0,0.0,0.0,0.0,0.0,0.0,0.0,0.0
HMGA1,0.6262727,0.0,0.0,0.8700218,0.67328906,1.3328241,0.88195956,2.3971725,0.0,1.3303086,0.0,0.7784047,0.0,0.0,0.77814996,0.0,0.38067427,0.889866,0.0,0.0,0.0,0.0,0.0,0.0,1.3038663,0.0,1.0257652,1.6401403,0.19500414,0.0,0.0,0.0,0.0,0.0,0.0,0.0,0.0,0.0,0.0,0.0,0.0,1.0538465
NUDT3,0.0,0.0,0.0,0.0,0.0,0.0,0.4004618,0.0,0.0,0.36239028,0.0,0.0,0.0,0.0,0.0,0.0,0.0,0.0,0.0,0.0,0.0,0.0,0.0,0.0,0.0,0.0,0.0,0.3197753,0.0,0.0,0.0,0.0,0.0,0.0,0.0,0.0,0.0,0.0,0.0,0.0,0.0,0.0
RPS10,0.51613474,1.8640168,1.5581939,1.9929488,1.838511,1.5074463,2.3631759,0.5660991,0.0,0.25902426,1.553327,0.64906085,0.0,1.4599595,0.0,1.9880383,2.1666672,0.0,1.3229909,1.8141546,2.272426,1.3190124,0.90682995,0.32146513,1.6386901,0.0,1.4625027,2.379377,1.3702404,0.0,2.5404718,1.658638,2.5221024,1.3514102,3.0058208,0.0,2.1547158,2.3335464,1.6139331,1.1662537,1.3471818,2.4582443
PACSIN1,0.0,0.0,0.0,0.0,0.0,0.0,0.0,0.0,0.0,0.0,0.0,0.0,0.0,0.0,0.0,0.0,0.0,0.0,0.0,0.0,0.0,0.0,0.0,0.0,0.0,0.0,0.0,0.0,0.0,0.0,0.0,0.0,0.0,0.0,0.0,0.0,0.0,0.0,0.0,0.0,0.0,0.6353318
ILRUN,0.0,0.0,0.0,0.0,0.0,0.0,0.0,0.0,0.0,0.0,0.0,0.0,0.0,0.0,0.0,0.0,0.0,0.0,0.0,0.0,0.0,0.0,0.0,0.0,0.21339111,0.0,0.0,0.0,0.0,0.0,0.0,0.0,0.0,0.0,0.0,0.0,0.0,0.0,0.0,0.0,0.0,0.0
SNRPC,0.0,0.0,0.0,0.7031966,0.88631296,0.28951037,0.58231074,1.2512707,0.0,0.9240264,0.0,0.0,0.44090223,0.0,0.0,0.0,0.0,0.0,0.0,0.0,0.0,0.0,0.57761276,0.19568309,1.012785,0.0,0.0,0.79295695,0.0,0.0,0.0,0.0,0.0,0.0,0.0,0.0,0.0,0.0,0.0,0.0,0.0,0.6249144
TAF11,0.0,0.0,0.0,0.0,0.0,0.0,0.3044914,0.23579518,0.0,0.0,0.0,0.0,0.0,0.0,0.0,0.0,0.0,0.0,0.0,0.0,0.0,0.0,0.0,0.0,0.20406052,0.0,0.0,0.0,0.0,0.0,0.0,0.0,0.0,0.0,0.0,0.0,0.0,0.0,0.0,0.0,0.0,0.0
DEF6,0.0,0.0,0.0,0.0,0.6321247,0.5034041,0.42475292,0.0,0.0,0.0,0.0,0.0,0.0,0.0,0.0,0.0,0.0,0.0,0.0,0.0,0.0,0.0,0.0,0.0,0.30944383,0.0,0.0,0.0,0.0,0.0,0.0,0.0,0.0,0.0,0.0,0.0,0.0,0.0,0.0,0.0,0.0,0.0
RPL10A,3.0668347,2.6603582,2.1698668,2.4678566,2.3749843,2.9924343,3.0569885,3.2879498,2.195045,2.8490372,2.9801145,2.2596784,2.220842,3.045952,3.0974605,2.8109076,2.6853495,1.6649976,3.1829638,2.5242267,3.0140858,3.2082944,2.4286706,1.7655799,2.9111383,2.4478436,2.8864765,3.2228806,2.8879533,0.0,3.4091578,2.8767428,3.258856,2.7942386,3.5439498,3.1479912,3.455127,3.1628234,2.8722038,3.013779,2.9220376,3.250783
FKBP5,0.0,0.0,1.1086454,1.1377995,0.66480374,0.0,1.0998137,0.6343097,0.0,0.0,0.5784484,0.91348,0.0,0.94596577,0.0,0.0,0.0,0.0,0.0,0.0,0.0,0.0,0.7499595,0.0,0.12226113,0.0,0.0,0.6740201,0.0,0.0,0.83066034,0.9191512,1.0460484,0.0,0.70893824,0.7986381,1.0417559,0.0,0.0,1.0148737,1.0624948,0.7560821
SRPK1,0.0,0.0,0.0,0.0,0.0,0.0,0.0,0.6200265,0.0,0.23875955,0.0,0.0,0.0,0.0,0.0,0.0,0.0,0.0,0.0,0.0,0.0,0.0,0.0,0.0,0.43819284,0.0,0.0,0.2671942,0.0,0.0,0.0,0.0,0.0,0.0,0.0,0.0,0.0,0.0,0.0,0.0,0.0,0.0
MAPK14,0.0,0.0,0.72099006,0.7591981,0.0,0.0,0.3007177,0.0,0.0,0.0,0.0,0.0,0.0,0.0,0.0,0.0,0.0,0.0,0.0,0.0,0.0,0.0,0.0,0.0,0.0,0.0,0.0,0.32536238,0.0,0.0,0.0,0.0,0.0,0.0,0.0,0.0,0.0,0.0,0.0,0.0,0.0,0.0
KCTD20,0.0,0.0,0.0,0.0,0.0,0.28305006,0.0,0.12689343,0.0,0.0,0.0,0.6602513,0.7458428,0.0,0.0,0.0,0.0,0.30595177,0.0,0.0,0.0,0.0,0.0,0.0,0.18132702,0.0,0.0,0.0,0.0,0.0,0.0,0.0,0.0,0.0,0.0,0.0,0.0,0.0,0.0,0.0,0.0,0.0
SRSF3,1.1102121,0.0,1.284117,1.7642368,1.9563379,1.134337,1.479378,1.7191088,0.0,1.7311249,1.2911952,1.2951863,0.7458428,1.4006007,1.1810663,1.328238,1.6237781,1.2183112,1.0659145,1.4683061,1.4046464,1.2279704,1.0873088,0.3482005,1.456446,1.768967,1.8588167,1.7338933,1.5258718,0.0,1.2230418,1.2507132,1.2902399,1.353323,1.16633,1.2077394,1.2364,1.4021002,1.3266901,1.4403489,1.1172193,1.3885107
CDKN1A,0.0,0.0,0.0,0.0,0.0,0.48802102,0.8388545,0.0,0.0,0.49282485,0.0,1.5155156,1.5203841,0.0,0.0,0.0,0.0,0.0,0.0,0.0,0.0,0.0,1.0534266,0.0,0.11483783,0.0,0.0,0.0,0.0,0.0,0.0,0.0,0.0,0.0,0.0,0.0,0.0,0.0,0.0,0.9163508,0.0,0.0
CPNE5,0.0,0.0,0.0,0.0,0.0,0.0,0.0,0.0,0.0,0.0,0.0,0.0,0.0,0.0,0.0,0.0,0.0,0.0,0.0,0.0,0.0,0.0,0.0,0.2558854,0.41855803,0.0,0.0,0.0,0.0,0.0,0.0,0.0,0.0,0.0,0.0,0.0,0.0,0.0,0.0,0.0,0.0,0.0
PPIL1,0.0,0.0,0.0,0.0,0.0,0.0,0.0,0.19453365,0.0,0.0,0.0,0.0,0.0,0.0,0.0,0.0,0.0,0.0,0.0,0.0,0.0,0.0,0.0,0.0,0.0,0.0,0.0,0.0,0.0,0.0,0.0,0.0,0.0,0.0,0.0,0.0,0.0,0.0,0.0,0.0,0.0,0.0
C6orf89,0.0,0.0,0.0,0.0,0.0,0.0,0.0,0.2293312,0.0,0.0,0.0,0.0,0.0,0.0,0.0,0.0,0.0,0.0,0.0,0.0,0.0,0.0,0.0,0.0,0.15978293,0.0,0.0,0.0,0.0,0.0,0.0,0.0,0.0,0.0,0.0,0.0,0.0,0.0,0.0,0.0,0.0,0.0
MTCH1,0.0,0.0,0.0,0.5534786,0.6133455,0.47506863,0.74352014,0.4650988,0.0,0.4532262,0.0,0.838519,0.7257168,0.0,0.0,0.0,0.0,0.0,0.0,0.0,0.0,0.0,0.55088747,0.0,0.17058174,0.0,0.0,0.2087189,0.0,0.0,0.0,0.0,0.0,0.0,0.0,0.0,0.0,0.0,0.0,0.0,0.0,0.5564631
FGD2,0.6719898,0.0,0.0,0.0,0.0,0.38905048,0.49283025,0.0,0.0,0.0,0.0,0.0,0.0,0.0,0.0,0.0,0.0,0.0,0.0,0.0,0.0,0.0,0.4461106,0.0,0.0,0.0,0.0,0.0,0.0,0.0,0.0,0.0,0.0,0.0,0.0,0.0,0.0,0.0,0.0,0.0,0.0,0.0
PIM1,0.0,0.0,0.0,0.72238183,0.8843754,0.0,0.0,0.6070463,0.0,0.97332585,0.0,0.5104259,0.0,0.0,0.0,0.0,0.0,0.08965449,0.0,0.0,0.0,0.0,0.0,0.49881023,0.79695255,1.0648098,0.0,0.50586236,0.0,0.0,1.1682353,0.0,0.96849865,0.0,1.3997374,0.993662,0.9397465,0.9161707,0.0,1.0054374,0.0,0.0
RNF8,0.0,0.0,0.0,0.0,0.0,0.0,0.0,0.0,0.0,0.25902426,0.0,0.0,0.0,0.0,0.0,0.0,0.0,0.0,0.0,0.0,0.0,0.0,0.0,0.0,0.0,0.0,0.0,0.0,0.0,0.0,0.0,0.0,0.0,0.0,0.0,0.0,0.0,0.0,0.0,0.0,0.0,0.0
CCDC167,0.0,0.0,0.0,0.0,0.77592826,0.0,0.0,0.0,0.0,0.31335935,0.0,0.0,0.0,0.0,0.0,0.0,0.0,0.0,0.0,0.0,0.0,0.0,0.0,0.22434501,0.95999753,0.0,0.0,0.0,0.0,0.0,0.0,0.0,0.0,0.0,0.0,0.0,0.0,0.0,0.0,0.0,0.0,0.0
ZFAND3,0.0,0.0,0.0,0.0,0.0,0.0,0.0,0.0,0.0,0.0,0.0,0.0,0.7257168,0.0,0.0,0.0,0.0,0.0,0.0,0.0,0.0,0.0,0.0,0.0,0.0,0.0,0.0,0.0,0.0,0.0,0.0,0.0,0.0,0.0,0.0,0.0,0.0,0.0,0.0,0.0,0.0,0.0
GLO1,0.0,0.0,0.0,0.0,0.42144755,0.0,0.40606603,0.5975324,0.0,0.57238364,0.0,0.0,0.0,0.0,0.77814996,0.0,0.0,0.0,0.0,0.0,0.0,0.0,0.0,0.2457521,0.5321695,1.1561109,0.0,0.2667791,0.0,0.0,0.0,0.0,0.0,0.0,0.0,0.0,0.0,0.0,0.0,0.0,0.0,0.51532495
KCNK17,0.0,0.0,0.0,0.0,0.0,0.0,0.0,0.0,0.0,0.0,0.0,0.0,0.0,0.0,0.0,0.0,0.0,0.0,0.0,0.0,0.0,0.0,0.0,0.0,0.0,0.0,0.0,0.0,0.0,0.0,0.0,0.0,0.0,0.0,0.0,0.0,0.0,0.0,0.0,0.0,0.0,0.6535677
OARD1,0.0,0.0,0.0,0.0,0.0,0.0,0.0,0.1750664,0.0,0.0,0.0,0.0,0.0,0.0,0.0,0.0,0.0,0.0,0.0,0.0,0.0,0.0,0.0,0.0,0.0,0.0,0.0,0.0,0.0,0.0,0.0,0.0,0.0,0.0,0.0,0.0,0.0,0.0,0.0,0.0,0.0,0.0
TREML1,0.0,0.0,0.0,0.0,0.0,0.0,0.0,0.0,0.0,0.0,0.0,0.0,0.0,0.0,0.0,0.0,0.0,0.900844,0.0,0.0,0.0,0.0,0.0,0.0,0.0,0.0,0.0,0.0,0.0,0.0,0.0,0.0,0.0,0.0,0.0,0.0,0.0,0.0,0.0,0.0,0.0,0.0
TREM1,0.0,0.0,0.0,0.0,0.0,0.0,0.0,0.0,0.0,0.0,0.0,0.5950968,0.0,0.0,0.0,0.0,0.0,0.0,0.0,0.0,0.0,0.0,0.0,0.0,0.0,0.0,0.0,0.0,0.0,0.0,0.0,0.0,0.0,0.0,0.0,0.0,0.0,0.0,0.0,0.0,0.0,0.0
TFEB,0.470424,0.0,0.0,0.0,0.0,0.0,0.27371624,0.0,0.0,0.0,0.0,0.0,0.0,0.0,0.0,0.0,0.0,0.0,0.0,0.0,0.0,0.0,0.0,0.0,0.0,0.0,0.0,0.0,0.0,0.0,0.0,0.0,0.0,0.0,0.0,0.0,0.0,0.0,0.0,0.0,0.0,0.0
TOMM6,0.90175134,0.0,0.80507237,1.0530865,0.934149,1.0784061,1.154876,1.553229,0.5369518,0.7637583,0.7733425,0.72303134,0.7257168,0.8615672,0.0,0.0,0.0,0.24997371,0.95266557,0.9048066,0.88524944,0.0,1.0618033,0.48191732,1.2312727,0.0,0.0,1.2192484,0.5143909,0.0,0.8867993,1.0268568,0.8672107,1.029221,0.9463514,0.8823334,0.91374826,0.7761603,1.006758,0.9239791,1.0725102,1.088875
CCND3,0.6535427,0.0,1.0468876,1.3942406,1.4458654,0.3431283,1.1102803,0.3159644,0.0,0.6770393,1.303761,0.0,0.0,1.1147351,0.0,0.0,0.168179,2.310541,0.8883166,1.3541749,1.3707124,1.2088481,0.646703,0.0,0.0,1.4155078,1.5607154,0.2828428,0.79319096,0.0,1.2188286,1.2328577,1.1315308,1.1323855,1.144062,1.2728226,1.3200169,1.0824765,1.1763926,1.2034364,1.2398783,0.7821547
MRPS10,0.0,0.0,0.0,0.0,0.0,0.0,0.0,0.44933093,0.0,0.18155362,0.0,0.0,0.0,0.0,0.0,0.0,0.0,0.0,0.0,0.0,0.0,0.0,0.0,0.0,0.23451747,0.0,0.0,0.0,0.0,0.0,0.0,0.0,0.0,0.0,0.0,0.0,0.0,0.0,0.0,0.0,0.0,0.0
TRERF1,0.0,0.0,0.0,0.0,0.0,0.2875488,0.0,0.0,0.0,0.0,0.0,0.0,0.0,0.0,0.0,0.0,0.0,0.0,0.0,0.0,0.0,0.0,0.0,0.0,0.0,0.0,0.0,0.0,0.0,0.0,0.0,0.0,0.0,0.0,0.0,0.0,0.0,0.0,0.0,0.0,0.0,0.0
RPL7L1,0.0,0.0,0.0,0.0,0.27527398,0.0,0.27371624,0.6089522,0.0,0.41463724,0.0,0.0,0.0,0.0,0.0,0.0,0.0,0.0,0.0,0.0,0.0,0.0,0.0,0.0,0.47365287,0.0,0.0,0.58208966,0.0,0.0,0.0,0.0,0.0,0.0,0.0,0.0,0.0,0.0,0.0,0.0,0.0,0.5372602
PTCRA,0.0,0.0,0.0,0.0,0.0,0.0,0.0,0.0,0.0,0.0,0.0,0.0,0.0,0.0,0.0,0.0,0.0,0.0,0.0,0.0,0.0,0.0,0.0,0.0,0.0,0.0,0.0,0.0,0.0,0.0,0.0,0.0,0.0,0.0,0.0,0.0,0.0,0.0,0.0,0.0,0.0,1.1150811
CNPY3,1.0703018,0.0,1.0289899,1.044534,0.71804696,0.81171227,1.0646889,0.24261232,0.0,0.81183314,0.0,0.90413547,1.4048783,0.0,1.1548164,0.0,0.0,0.0,0.8832683,0.0,0.0,0.0,1.0045627,0.0,0.3376497,0.0,0.0,0.6090718,0.0,0.0,0.0,0.0,0.0,0.0,0.0,0.0,0.0,0.0,0.0,0.0,0.0,1.5311363
MEA1,0.0,0.0,0.0,0.0,0.41162446,0.40020192,0.0,0.46744537,0.0,0.3960203,0.0,0.0,0.44090223,0.0,0.0,0.0,0.0,0.54968095,0.0,0.0,0.0,0.0,0.0,0.0,0.30694038,0.0,0.0,0.0,0.0,0.0,0.0,0.0,0.0,0.0,0.0,0.0,0.0,0.0,0.0,0.0,0.0,0.0
KLHDC3,0.0,0.0,0.0,0.0,0.0,0.0,0.0,0.56450427,0.0,0.23875955,0.0,0.0,0.0,0.0,0.0,0.0,0.0,0.0,0.0,0.0,0.0,0.0,0.0,0.0,0.13528816,0.0,0.0,0.0,0.0,0.0,0.0,0.0,0.0,0.0,0.0,0.0,0.0,0.0,0.0,0.0,0.0,0.0
RRP36,0.0,0.0,0.0,0.0,0.0,0.0,0.0,0.0,0.0,0.0,0.0,0.0,0.0,0.0,0.0,0.0,0.0,0.0,0.0,0.0,0.0,0.0,0.0,0.0,0.30217808,0.0,0.0,0.0,0.0,0.0,0.0,0.0,0.0,0.0,0.0,0.0,0.0,0.0,0.0,0.0,0.0,0.0
MRPL2,0.0,0.0,0.0,0.0,0.0,0.0,0.0,0.5700436,0.0,0.0,0.0,0.0,0.0,0.0,0.0,0.0,0.0,0.0,0.0,0.0,0.0,0.0,0.0,0.0,0.24788901,0.0,0.0,0.0,0.0,0.0,0.0,0.0,0.0,0.0,0.0,0.0,0.0,0.0,0.0,0.0,0.0,0.0
DNPH1,0.0,0.0,0.0,0.0,0.0,0.0,0.0,0.9467548,0.0,0.0,0.0,0.5046885,0.91374826,0.0,0.0,0.0,0.0,0.0,0.0,0.0,0.0,0.0,0.0,0.24069932,0.36087945,0.0,0.0,0.48376662,0.0,0.0,0.0,0.0,0.0,0.0,0.0,0.0,0.0,0.0,0.0,0.0,0.0,0.0
YIPF3,0.0,0.0,0.0,0.0,0.0,0.0,0.4089112,0.14053446,0.0,0.0,0.0,0.0,0.0,0.0,0.0,0.0,0.0,0.0,0.0,0.0,0.0,0.0,0.0,0.42802918,0.33668953,0.0,0.0,0.0,0.0,0.0,0.0,0.0,0.0,0.0,0.0,0.0,0.0,0.0,0.0,0.0,0.0,0.0
MRPS18A,0.0,0.0,0.0,0.0,0.0,0.0,0.0,0.3179228,0.0,0.3953033,0.0,0.0,0.0,0.0,0.0,0.0,0.0,0.0,0.0,0.0,0.0,0.0,0.0,0.0,0.44657642,0.0,0.0,0.0,0.0,0.0,0.0,0.0,0.0,0.0,0.0,0.0,0.0,0.0,0.0,0.0,0.0,0.0
VEGFA,0.0,0.0,0.0,0.0,0.0,0.0,0.0,0.0,0.0,0.0,0.0,0.64906085,0.0,0.0,0.0,0.0,0.0,0.0,0.0,0.0,0.0,0.0,0.0,0.0,0.0,0.0,0.0,0.0,0.0,0.0,0.0,0.0,0.0,0.0,0.0,0.0,0.0,0.0,0.0,0.0,0.0,0.0
MRPL14,0.0,0.0,0.0,0.0,0.5195006,0.0,0.3869771,0.8947333,0.0,0.4977838,0.0,0.0,0.7257168,0.0,0.0,0.0,0.0,0.0,0.0,0.0,0.0,0.0,0.0,0.0,0.75105566,0.0,0.0,0.2851838,0.0,0.0,0.0,0.0,0.0,0.0,0.0,0.0,0.0,0.0,0.0,0.0,0.0,0.0
SLC29A1,0.0,0.0,0.0,0.0,0.0,0.0,0.0,0.69160074,0.0,0.0,0.0,0.0,0.0,0.0,0.0,0.0,0.0,0.0,0.0,0.0,0.0,0.0,0.0,0.0,0.0,0.0,0.0,0.0,0.0,0.0,0.0,0.0,0.0,0.0,0.0,0.0,0.0,0.0,0.0,0.0,0.0,0.0
HSP90AB1,2.2591023,1.976034,1.127669,1.7638917,1.5063618,1.9260335,1.8291917,2.913003,0.6130904,2.4676976,2.6257577,1.6605629,2.4614627,2.3661456,2.2714827,2.121234,2.190566,1.8113614,2.3128672,1.8329911,2.310305,2.2633367,1.5877054,1.2388325,2.1451902,2.292056,1.3541749,2.7398748,2.1490023,1.8047942,2.153638,2.0816321,2.0881083,2.221409,2.1178627,3.4185305,2.2730434,2.0555112,2.189675,2.481309,2.0273757,2.2209778
SLC35B2,0.0,0.0,0.0,0.0,0.0,0.0,0.0,0.0,0.0,0.0,0.0,0.0,0.0,0.0,0.0,0.0,0.0,0.0,0.0,0.0,0.0,0.0,0.0,0.0,0.069928735,0.0,0.0,0.0,0.0,0.0,0.0,0.0,0.0,0.0,0.0,0.0,0.0,0.0,0.0,0.0,0.0,0.0
CDC5L,0.0,0.0,0.0,0.0,0.5778869,0.0,0.41995525,0.43048966,0.0,0.47349092,0.0,0.0,0.0,0.0,0.0,0.0,0.0,0.0,0.0,0.0,0.0,0.0,0.0,0.0,0.27095515,0.0,0.0,0.40000612,0.0,0.0,0.0,0.0,0.0,0.0,0.0,0.0,0.0,0.0,0.0,0.0,0.0,0.0
RUNX2,0.0,0.0,0.0,0.0,0.0,0.0,0.0,0.0,0.0,0.0,0.96516603,0.0,0.0,0.0,0.0,0.0,0.0,0.0,0.0,0.0,0.0,0.0,0.0,0.0,0.0,0.0,0.0,0.0,0.0,0.0,0.0,0.0,0.0,0.0,0.0,0.0,0.0,0.0,0.0,0.0,0.0,1.2005093
ENSG00000271857,0.0,0.0,0.0,0.0,0.0,0.0,0.0,0.0,0.0,0.0,0.0,0.0,0.0,0.0,0.0,0.0,0.0,0.0,0.0,0.0,0.0,0.0,0.0,0.0,0.0,0.0,0.0,0.0,0.0,0.0,0.0,0.0,0.0,0.0,0.0,0.0,0.0,0.0,0.0,0.0,0.0,0.2315929
PLA2G7,0.0,0.0,0.0,0.0,0.0,0.0,0.0,0.0,0.0,0.0,0.0,0.0,0.44090223,0.0,0.0,0.0,0.0,0.0,0.0,0.0,0.0,0.0,0.0,0.0,0.0,0.0,0.0,0.0,0.0,0.0,0.0,0.0,0.0,0.0,0.0,0.0,0.0,0.0,0.0,0.0,0.0,0.0
TNFRSF21,0.0,0.0,0.0,0.0,0.0,0.0,0.0,0.0,0.0,0.0,0.0,0.0,0.0,0.0,0.0,0.0,0.0,0.0,0.0,0.0,0.0,0.0,0.0,0.0,0.0,0.0,0.0,0.0,0.0,0.0,0.0,0.0,0.0,0.0,0.0,0.0,0.0,0.0,0.0,0.0,0.0,0.654385
CD2AP,0.0,0.0,0.0,0.0,0.0,0.0,0.0,0.15530933,0.0,0.0,0.0,0.0,0.0,0.0,0.0,0.0,0.0,0.0,0.0,0.0,0.0,0.0,0.0,0.0,0.0,0.0,0.0,0.0,0.0,0.0,0.0,0.0,0.0,0.0,0.0,0.0,0.0,0.0,0.0,0.0,0.0,1.0879146
RHAG,0.0,0.0,0.0,0.0,0.0,0.0,0.0,0.8624703,0.0,0.0,0.0,0.0,0.0,0.0,0.0,0.0,0.0,0.0,0.0,0.0,0.0,0.0,0.0,0.0,0.0,0.0,0.0,0.0,0.0,0.0,0.0,0.0,0.0,0.0,0.0,0.0,0.0,0.0,0.0,0.0,0.0,0.0
MCM3,0.0,0.0,0.0,0.0,0.8264818,0.0,0.0,0.96570295,0.0,0.0,0.0,0.0,0.0,0.0,0.0,0.0,0.0,0.0,0.0,0.0,0.0,0.0,0.0,0.0,0.45040458,0.0,0.0,0.33863628,0.0,0.0,0.0,0.0,0.0,0.0,0.0,0.0,0.0,0.0,0.0,0.0,0.0,0.0
TRAM2,0.0,0.0,0.0,0.0,0.0,0.0,0.0,0.0,0.0,0.0,0.0,0.0,0.0,0.0,0.0,0.0,0.0,0.0,0.0,0.0,0.0,0.0,0.0,0.0,0.3339355,0.0,0.0,0.0,0.0,0.0,0.0,0.0,0.0,0.0,0.0,0.0,0.0,0.0,0.0,0.0,0.0,0.0
TMEM14A,0.0,0.0,0.0,0.0,0.0,0.40578204,0.0,0.2921423,0.0,0.0,0.0,0.0,0.0,0.0,0.0,0.0,0.0,0.0,0.0,0.0,0.0,0.0,0.0,0.0,0.0,0.0,0.0,0.0,0.0,0.0,0.0,0.0,0.0,0.0,0.0,0.0,0.0,0.0,0.0,0.0,0.0,0.0
FBXO9,0.0,0.0,0.0,0.56566846,0.0,0.0,0.4023233,0.28970885,0.0,0.44826725,0.0,0.0,0.0,0.0,0.0,0.0,0.0,0.0,0.0,0.0,0.0,0.0,0.0,0.0,0.13528816,0.0,0.0,0.18648025,0.0,0.0,0.0,0.0,0.0,0.0,0.0,0.0,0.0,0.0,0.0,0.0,0.0,0.0
ELOVL5,0.8109302,0.0,0.0,0.0,0.0,0.8421878,0.47268915,0.5087807,0.0,0.21446666,0.0,0.0,0.0,0.0,1.1548164,0.0,0.0,0.0,0.0,0.0,0.0,0.0,0.0,0.0,0.0,0.0,0.0,0.0,0.0,0.0,0.0,0.0,0.0,0.0,0.0,0.0,0.0,0.0,0.0,0.0,0.0,0.0
GCLC,0.0,0.0,0.0,0.0,0.0,0.0,0.0,0.13736913,0.0,0.0,0.0,0.0,0.0,0.0,0.0,0.0,0.0,0.0,0.0,0.0,0.0,0.0,0.0,0.0,0.0,0.0,0.0,0.0,0.0,0.0,0.0,0.0,0.0,0.0,0.0,0.0,0.0,0.0,0.0,0.0,0.0,0.0
DST,0.0,0.0,0.0,0.0,0.0,0.4224942,0.0,0.0,0.0,0.0,0.0,0.0,0.91374826,0.0,0.0,0.0,0.0,0.0,0.0,0.0,0.0,0.0,0.0,0.0,0.0,0.0,0.0,0.0,0.0,0.0,0.0,0.0,0.0,0.0,0.0,0.0,0.0,0.0,0.0,0.0,0.0,0.0
KIAA1586,0.0,0.0,0.0,0.0,0.0,0.0,0.0,0.1902604,0.0,0.0,0.0,0.0,0.0,0.0,0.0,0.0,0.0,0.0,0.0,0.0,0.0,0.0,0.0,0.0,0.0,0.0,0.0,0.0,0.0,0.0,0.0,0.0,0.0,0.0,0.0,0.0,0.0,0.0,0.0,0.0,0.0,0.0
ZNF451,0.0,0.0,0.0,0.0,0.0,0.0,0.0,0.19524616,0.0,0.3953033,0.0,0.0,0.0,0.0,0.0,0.0,0.0,0.0,0.0,0.0,0.0,0.0,0.0,0.0,0.0,0.0,0.0,0.22425207,0.0,0.0,0.0,0.0,0.0,0.0,0.0,0.0,0.0,0.0,0.0,0.0,0.0,0.0
BAG2,0.0,0.0,0.0,0.0,0.0,0.0,0.0,0.15539156,0.0,0.0,0.0,0.0,0.0,0.0,0.0,0.0,0.0,0.0,0.0,0.0,0.0,0.0,0.0,0.0,0.0,0.0,0.0,0.0,0.0,0.0,0.0,0.0,0.0,0.0,0.0,0.0,0.0,0.0,0.0,0.0,0.0,0.0
ENSG00000285976,0.0,0.0,0.0,0.0,0.0,0.48126704,0.0,0.0,0.0,0.49282485,0.0,0.0,0.44090223,0.0,0.8421502,0.0,0.0,0.0,0.0,0.0,0.0,0.0,0.0,0.0,0.0,0.0,0.0,0.0,0.0,0.0,0.0,0.0,0.0,0.0,0.0,0.7424415,0.0,0.0,0.0,0.0,0.0,0.0
PHF3,0.74891436,0.0,0.0,0.0,0.5123781,0.40020192,0.5179113,0.36146846,0.0,0.3640731,0.72809076,0.0,0.44090223,0.0,0.0,0.0,0.0,0.0,0.0,0.0,0.0,0.0,0.5049491,0.0,0.24795079,0.0,1.0257652,0.36732885,0.0,0.0,0.6314216,0.0,0.0,0.0,0.0,0.83041644,0.741529,0.0,0.0,0.0,0.0,0.6635225
LMBRD1,0.72478276,0.0,0.0,0.0,0.0,0.0,0.32769254,0.0,0.0,0.0,0.0,0.0,0.0,0.0,0.8421502,0.0,0.0,0.0,0.0,0.0,0.0,0.0,0.0,0.17477192,0.23462802,0.0,0.0,0.0,0.0,0.0,0.0,0.0,0.0,0.0,0.0,0.0,0.0,0.0,0.0,0.0,0.0,0.0
SMAP1,0.0,0.0,0.0,0.0,0.0,0.0,0.3664031,0.16616654,0.0,0.0,0.0,0.0,0.44090223,0.0,0.0,0.0,0.0,0.0,0.0,0.0,0.0,0.0,0.0,0.0,0.27712843,0.0,0.0,0.0,0.0,0.0,0.0,0.0,0.0,0.0,0.0,0.0,0.0,0.0,0.0,0.0,0.0,0.0
OGFRL1,0.0,0.0,0.0,0.0,0.0,0.34549886,0.55155104,0.0,0.0,0.0,0.0,0.0,0.0,0.0,0.0,0.0,0.0,0.0,0.0,0.0,0.0,0.0,0.0,0.0,0.0,0.0,0.0,0.0,0.0,0.0,0.0,0.0,0.0,0.0,0.0,0.0,0.0,0.0,0.0,0.0,0.0,0.0
EEF1A1,4.680803,4.0163093,3.8963208,3.7486706,3.7167392,4.412807,4.431657,4.8169103,3.7801561,4.5830717,4.8509803,3.9119408,3.7913437,4.800139,4.7466874,4.3771977,4.200282,3.64261,4.7929497,4.0394235,4.516654,4.716851,4.371049,2.9233363,3.6035318,4.6615458,4.540009,4.3523903,4.3215275,2.714326,4.9513025,4.176343,4.766888,4.372589,4.977127,4.995603,4.920764,4.7299223,4.341213,4.675923,4.753838,4.73098
COX7A2,0.90358186,1.412702,1.0759692,1.3332992,1.4774086,1.0923846,1.2518412,1.4925332,1.4781537,1.2986485,1.2238884,1.4545013,0.5578004,1.1371105,0.0,1.1199477,1.0873923,1.4603739,1.0557684,1.2364,1.1860998,0.9728786,1.3055894,1.0599651,1.8843256,1.1221257,1.1254485,1.3234664,0.8845479,0.0,1.2134829,1.2328575,1.1645827,1.2439935,1.1472063,1.017916,1.1491904,1.2288245,1.2242274,1.1947769,1.1596017,1.497251
TMEM30A,0.0,0.0,0.0,0.0,0.0,0.27226898,0.30505306,0.0,0.0,0.0,0.0,0.5046885,0.0,0.0,0.0,0.0,0.0,0.0,0.0,0.0,0.0,0.0,0.0,0.0,0.0,0.0,0.0,0.0,0.0,0.0,0.0,0.0,0.0,0.0,0.0,0.0,0.0,0.0,0.0,0.0,0.0,0.0
SENP6,0.0,0.0,0.0,0.0,0.0,0.0,0.43932745,0.20815918,0.0,0.4977838,0.0,0.0,0.7257168,0.0,0.77814996,0.0,0.0,0.0,0.0,0.0,0.0,0.0,0.0,0.0,0.16683619,0.0,0.0,0.2934903,0.0,0.0,0.0,0.0,0.0,0.0,0.0,0.0,0.0,0.0,0.0,0.0,0.0,0.71912265
PHIP,0.0,0.0,0.5271274,0.7033386,0.7908765,0.28305006,0.44801056,0.38503107,0.0,1.0013055,0.9013167,0.0,0.5578004,0.0,0.0,0.0,0.5783348,0.0,0.0,0.0,0.0,0.0,0.55343044,0.0,0.65010965,0.0,0.0,0.5868727,0.13517354,0.0,0.0,0.0,0.0,0.0,0.0,0.0,0.0,0.0,0.0,0.0,0.0,0.0
HMGN3,0.510213,0.0,0.0,0.6751226,1.066071,0.8514719,0.72522205,0.64543897,0.0,0.6001893,0.48630244,0.0,0.97920024,0.0,0.0,0.0,0.0,0.7529408,0.0,0.0,0.0,0.0,0.5285389,0.28604156,0.8907723,0.0,0.9181548,0.7089648,0.0,0.0,0.0,0.0,0.0,0.0,0.0,0.0,0.0,0.0,0.0,0.0,0.0,0.7556617
TENT5A,0.0,0.0,0.0,0.0,0.0,0.0,0.0,0.0,0.0,0.0,0.0,0.0,0.0,0.0,0.0,0.0,0.52490336,0.0,0.0,0.0,0.0,0.0,0.0,0.0,0.0,0.0,0.0,0.0,0.0,0.0,0.0,0.0,0.0,0.0,0.0,0.0,0.0,0.0,0.0,0.0,0.0,0.0
IBTK,0.0,0.0,0.0,0.0,0.0,0.0,0.0,0.0,0.0,0.0,0.0,0.0,0.0,0.0,0.0,0.0,0.0,0.0,0.0,0.0,0.0,0.0,0.0,0.0,0.22223727,0.0,0.0,0.0,0.0,0.0,0.0,0.0,0.0,0.0,0.0,0.0,0.0,0.0,0.0,0.0,0.0,0.0
PGM3,0.0,0.0,0.0,0.0,0.0,0.0,0.0,0.0,0.0,0.0,0.0,0.0,0.0,0.0,0.0,0.0,0.0,0.0,0.0,0.0,0.0,0.0,0.0,0.0,0.13167544,0.0,0.0,0.0,0.0,0.0,0.0,0.0,0.0,0.0,0.0,0.0,0.0,0.0,0.0,0.0,0.0,0.0
CYB5R4,0.0,0.0,0.0,0.0,0.0,0.2875488,0.37992248,0.0,0.0,0.23380059,0.0,0.0,0.0,0.0,0.0,0.0,0.0,0.0,0.0,0.0,0.0,0.0,0.0,0.0,0.0,0.0,0.0,0.0,0.0,0.0,0.0,0.0,0.0,0.0,0.0,0.0,0.0,0.0,0.0,0.0,0.0,0.0
SYNCRIP,0.0,0.0,0.0,0.98452044,0.66812193,0.5035982,0.6915261,0.93155825,0.0,0.8787576,0.0,0.4963503,0.0,0.0,0.0,0.0,0.0,0.0,0.0,0.0,0.0,0.0,0.0,0.0,0.77419186,0.0,0.0,0.98451424,0.0,0.0,0.0,0.0,0.0,0.0,0.0,0.0,0.0,0.0,0.0,0.0,0.0,0.682196
ENSG00000203875,0.78854465,0.0,0.4607252,0.877463,0.6447342,1.083187,0.8496157,0.88730323,0.0,1.1994779,1.2041712,0.0,1.1682736,1.0262245,0.0,0.0,0.0,0.0,0.8099692,0.0,0.94794595,0.0,0.6110638,0.14519256,0.5175687,0.0,0.99275464,1.0645647,0.6494536,0.0,1.0231327,0.0,1.0148737,1.0340436,1.1944964,1.0616591,1.1632196,1.0543844,1.0203446,1.0938352,1.0810587,0.9939868
ZNF292,0.0,0.0,0.0,0.0,0.63741815,0.0,0.48867783,0.0,0.0,0.4398609,0.0,0.0,0.0,0.0,0.0,0.0,0.0,0.0,0.0,0.0,0.0,0.0,0.0,0.0,0.26461154,0.0,1.0581769,0.28028786,0.0,0.0,0.0,0.0,0.0,0.0,0.0,0.0,0.0,0.7100663,0.0,0.0,0.0,0.61325276
AKIRIN2,0.5121089,0.0,0.0,0.16877925,0.0,0.5034041,0.5200598,0.0,0.0,0.0,0.0,0.5073828,0.7458428,0.0,0.0,0.0,0.0,0.18250467,0.0,0.0,0.0,0.0,0.678946,0.0,0.17104095,1.5835633,1.0257652,0.0,0.0,0.0,0.0,0.0,0.0,0.0,0.0,0.0,0.0,0.0,0.0,0.0,0.0,0.52206624
PNRC1,1.975432,0.6834405,1.7329342,1.1901435,1.3773613,1.7837834,1.5120999,0.27055314,0.0,0.99182117,2.7381158,2.7971137,1.7012795,2.5024893,2.413649,1.6985981,1.442086,0.0,2.3002577,2.1602008,2.3087735,2.3872814,1.9752555,0.8837054,0.4499066,2.4686456,2.9036925,1.154379,2.0928912,0.0,2.255463,1.9654477,2.3977654,2.2616343,2.51827,2.4336815,2.2364244,2.1656785,2.23762,2.412754,2.6414852,1.6078933
UBE2J1,0.510213,0.0,0.82317066,0.89927137,0.0,0.9418417,0.711568,0.2293312,0.0,1.047738,0.59476876,1.0209692,0.0,0.0,0.77814996,0.0,0.0,0.6325112,0.9274288,0.0,0.0,0.0,0.9830588,1.2050706,1.7306559,1.6827934,1.6259605,0.42060608,0.0,0.0,0.0,0.0,0.0,0.0,0.0,0.0,0.0,0.0,0.0,0.0,0.0,1.1468526
LYRM2,0.0,0.0,0.0,0.0,0.0,0.0,0.0,0.15275395,0.0,0.0,0.0,0.0,0.0,0.0,0.0,0.0,0.0,0.0,0.0,0.0,0.0,0.0,0.0,0.0,0.12564816,0.0,0.0,0.0,0.0,0.0,0.0,0.0,0.0,0.0,0.0,0.0,0.0,0.0,0.0,0.0,0.0,0.0
MDN1,0.0,0.0,0.0,0.0,0.0,0.0,0.0,0.21723494,0.0,0.0,0.0,0.0,0.0,0.0,0.0,0.0,0.0,0.0,0.0,0.0,0.0,0.0,0.0,0.0,0.0,0.0,0.0,0.0,0.0,0.0,0.0,0.0,0.0,0.0,0.0,0.0,0.0,0.0,0.0,0.0,0.0,0.0
CASP8AP2,0.0,0.0,0.0,0.0,0.0,0.0,0.0,0.0,0.0,0.3960203,0.0,0.0,0.0,0.0,0.0,0.0,0.0,0.0,0.0,0.0,0.0,0.0,0.0,0.0,0.0,0.0,0.0,0.0,0.0,0.0,0.0,0.0,0.0,0.0,0.0,0.0,0.0,0.0,0.0,0.0,0.0,0.0
BACH2,0.0,0.0,0.0,0.0,0.0,0.0,0.0,0.0,0.0,0.0,0.0,0.0,0.0,0.0,0.0,0.0,0.0,0.0,0.0,0.0,0.0,1.3082745,0.0,0.0,0.0,2.6329162,1.2402272,0.0,0.0,0.0,0.0,0.0,0.0,0.0,0.0,0.0,0.0,0.0,0.0,0.0,0.0,0.0
UFL1,0.0,0.0,0.0,0.0,0.0,0.0,0.3404857,0.0,0.0,0.21446666,0.0,0.0,0.0,0.0,0.0,0.0,0.0,0.0,0.0,0.0,0.0,0.0,0.0,0.0,0.2958905,0.0,0.0,0.0,0.0,0.0,0.0,0.0,0.0,0.0,0.0,0.0,0.0,0.0,0.0,0.0,0.0,0.0
NDUFAF4,0.0,0.0,0.0,0.0,0.0,0.0,0.0,0.45484495,0.0,0.0,0.0,0.0,0.0,0.0,0.0,0.0,0.0,0.0,0.0,0.0,0.0,0.0,0.0,0.0,0.2355887,0.0,0.0,0.0,0.0,0.0,0.0,0.0,0.0,0.0,0.0,0.0,0.0,0.0,0.0,0.0,0.0,0.0
PNISR,1.6124527,0.0,0.9695642,0.752769,1.2126675,0.59331524,1.1691525,0.537554,0.0,0.81049556,1.7526469,0.5046885,0.0,1.1680827,1.3148127,0.5542792,0.94780546,0.0,1.6066443,1.4495149,1.4764268,1.4597057,0.6806137,0.55105233,0.7696142,1.5581862,1.893615,1.0335984,1.1215367,1.5296664,1.2068739,1.3841794,1.3987601,1.2620363,1.3997372,1.0786839,1.3029797,1.3132209,1.2303656,1.1411542,1.2266064,1.8043704
CCNC,0.0,0.0,0.0,0.0,0.0,0.0,0.0,0.12644519,0.0,0.18083665,0.0,0.0,0.0,0.0,0.0,0.0,0.0,0.0,0.0,0.0,0.0,0.0,0.0,0.23674299,0.55767274,0.0,0.0,0.0,0.0,0.0,0.0,0.0,0.0,0.0,0.0,0.0,0.0,0.0,0.0,0.0,0.0,0.0
ASCC3,0.0,0.0,0.0,0.0,0.0,0.0,0.0,0.0,0.0,0.18083665,0.0,0.0,0.0,0.0,0.0,0.0,0.0,0.0,0.0,0.0,0.0,0.0,0.0,0.0,0.22396155,0.0,0.0,0.0,0.0,0.0,0.0,0.0,0.0,0.0,0.0,0.0,0.0,0.0,0.0,0.0,0.0,0.0
PRDM1,0.0,0.0,0.0,0.0,0.50468636,0.0,0.0,0.0,0.0,0.0,0.0,0.0,0.0,1.0764471,0.0,0.0,0.0,0.0,0.0,0.0,0.0,0.0,0.0,0.98909116,1.0508027,0.0,0.0,0.0,0.0,0.0,1.1766253,1.0463779,0.9436592,1.0592911,0.0,0.0,0.0,1.2858664,0.9752388,1.1873627,1.3136184,0.0
ATG5,0.0,0.0,0.0,0.0,0.39979956,0.0,0.0,0.0,0.0,0.36239028,0.0,0.0,0.0,0.0,0.0,0.0,0.0,0.0,0.0,0.0,0.0,0.0,0.0,0.0,0.3376497,0.0,0.0,0.0,0.0,0.0,0.0,0.0,0.0,0.0,0.0,0.0,0.0,0.0,0.0,0.0,0.0,0.0
CRYBG1,0.0,0.0,0.0,0.16977054,0.0,0.59331524,0.55155104,0.0,0.0,0.21446666,0.0,0.0,0.0,0.0,0.0,0.0,0.0,0.0,0.0,0.0,0.0,0.0,0.0,0.0,0.0,0.0,0.0,0.0,0.0,0.0,0.8379605,0.0,0.9395566,0.35141802,0.7552872,0.0,0.0,0.6869552,0.0,0.0,0.0,0.0
QRSL1,0.0,0.0,0.0,0.0,0.0,0.0,0.0,0.0,0.0,0.0,0.0,0.0,0.0,0.0,0.0,0.0,0.0,0.0,0.0,0.0,0.0,0.0,0.0,0.0,0.0,0.5343652,0.76748186,0.0,0.0,0.0,0.0,0.0,0.0,0.0,0.0,0.0,0.0,0.0,0.0,0.0,0.0,0.0
CD24,0.0,0.0,0.0,0.0,0.0,0.0,0.0,0.0,0.0,0.0,0.0,0.0,0.0,0.0,0.0,0.0,0.0,0.0,0.8808446,0.0,0.0,0.0,0.0,0.0,0.0,2.198676,2.3684235,0.0,0.0,0.0,0.0,0.0,0.0,0.0,0.0,0.0,0.0,0.0,0.0,0.0,0.0,0.0
SEC63,0.0,0.0,0.0,0.2233729,0.0,0.3556153,0.33295542,0.16873805,0.0,0.49282485,0.0,0.0,0.0,0.0,0.0,0.0,0.0,0.0,0.0,0.0,0.0,0.0,0.0,0.30019924,0.72056776,0.0,0.0,0.43725842,0.0,0.0,0.0,0.0,0.0,0.0,0.0,0.0,0.0,0.0,0.0,0.0,0.0,0.72519577
OSTM1,0.0,0.0,0.0,0.0,0.0,0.0,0.0,0.0,0.0,0.0,0.0,0.0,0.7458428,0.0,0.0,0.0,0.0,0.0,0.0,0.0,0.0,0.0,0.0,0.0,0.0,0.0,0.0,0.0,0.0,0.0,0.0,0.0,0.0,0.0,0.0,0.0,0.0,0.0,0.0,0.0,0.0,0.0
SNX3,1.2973468,0.0,1.0582998,0.99243605,0.8107915,3.2476618,1.2117567,1.4201732,1.9926773,1.085254,0.3526248,1.074369,1.3272191,0.0,1.4796834,0.0,0.56191176,1.9729475,1.2386148,0.0,0.0,1.2751712,1.1894267,0.31685278,0.71879894,0.0,1.1985635,0.87215286,0.0,0.0,0.0,0.0,0.0,0.0,0.0,0.0,0.0,0.0,0.0,0.0,0.0,1.3508536
FOXO3,0.0,0.0,0.0,0.0,0.0,0.0,0.0,0.0,0.0,0.0,0.0,0.6602513,0.0,0.0,0.0,0.0,0.0,0.0,0.0,0.0,0.0,0.0,0.0,0.0,0.0,0.0,0.0,0.0,0.0,0.0,0.0,0.0,0.0,0.0,0.0,0.0,0.0,0.0,0.0,0.0,0.0,0.0
CD164,1.1365354,0.0,1.1664059,1.0674546,1.120847,0.7475655,0.9764408,0.8048559,0.0,0.7550349,1.2041712,1.0545062,1.141807,0.0,0.6868571,0.0,0.56023806,0.0,0.0,1.2148143,1.0023184,0.0,0.8062042,0.33154058,0.7873354,0.0,0.0,0.94318146,0.55776846,0.0,0.0,0.0,0.0,0.8660164,0.0,0.0,0.0,0.0,0.0,0.0,0.0,1.4823537
MICAL1,0.0,0.0,0.0,0.0,0.0,0.49875098,0.3358107,0.0,0.0,0.49491298,0.0,0.0,0.0,0.0,0.0,0.0,0.0,0.0,0.0,0.0,0.0,0.0,0.0,0.0,0.0,0.0,0.0,0.0,0.0,0.0,0.0,0.0,0.0,0.0,0.0,0.0,0.0,0.0,0.0,0.0,0.0,0.0
WASF1,0.0,0.0,0.0,0.0,0.0,0.0,0.0,0.0,0.0,0.0,0.0,0.0,0.0,0.0,0.0,0.0,0.0,0.0,0.0,0.0,0.0,0.0,0.0,0.0,0.0,1.5573252,0.0,0.0,0.0,0.0,0.0,0.0,0.0,0.0,0.0,0.0,0.0,0.0,0.0,0.0,0.0,0.0
CDC40,0.0,0.0,0.0,0.49104086,0.45379516,0.0,0.48373562,0.21169974,0.0,0.0,0.0,0.0,0.0,0.0,0.0,0.0,0.0,0.0,0.0,0.0,0.0,0.0,0.0,0.0,0.15884948,0.0,0.0,0.0,0.0,0.0,0.0,0.0,0.0,0.0,0.0,0.0,0.0,0.0,0.0,0.0,0.0,0.7819306
AMD1,0.0,0.0,0.0,0.58331525,0.7083883,0.51061237,0.50284827,1.0267226,0.0,0.0,0.6301467,0.0,0.91374826,0.8117644,0.0,0.0,0.6593033,0.59051573,0.0,0.0,0.0,0.0,0.0,0.0,0.3215746,0.0,1.2286537,0.95217025,0.0,0.0,0.69204897,0.0,0.0,0.83343005,0.0,0.0,0.0,0.0,0.9789581,0.9782325,0.0,0.48219836
GTF3C6,0.0,0.0,0.0,0.35058272,0.5760685,0.40020192,0.58231074,0.96335864,0.0,0.81770027,0.0,0.5046885,0.0,0.0,0.0,0.0,0.0,0.96599114,0.0,0.0,0.0,0.0,0.5059806,0.0,0.8234575,0.0,0.0,0.567518,0.0,0.0,0.0,0.0,0.0,0.0,0.0,0.0,0.0,0.0,0.0,0.0,0.0,0.6314093
RPF2,0.0,0.0,0.0,0.0,0.0,0.0,0.0,0.4264631,0.0,0.0,0.0,0.0,0.0,0.0,0.0,0.0,0.0,0.0,0.0,0.0,0.0,0.0,0.0,0.0,0.14972688,0.0,0.0,0.0,0.0,0.0,0.0,0.0,0.0,0.0,0.0,0.0,0.0,0.0,0.0,0.0,0.0,0.0
FYN,0.0,0.0,0.0,0.0,1.2409492,0.0,0.4363086,0.0,0.0,0.0,1.2266064,0.0,0.0,1.5219219,0.0,0.0,0.0,0.0,0.0,1.6642554,1.5666121,0.0,0.56885314,0.0,0.0,0.0,0.0,0.0,0.26866388,1.6489818,0.84646064,1.4723918,1.0576859,1.9188902,0.0,0.7634045,0.0,0.9974834,1.654434,1.1813793,1.5992758,0.0
MARCKS,0.0,0.0,0.0,0.0,0.0,0.0,0.0,0.0,0.0,0.0,0.0,1.3923851,1.4048783,0.0,1.3681959,0.0,0.0,0.0,0.9904703,0.0,0.0,0.0,1.0054383,0.35941315,0.46136338,0.0,0.0,0.0,0.0,0.0,0.0,0.0,0.0,0.0,0.0,0.0,0.0,0.0,0.0,0.0,0.0,0.0
HDAC2,0.0,0.0,0.0,0.4835779,0.0,0.37093928,0.3762196,0.95449114,0.0,0.18083665,0.0,0.0,0.0,0.0,0.0,0.0,0.0,0.0,0.0,0.0,0.0,0.0,0.0,0.0,0.31626165,0.0,0.0,0.639989,0.0,0.0,0.0,0.0,0.0,0.0,0.0,0.0,0.0,0.0,0.0,0.0,0.0,0.5758808
NT5DC1,0.0,0.0,0.0,0.0,0.0,0.0,0.0,0.0,0.0,0.21446666,0.0,0.0,0.0,0.0,0.6868571,0.0,0.0,0.0,0.0,0.0,0.0,0.0,0.0,0.0,0.16472894,0.0,0.0,0.0,0.0,0.0,0.0,0.0,0.0,0.0,0.0,0.0,0.0,0.0,0.0,0.0,0.0,0.0
TSPYL4,0.0,0.0,0.0,0.0,0.0,0.0,0.0,0.0,0.0,0.18083665,0.0,0.0,0.0,0.0,0.0,0.0,0.0,0.0,0.0,0.0,0.0,0.0,0.0,0.0,0.0,0.0,0.0,0.0,0.0,0.0,0.0,0.0,0.0,0.0,0.0,0.0,0.0,0.0,0.0,0.0,0.0,0.0
DSE,0.0,0.0,0.0,0.0,0.0,0.90625453,0.65451777,0.0,0.0,0.0,0.0,0.5221987,0.7458428,0.0,0.0,0.0,0.0,0.0,0.0,0.0,0.0,0.0,0.0,0.0,0.0,0.0,0.0,0.0,0.0,0.0,0.0,0.0,0.0,0.0,0.0,0.0,0.0,0.0,0.0,0.0,0.0,0.0
TSPYL1,0.0,0.0,0.0,0.0,0.0,0.0,0.0,0.0,0.0,0.3960203,0.0,0.0,0.0,0.0,0.7355936,0.0,0.0,0.0,0.0,0.0,0.0,0.0,0.0,0.0,0.0,0.0,0.0,0.0,0.0,0.0,0.0,0.0,0.0,0.0,0.0,0.8879413,0.0,0.0,0.0,0.0,0.0,0.0
CALHM6,0.0,0.0,0.0,0.0,0.0,0.64742905,0.42475292,0.0,0.0,0.0,0.0,0.0,0.91374826,0.0,0.0,0.0,0.0,0.0,0.0,0.0,0.0,0.0,1.128907,0.0,0.0,0.0,0.0,0.1977266,0.0,0.0,0.0,0.0,0.0,0.0,0.0,0.0,0.0,0.0,0.0,0.0,0.0,0.0
RWDD1,0.0,0.0,0.0,0.5329657,0.81284493,0.6542072,0.7148044,0.6663548,0.9239444,0.79216564,0.59476876,0.0,0.7257168,0.9004487,0.0,0.0,0.0,0.0,0.0,0.0,0.8791159,0.0,0.5883569,0.30662262,0.83541703,0.0,0.9181548,0.5962553,0.0721409,0.0,0.8652943,0.0,0.85258985,0.0,0.8601885,0.33094135,0.82356507,0.6392266,0.0,0.0,0.0,0.7407584
GOPC,0.0,0.0,0.0,0.0,0.0,0.0,0.0,0.14544432,0.0,0.0,0.0,0.0,0.0,0.0,0.0,0.0,0.0,0.0,0.0,0.0,0.0,0.0,0.0,0.0,0.13167544,0.0,0.0,0.0,0.0,0.0,0.0,0.0,0.0,0.0,0.0,0.0,0.0,0.0,0.0,0.0,0.0,0.0
NUS1,0.0,0.0,0.0,0.0,0.0,0.0,0.0,0.0,0.0,0.0,0.0,0.0,0.0,0.0,0.0,0.0,0.0,0.0,0.0,0.0,0.0,0.0,0.0,0.0,0.29190183,0.0,0.0,0.0,0.0,0.0,0.0,0.0,0.0,0.0,0.0,0.0,0.0,0.0,0.0,0.0,0.0,0.0
CEP85L,0.0,0.0,0.0,0.0,0.0,0.0,0.3546848,0.0,0.0,0.0,0.0,0.0,0.0,0.0,0.0,0.0,0.0,0.0,0.0,0.0,0.0,0.0,0.0,0.0,0.0,0.0,0.0,0.0,0.0,0.0,0.0,0.0,0.0,0.0,0.0,0.0,0.0,0.0,0.0,0.0,0.0,0.0
ASF1A,0.0,0.0,0.0,0.0,0.0,0.0,0.0,0.32400241,0.0,0.0,0.0,0.0,0.0,0.0,0.0,0.0,0.0,0.0,0.0,0.0,0.0,0.0,0.0,0.0,0.0,0.0,0.0,0.0,0.0,0.0,0.0,0.0,0.0,0.0,0.0,0.0,0.0,0.0,0.0,0.0,0.0,0.0
MAN1A1,0.0,0.0,0.0,0.0,0.0,0.2875488,0.0,0.0,0.0,0.0,0.0,0.0,0.5578004,0.0,0.0,0.0,0.0,0.0,0.0,0.0,0.0,0.0,0.0,0.30739683,0.7490221,0.0,0.0,0.0,0.0,0.0,0.0,0.0,0.0,0.0,0.0,0.0,0.0,0.0,0.0,0.0,0.0,0.0
SERINC1,0.5894627,0.0,0.0,0.0,0.0,0.0,0.4089112,0.0,0.0,0.0,0.0,0.0,0.5578004,0.0,0.0,0.0,0.0,0.0,0.0,0.0,0.0,0.0,0.5968739,0.0,0.0,0.0,0.0,0.0,0.0,0.0,0.0,0.0,0.0,0.0,0.0,0.0,0.0,0.0,0.0,0.0,0.0,0.3763895
PKIB,0.0,0.0,0.0,0.0,0.0,0.0,0.6118924,0.0,0.0,0.0,0.0,0.0,0.0,0.0,0.0,0.0,0.0,0.0,0.0,0.0,0.0,0.0,0.0,0.0,0.0,0.0,0.0,0.0,0.0,0.0,0.0,0.0,0.0,0.0,0.0,0.0,0.0,0.0,0.0,0.0,0.0,0.0
HDDC2,0.0,0.0,0.0,0.0,0.62565714,0.0,0.0,0.40277502,0.0,0.0,0.0,0.0,0.0,0.0,0.0,0.0,0.0,0.0,0.0,0.0,0.0,0.0,0.0,0.0,0.3117829,0.0,0.0,0.0,0.0,0.0,0.0,0.0,0.0,0.0,0.0,0.0,0.0,0.0,0.0,0.0,0.0,0.0
NCOA7,0.0,0.0,0.0,0.0,0.0,0.52941227,0.0,0.0,0.0,0.47256014,0.0,0.0,0.0,0.0,0.0,0.0,0.0,0.0,0.0,0.0,0.0,0.0,0.0,0.0,0.0,0.0,0.0,0.2315713,0.0,0.0,0.0,0.0,0.0,0.0,0.0,0.0,0.0,0.0,0.0,0.0,0.0,0.0
TRMT11,0.0,0.0,0.0,0.0,0.0,0.0,0.0,0.0,0.0,0.18083665,0.0,0.0,0.0,0.0,0.0,0.0,0.0,0.0,0.0,0.0,0.0,0.0,0.0,0.0,0.0,0.0,0.0,0.0,0.0,0.0,0.0,0.0,0.0,0.0,0.0,0.0,0.0,0.0,0.0,0.0,0.0,0.0
CENPW,0.0,0.0,0.0,0.5420039,0.6186526,0.0,0.0,0.8074736,0.0,0.18155362,0.0,0.0,0.0,0.0,0.0,0.0,0.0,0.0,0.0,0.0,0.0,0.0,0.0,0.0,0.5902984,0.0,0.0,0.0,0.0,0.0,0.0,0.0,0.0,0.0,0.0,0.0,0.0,0.0,0.0,0.0,0.0,0.0
ECHDC1,0.0,0.0,0.0,0.0,0.0,0.0,0.42818734,0.32754636,0.0,0.36239028,0.0,0.0,0.0,0.0,0.0,0.0,0.0,0.0,0.0,0.0,0.0,0.0,0.0,0.0,0.33039644,0.0,0.0,0.0,0.0,0.0,0.0,0.0,0.0,0.0,0.0,0.0,0.0,0.0,0.0,0.0,0.0,0.6133156
ARHGAP18,0.0,0.0,0.0,0.0,0.0,0.0,0.0,0.0,0.0,0.0,0.0,0.47305363,0.97920024,0.0,0.0,0.0,0.0,1.09296,0.0,0.0,0.0,0.0,0.0,0.0,0.0,0.0,0.0,0.0,0.0,0.0,0.0,0.0,0.0,0.0,0.0,0.0,0.0,0.0,0.0,0.0,0.0,0.0
SAMD3,0.0,0.0,0.0,0.0,0.85302246,0.0,0.0,0.0,0.0,0.0,0.0,0.0,0.0,0.0,0.0,0.0,0.0,0.0,0.0,1.1332412,0.9428456,0.0,0.0,0.0,0.0,0.0,0.0,0.0,0.0,0.0,0.0,1.1137036,0.0,0.0,0.0,0.0,0.0,0.0,0.8612516,0.0,0.0,0.0
EPB41L2,0.0,0.0,0.0,0.0,0.0,0.0,0.0,0.0,0.0,0.0,0.0,0.0,0.91374826,0.0,0.0,0.0,0.0,0.0,0.0,0.0,0.0,0.0,0.0,0.0,0.0,0.0,0.0,0.0,0.0,0.0,0.0,0.0,0.0,0.0,0.0,0.0,0.0,0.0,0.0,0.0,0.0,0.0
MED23,0.0,0.0,0.0,0.0,0.0,0.0,0.0,0.0,0.0,0.18083665,0.0,0.0,0.0,0.0,0.0,0.0,0.0,0.0,0.0,0.0,0.0,0.0,0.0,0.0,0.0,0.0,0.0,0.0,0.0,0.0,0.0,0.0,0.0,0.0,0.0,0.0,0.0,0.0,0.0,0.0,0.0,0.0
ENPP1,0.0,0.0,0.0,0.0,0.0,0.28305006,0.0,0.0,0.0,0.0,0.0,0.0,0.0,0.0,0.0,0.0,0.0,0.0,0.0,0.0,0.0,0.0,0.0,0.0,0.0,0.0,0.0,0.0,0.0,0.0,0.0,0.0,0.0,0.0,0.0,0.0,0.0,0.0,0.0,0.0,0.0,0.0
LINC01013,0.0,0.0,0.0,0.0,0.0,0.0,0.0,0.0,0.0,0.0,0.0,0.0,0.0,0.0,0.0,0.0,0.0,0.0,0.0,0.0,0.0,0.0,0.0,0.0,0.0,0.0,1.0581769,0.0,0.0,0.0,0.0,0.0,0.0,0.0,0.0,0.0,0.0,0.0,0.0,0.0,0.0,0.0
STX7,0.8087835,0.0,0.0,0.0,0.0,0.40235615,0.53033197,0.0,0.0,0.23380059,0.0,0.0,0.7257168,0.0,0.0,0.0,0.0,0.0,0.0,0.0,0.0,0.0,0.35057765,0.0,0.0,0.0,0.0,0.0,0.0,0.0,0.0,0.0,0.0,0.0,0.0,0.0,0.0,0.0,0.0,0.0,0.0,0.9418696
RPS12,4.245583,3.721409,3.3407645,3.6163573,3.2357001,4.15816,3.9650152,4.4996457,3.693596,4.194727,4.03211,3.5277398,3.7743478,4.327952,4.2246404,4.225408,3.7965002,3.2190325,4.4165945,3.4814897,3.9490688,4.2298193,3.7333035,2.683609,3.488072,3.7546854,3.8623245,4.364399,4.0919347,2.145267,4.6765423,3.9535146,4.4812317,4.0350246,4.870862,4.6808615,4.7647142,4.283324,4.0910134,4.260884,4.371029,4.2895
TBPL1,0.0,0.0,0.0,0.0,0.0,0.0,0.0,0.21609913,0.0,0.18155362,0.0,0.0,0.0,0.0,0.0,0.0,0.0,0.20493044,0.0,0.0,0.0,0.0,0.0,0.0,0.0,0.0,0.0,0.0,0.0,0.0,0.0,0.0,0.0,0.0,0.0,0.0,0.0,0.0,0.0,0.0,0.0,0.0
SGK1,0.0,0.0,0.6057584,0.0,0.0,1.3649307,0.49004585,0.0,0.0,0.0,0.0,1.4880948,1.967121,0.0,0.0,0.0,0.0,0.0,0.0,0.0,0.0,0.0,0.0,0.0,0.319569,0.0,0.0,0.0,0.0,0.0,0.0,0.0,0.0,0.0,0.0,0.0,0.0,0.0,0.0,0.0,0.0,0.0
HBS1L,0.0,0.0,0.0,0.0,0.0,0.0,0.0,0.7964545,0.0,0.7637583,0.0,0.0,0.0,0.0,0.0,0.0,0.0,0.0,0.0,0.0,0.0,0.0,0.0,0.0,0.36811495,0.0,0.0,0.0,0.0,0.0,0.0,0.0,0.0,0.0,0.0,0.0,0.0,0.0,0.0,0.0,0.0,0.0
MYB,0.0,0.0,0.0,0.0,0.0,0.0,0.0,0.7020478,0.0,0.0,0.0,0.0,0.0,0.0,0.0,0.0,0.0,0.0,0.0,0.0,0.0,0.0,0.0,0.0,0.0,0.0,0.0,0.78846276,0.0,0.0,0.0,0.0,0.0,0.0,0.0,0.0,0.0,0.0,0.0,0.0,0.0,0.0
AHI1,0.0,0.0,0.0,0.0,0.0,0.0,0.0,0.0,0.0,0.18083665,0.0,0.0,0.0,0.0,0.0,0.0,0.0,0.0,0.0,0.0,0.0,0.0,0.0,0.0,0.0,0.0,0.0,0.0,0.0,0.0,0.0,0.0,0.0,0.0,0.0,0.0,0.0,0.0,0.0,0.0,0.0,0.0
BCLAF1,1.1007502,0.0,1.0861042,1.1984859,1.1719146,0.5944774,1.1207249,0.9995766,0.0,1.2718772,1.7389795,0.79289067,0.7458428,1.010965,1.4796834,0.0,1.1847306,0.0,1.0925207,1.2138153,1.2508912,1.2259256,0.7606804,0.40317002,0.84217846,0.0,1.2039261,1.1014426,1.1876566,1.0801587,0.88220847,1.0697985,0.99030197,1.1462537,0.9156762,1.1212475,0.95286095,0.94683385,1.1037048,1.1423154,1.1338125,1.1628557
IFNGR1,0.0,0.0,0.7695598,0.0,0.0,0.59331524,0.6884308,0.0,0.0,0.18155362,0.0,1.0337517,1.3831153,0.954528,0.0,0.0,0.0,0.0,0.0,0.0,0.0,0.0,0.78949213,0.0,0.0,0.0,0.0,0.0,0.0,0.0,0.0,0.0,0.0,0.0,0.0,0.0,0.0,0.0,0.0,0.0,0.0,0.0
TNFAIP3,0.0,0.4366376,0.0,0.0,0.9495391,0.50819945,0.44683003,0.0,0.0,0.0,2.8741288,2.508893,1.4643317,2.8619063,0.7355936,1.1502469,2.3575869,0.0,0.0,1.2425015,1.4452333,0.0,0.6058723,0.33525383,0.24795079,0.0,0.0,0.0,1.0271275,2.1597202,2.1273205,1.5070496,1.8690995,1.6442479,1.1227839,1.5083554,1.6183504,1.5052062,1.9279557,2.7706077,2.770365,0.0
HEBP2,0.0,0.0,0.0,0.79737675,0.0,0.0,0.41870624,0.0,0.0,0.18155362,0.0,0.5046885,0.0,0.0,0.0,0.0,0.0,0.0,0.0,0.0,0.0,0.0,0.0,0.0,0.1931466,0.0,0.0,0.3902922,0.0,0.0,0.0,0.0,0.0,0.0,0.0,0.0,0.0,0.0,0.0,0.0,0.0,0.45065653
CCDC28A,0.0,0.0,0.0,0.0,0.0,0.0,0.0,0.0,0.0,0.18083665,0.0,0.0,0.44090223,0.0,0.0,0.0,0.0,0.0,0.0,0.0,0.0,0.0,0.0,0.0,0.0,0.0,0.0,0.0,0.0,0.0,0.0,0.0,0.0,0.0,0.0,0.0,0.0,0.0,0.0,0.0,0.0,0.0
ABRACL,0.0,0.0,0.0,0.7018148,0.84756494,0.85325944,0.824463,0.3251022,1.6413208,0.4977838,0.0,0.7063019,0.91374826,0.9323982,0.0,0.0,0.58973897,1.6212878,0.0,0.0,0.0,0.0,1.0642388,0.0,0.5933877,0.0,0.0,0.9474559,0.0,0.0,0.8620411,0.0,0.8252188,0.0,0.5547065,0.81479824,0.8562347,0.8930569,0.0,0.9573862,0.0,0.8735662
CITED2,0.0,0.0,0.0,0.204357,0.24445973,0.0,0.0,0.50415766,0.0,0.0,1.553327,1.0883627,1.5203841,1.029221,0.0,0.0,0.0,0.16930869,0.0,0.0,0.0,0.0,0.0,0.9894732,0.44715506,0.0,0.0,0.40801936,0.0,0.0,0.82148993,0.0,0.96849865,0.9776127,0.0,0.8653629,0.753289,0.43317908,0.95159036,1.0500171,1.1596017,0.0
VTA1,0.0,0.0,0.0,0.0,0.0,0.0,0.0,0.16460665,0.0,0.18155362,0.0,0.0,0.0,0.0,0.0,0.0,0.0,0.0,0.0,0.0,0.0,0.0,0.0,0.0,0.0,0.0,0.0,0.0,0.0,0.0,0.0,0.0,0.0,0.0,0.0,0.0,0.0,0.0,0.0,0.0,0.0,0.0
AIG1,0.0,0.0,0.0,0.0,0.0,0.0,0.0,0.31307203,0.0,0.0,0.0,0.0,0.0,0.0,0.0,0.0,0.0,0.06408184,0.0,0.0,0.0,0.0,0.0,0.0,0.13803001,0.0,0.0,0.0,0.0,0.0,0.0,0.0,0.0,0.0,0.0,0.0,0.0,0.0,0.0,0.0,0.0,0.0
FUCA2,0.0,0.0,0.0,0.0,0.0,0.0,0.0,0.0,0.0,0.0,0.0,0.5221987,0.0,0.0,0.0,0.0,0.0,0.0,0.0,0.0,0.0,0.0,0.0,0.22176713,0.19805485,0.0,0.0,0.0,0.0,0.0,0.0,0.0,0.0,0.0,0.0,0.0,0.0,0.0,0.0,0.0,0.0,0.0
PHACTR2,0.0,0.0,0.0,0.0,0.0,0.0,0.36318722,0.0,0.0,0.0,0.0,0.0,0.44090223,0.0,0.0,0.0,0.0,0.0,0.0,0.0,0.0,0.0,0.0,0.0,0.0,0.0,0.0,0.0,0.0,0.0,0.0,0.0,0.0,0.0,0.0,0.0,0.0,0.0,0.0,0.0,0.0,0.0
LTV1,0.0,0.0,0.0,0.0,0.0,0.0,0.0,0.38642195,0.0,0.0,0.0,0.0,0.0,0.0,0.0,0.0,0.0,0.0,0.0,0.0,0.0,0.0,0.0,0.0,0.20931143,0.0,0.0,0.0,0.0,0.0,0.0,0.0,0.0,0.0,0.0,0.0,0.0,0.0,0.0,0.0,0.0,0.0
SF3B5,0.6719898,0.0,0.8712323,1.145588,1.1295013,0.69288063,0.99618894,1.2128302,0.0,0.9746635,1.0573997,0.8423759,0.5578004,0.96516603,0.0,0.7811417,0.97600377,0.0,0.8044915,1.1266453,1.0191832,0.0,0.806615,0.46245798,1.1813793,0.0,0.0,1.1627307,0.0,0.0,0.9004487,1.0531065,0.9351158,1.085779,0.93492794,0.7610611,0.8498967,0.94644785,1.0444939,0.99511296,0.9984566,1.1254839
STX11,0.0,0.0,0.6931473,0.45834062,0.0,0.53241324,0.47396737,0.0,0.0,0.0,0.0,0.8840804,0.0,0.0,0.0,0.0,0.0,0.0,0.0,0.0,0.0,0.0,0.9735701,0.0,0.0,0.0,0.0,0.0,0.0,0.0,0.0,0.0,0.0,0.0,0.0,0.0,0.0,0.0,0.0,0.0,0.0,0.0
UTRN,0.78308517,0.0,0.0,0.0,0.90024656,0.0,0.49061,0.0,0.0,0.18155362,0.0,0.5046885,1.1682736,0.0,0.8421502,0.0,0.0,0.0,0.0,1.2559866,1.1922942,0.0,0.9466895,0.0,0.0,0.0,1.0943637,0.0,0.0,0.0,0.0,1.0202312,0.0,1.0746659,0.0,0.0,0.0,0.0,1.0181373,0.0,0.0,0.69900155
RAB32,0.0,0.0,0.70896405,1.1302682,0.0,1.42421,0.6256453,0.0,0.0,0.0,0.0,0.4254868,0.0,0.0,0.0,0.0,0.4548787,0.85780835,0.0,0.0,0.0,0.0,0.53097534,0.0,0.0,0.0,0.0,0.7138546,0.0,0.0,0.0,0.0,0.0,0.0,0.0,0.0,0.0,0.0,0.0,0.0,0.0,0.0
TAB2,0.0,0.0,0.0,0.0,0.0,0.0,0.41995525,0.0,0.0,0.0,0.0,0.0,0.0,0.0,0.0,0.0,0.0,0.0,0.0,0.0,0.0,0.0,0.0,0.0,0.0,0.0,0.0,0.0,0.0,0.0,0.0,0.0,0.0,0.0,0.0,0.0,0.0,0.0,0.0,0.0,0.0,0.0
PPIL4,0.0,0.0,0.0,0.0,0.0,0.0,0.0,0.12689343,0.0,0.0,0.0,0.0,0.0,0.0,0.0,0.0,0.0,0.0,0.0,0.0,0.0,0.0,0.0,0.0,0.0,0.0,0.0,0.0,0.0,0.0,0.0,0.0,0.0,0.0,0.0,0.0,0.0,0.0,0.0,0.0,0.0,0.0
GINM1,0.0,0.0,0.0,0.0,0.0,0.4224942,0.0,0.0,0.0,0.0,0.0,0.0,0.0,0.0,0.0,0.0,0.0,0.0,0.0,0.0,0.0,0.0,0.0,0.0,0.0,0.0,0.0,0.0,0.0,0.0,0.0,0.0,0.0,0.0,0.0,0.0,0.0,0.0,0.0,0.0,0.0,0.0
KATNA1,0.0,0.0,0.0,0.0,0.0,0.0,0.0,0.12833168,0.0,0.0,0.0,0.0,0.0,0.0,0.0,0.0,0.0,0.0,0.0,0.0,0.0,0.0,0.0,0.0,0.0,0.0,0.0,0.0,0.0,0.0,0.0,0.0,0.0,0.0,0.0,0.0,0.0,0.0,0.0,0.0,0.0,0.0
PCMT1,0.0,0.0,0.0,0.6706675,0.588891,0.0,0.47656822,0.73147833,0.0,0.36239028,0.0,0.0,0.0,0.0,0.0,0.0,0.0,0.0,0.0,0.0,0.0,0.0,0.0,0.0,0.528515,0.0,0.0,0.43327916,0.0,0.0,0.0,0.0,0.0,0.0,0.0,0.0,0.0,0.0,0.0,0.0,0.0,0.0
MTHFD1L,0.0,0.0,0.0,0.0,0.0,0.0,0.0,0.12111509,0.0,0.0,0.0,0.0,0.0,0.0,0.0,0.0,0.0,0.0,0.0,0.0,0.0,0.0,0.0,0.0,0.0,0.0,0.0,0.0,0.0,0.0,0.0,0.0,0.0,0.0,0.0,0.0,0.0,0.0,0.0,0.0,0.0,0.0
AKAP12,0.0,0.0,0.0,0.0,0.0,0.0,0.0,0.0,0.0,0.0,0.0,0.0,0.0,0.0,0.0,0.0,0.559886,0.0,0.0,0.0,0.0,0.0,0.0,0.0,0.0,0.0,1.1985635,0.0,0.0,0.0,0.0,0.0,0.0,0.0,0.0,0.0,0.0,0.0,0.0,0.0,0.0,0.0
SYNE1,0.0,0.0,0.0,0.0,1.0413011,0.0,0.0,0.0,0.0,0.0,0.0,0.0,0.0,0.0,0.0,0.0,0.0,0.0,0.0,1.2904308,0.0,0.0,0.0,0.0,0.0,0.0,0.0,0.0,0.0,0.0,0.0,1.1766253,0.0,0.0,0.0,0.0,0.0,0.0,0.9248045,0.0,0.0,0.0
FBXO5,0.0,0.0,0.0,0.0,0.6046339,0.0,0.0,0.0,0.0,0.18083665,0.0,0.0,0.0,0.0,0.0,0.0,0.0,0.0,0.0,0.0,0.0,0.0,0.0,0.0,0.24683121,0.0,0.0,0.0,0.0,0.0,0.0,0.0,0.0,0.0,0.0,0.0,0.0,0.0,0.0,0.0,0.0,0.0
ARID1B,0.0,0.0,0.0,0.0,0.76984,0.34146005,0.44683003,0.0,0.0,0.23875955,0.81907105,0.0,0.0,0.0,1.3148127,0.0,0.70255435,0.0,0.62932646,0.0,0.0,0.0,0.0,0.0,0.20090127,1.1427269,0.0,0.699453,0.0,0.0,0.0,0.0,0.0,0.0,0.0,0.0,0.0,0.0,0.0,0.0,0.0,1.090415
TMEM242,0.0,0.0,0.0,0.0,0.0,0.0,0.0,0.116205856,0.0,0.0,0.0,0.0,0.0,0.0,0.0,0.0,0.0,0.0,0.0,0.0,0.0,0.0,0.0,0.0,0.14780025,0.0,0.0,0.0,0.0,0.0,0.0,0.0,0.0,0.0,0.0,0.0,0.0,0.0,0.0,0.0,0.0,0.0
SNX9,0.0,0.0,0.0,0.0,0.0,0.52941227,0.0,0.14951381,0.0,0.0,0.0,0.3987304,0.7458428,0.0,1.0902166,0.0,0.0,0.0,0.0,0.0,0.0,0.0,0.5790436,0.0,0.0,1.143465,0.0,0.0,0.0,0.0,0.0,0.0,0.0,0.0,0.0,0.0,0.0,0.0,0.0,0.0,0.0,0.71425843
GTF2H5,0.0,0.0,0.0,0.0,0.0,0.0,0.2934634,0.16460665,0.0,0.0,0.0,0.0,0.0,0.0,0.0,0.0,0.0,0.0,0.0,0.0,0.0,0.0,0.0,0.0,0.1409382,0.0,0.0,0.26061696,0.0,0.0,0.0,0.0,0.0,0.0,0.0,0.0,0.0,0.0,0.0,0.0,0.0,0.0
DYNLT1,0.0,0.0,0.0,0.0,0.0,0.34146005,0.44683003,0.22030284,0.0,0.0,0.0,0.6602513,0.5578004,0.0,0.0,0.0,0.0,0.0,0.0,0.0,0.0,0.0,0.57565844,0.0,0.13528542,0.0,0.0,0.0,0.0,0.0,0.0,0.0,0.0,0.0,0.0,0.0,0.0,0.0,0.0,0.0,0.0,0.0
SYTL3,0.0,0.0,0.0,0.0,0.8717636,0.0,0.0,0.0,0.0,0.0,0.0,0.0,0.0,1.0554824,0.0,0.0,0.0,0.0,0.0,1.6571765,1.4035473,0.0,0.0,0.0,0.0,0.0,0.0,0.0,0.0,0.0,0.0,1.2105815,0.0,1.5081451,0.0,0.0,0.0,0.0,1.1110315,0.8985454,1.2524059,0.0
EZR,2.188033,0.0,0.0,0.82197654,1.044137,0.8435441,0.95976555,0.49778783,0.0,1.1784444,0.96516603,0.7063019,1.661052,1.0982125,1.9351028,0.0,0.0,0.0,1.7682686,0.0,0.0,1.571504,0.6791715,0.49247533,1.0130827,1.960888,1.6259605,0.27637893,1.01471,0.0,0.9027092,0.0,0.858657,0.0,0.0,1.0786839,0.8414739,1.138984,1.0306104,1.1702245,1.5659376,0.6769092
TAGAP,0.6760944,0.0,0.0,0.0,0.0,0.0,0.32769254,0.0,0.0,0.0,0.0,0.6449004,0.44090223,1.0414,0.0,0.0,0.0,0.0,0.9611619,0.0,0.0,1.2435541,0.0,0.38277814,0.0,1.7457188,0.0,0.0,0.3123191,0.0,0.7954159,0.0,0.70165443,0.0,0.0,1.4494216,0.0,0.7236871,1.0024796,1.0079719,1.0877972,0.0
SOD2,0.0,0.90542024,1.5088298,0.84923875,0.0,0.64090085,0.8242114,0.48777822,0.0,0.65150476,0.0,3.345915,2.001111,0.0,0.6868571,0.63700837,0.0,1.7475431,0.0,0.0,0.0,0.0,2.1029773,0.1300091,0.52284104,0.0,1.3886238,0.7679099,0.0,0.0,0.7547194,0.0,0.0,0.0,0.0,0.91105074,0.0,0.0,0.0,0.0,0.0,0.0
WTAP,0.6126078,0.0,0.0,0.542704,0.7614221,0.50819945,0.44683003,0.37340063,0.0,0.6785321,0.59476876,0.6602513,0.0,0.0,0.0,0.0,0.0,0.0,0.0,0.0,0.0,0.0,0.6518474,0.0,0.43481812,0.0,0.76748186,0.46960443,0.0,0.0,0.6946506,0.0,0.0,0.90262204,0.0,0.0,0.73025787,0.8057569,0.0,0.0,0.0,0.5759321
ACAT2,0.0,0.0,0.0,0.0,0.0,0.0,0.0,0.26230773,0.0,0.0,0.0,0.0,0.0,0.0,0.0,0.0,0.0,0.0,0.0,0.0,0.0,0.0,0.0,0.0,0.23757933,0.0,0.0,0.0,0.0,0.0,0.0,0.0,0.0,0.0,0.0,0.0,0.0,0.0,0.0,0.0,0.0,0.0
TCP1,0.0,0.0,0.0,0.56487554,0.7091346,0.40235615,0.43932745,1.2618173,0.0,1.0384244,0.0,0.0,0.44090223,0.0,0.0,0.0,0.0,0.0,0.0,0.0,0.0,0.0,0.0,0.12102996,0.7710713,0.0,0.0,0.7514844,0.0,0.0,0.0,0.0,0.0,0.0,0.0,0.89242315,0.0,0.0,0.0,0.0,0.0,0.0
MRPL18,0.0,0.0,0.0,0.0,0.51264745,0.51061237,0.37992248,0.74273396,0.0,0.3924805,0.0,0.0,0.0,0.0,0.0,0.0,0.0,0.71090317,0.0,0.0,0.0,0.0,0.0,0.0,0.583832,0.0,0.0,0.25173062,0.0,0.0,0.0,0.0,0.0,0.0,0.0,0.91087615,0.0,0.0,0.0,0.0,0.0,0.0
IGF2R,0.0,0.0,0.0,0.0,0.46832955,0.0,0.0,0.0,0.0,0.0,0.0,0.47305363,0.0,0.0,0.0,0.0,0.0,0.0,0.0,0.0,0.0,0.0,0.0,0.0,0.0,0.0,0.0,0.0,0.0,0.0,0.0,0.0,0.0,0.0,0.0,0.0,0.0,0.0,0.0,0.0,0.0,0.68361175
QKI,0.0,0.0,1.0358284,0.7537954,0.3975115,0.37521976,0.87193346,0.0,0.0,0.0,0.0,1.2930145,0.0,0.0,0.0,0.0,0.0,0.0,0.0,0.0,0.0,0.0,0.9130795,0.0,0.1597676,0.0,0.0,0.437103,0.0,0.0,0.0,0.0,0.0,0.0,0.0,0.0,0.0,0.0,0.0,0.0,0.0,0.73109716
SFT2D1,0.0,0.0,0.0,0.0,0.24089047,0.4165121,0.59402287,0.40481615,0.0,0.23875955,0.0,0.4963503,0.5578004,0.0,0.0,0.0,0.0,0.2563855,0.0,0.0,0.0,0.0,0.5290971,0.20344815,0.53139937,0.0,0.0,0.15645003,0.0,0.0,0.0,0.0,0.0,0.0,0.0,0.0,0.0,0.0,0.0,0.0,0.0,0.7384063
MPC1,0.0,0.0,0.0,0.0,0.0,0.0,0.42269358,0.37148753,0.0,0.0,0.0,0.0,0.0,0.0,0.0,0.0,0.0,0.0,0.0,0.0,0.0,0.0,0.5023569,0.25047913,0.44305977,0.0,0.0,0.0,0.0,0.0,0.0,0.0,0.0,0.0,0.0,0.0,0.0,0.0,0.0,0.0,0.0,0.0
RNASET2,1.3606049,0.90542024,0.8674109,0.6297791,0.0,1.6498308,1.1992646,0.0,0.0,0.5521189,0.96516603,1.5971258,1.9422761,0.0,1.511234,0.0,0.0,0.0,1.3257767,0.0,0.0,1.1856236,1.753253,0.3474632,0.0,0.0,0.0,0.42836055,0.52073085,0.0,0.93436444,0.0,1.004559,0.0,0.92448336,0.73205006,0.0,0.9653673,0.0,0.0,0.0,2.0189064
PHF10,0.0,0.0,0.0,0.0,0.0,0.0,0.0,0.0,0.0,0.44826725,0.0,0.0,0.0,0.0,0.0,0.0,0.0,0.0,0.0,0.0,0.0,0.0,0.0,0.0,0.0,0.0,0.0,0.0,0.0,0.0,0.0,0.0,0.0,0.0,0.0,0.0,0.0,0.0,0.0,0.0,0.0,0.0
PSMB1,0.8109302,0.0,0.79769015,1.0666895,1.2820122,0.85325944,1.1974596,1.3445126,0.0,0.99182117,0.81207776,1.0883627,0.91374826,0.91276526,0.9916867,0.78057736,0.51556206,0.38125297,0.7928934,1.1118864,1.0007083,0.0,0.9759947,0.648233,1.4566423,1.0039123,0.9181548,1.1357284,0.88069487,0.0,0.87635636,1.0257652,0.82227576,1.0367377,0.89224833,0.0,0.82027864,1.0207419,0.9636593,0.8565465,0.0,1.0461689
PDCD2,0.0,0.0,0.0,0.0,0.35850754,0.442071,0.40317827,0.6343097,0.0,0.3953033,0.0,0.0,0.0,0.0,0.0,0.0,0.0,0.0,0.0,0.0,0.0,0.0,0.0,0.0,0.4299821,0.0,0.0,0.3835739,0.0,0.0,0.0,0.0,0.0,0.0,0.0,0.0,0.0,0.0,0.0,0.0,0.0,0.0
PRKAR1B,0.0,0.0,0.0,0.0,0.0,0.0,0.0,0.26071894,0.0,0.0,0.0,0.0,0.0,0.0,0.0,0.0,0.0,0.0,0.0,0.0,0.0,0.0,0.0,0.0,0.0,0.0,0.0,0.0,0.0,0.0,0.0,0.0,0.0,0.0,0.0,0.0,0.0,0.0,0.0,0.0,0.0,0.0
COX19,0.0,0.0,0.0,0.0,0.0,0.0,0.40982887,0.0,0.0,0.0,0.0,0.0,0.0,0.0,0.0,0.0,0.0,0.0,0.0,0.0,0.0,0.0,0.0,0.0,0.0,0.0,0.0,0.0,0.0,0.0,0.0,0.0,0.0,0.0,0.0,0.0,0.0,0.0,0.0,0.0,0.0,0.0
CHLSN,0.0,0.0,0.0,0.0,0.0,0.38395348,0.43283626,0.23174405,0.0,0.0,0.0,0.0,0.44090223,0.0,0.0,0.0,0.0,0.0,0.0,0.0,0.0,0.0,0.0,0.0,0.12525262,0.0,0.0,0.0,0.0,0.0,0.0,0.0,0.0,0.0,0.0,0.0,0.0,0.0,0.0,0.0,0.0,0.0
ZFAND2A,0.0,0.0,0.0,0.0,0.0,0.0,0.3007177,0.0,0.0,0.0,0.0,0.0,0.0,0.0,0.0,0.0,0.0,0.0,0.0,0.0,0.0,0.0,0.0,0.0,0.0,0.0,0.0,0.0,0.0,0.0,0.0,0.0,0.0,0.0,0.0,0.8812424,0.0,0.0,0.0,0.0,0.0,0.0
PSMG3,0.0,0.0,0.0,0.0,0.0,0.0,0.0,0.36586088,0.0,0.3953033,0.0,0.0,0.0,0.0,0.0,0.0,0.0,0.0,0.0,0.0,0.0,0.0,0.0,0.0,0.3097917,0.0,0.0,0.0,0.0,0.0,0.0,0.0,0.0,0.0,0.0,0.0,0.0,0.0,0.0,0.0,0.0,0.0
MAD1L1,0.0,0.0,0.0,0.0,0.0,0.0,0.0,0.0,0.0,0.21446666,0.0,0.0,0.0,0.0,0.0,0.0,0.0,0.0,0.0,0.0,0.0,0.0,0.0,0.0,0.0,0.0,0.0,0.0,0.0,0.0,0.0,0.0,0.0,0.0,0.0,0.0,0.0,0.0,0.0,0.0,0.0,0.0
MRM2,0.0,0.0,0.0,0.0,0.0,0.0,0.0,0.16701494,0.0,0.0,0.0,0.0,0.0,0.0,0.0,0.0,0.0,0.0,0.0,0.0,0.0,0.0,0.0,0.0,0.15884948,0.0,0.0,0.0,0.0,0.0,0.0,0.0,0.0,0.0,0.0,0.0,0.0,0.0,0.0,0.0,0.0,0.0
NUDT1,0.0,0.0,0.0,0.9624877,1.0306513,0.2875488,0.62200767,0.7843131,0.0,0.4977838,0.0,0.0,0.44090223,0.0,0.0,0.0,0.0,0.0,0.0,0.0,0.0,0.0,0.0,0.0,0.5618988,0.0,0.0,0.69082034,0.0,0.0,0.0,0.0,0.0,0.0,0.0,0.0,0.0,0.0,0.0,0.0,0.0,0.72981226
SNX8,0.0,0.0,0.0,0.0,0.0,0.0,0.0,0.16892378,0.0,0.0,0.0,0.0,0.0,0.0,0.0,0.0,0.0,0.0,0.0,0.0,0.0,0.0,0.0,0.0,0.0,0.0,0.0,0.0,0.0,0.0,0.0,0.0,0.0,0.0,0.0,0.0,0.0,0.0,0.0,0.0,0.0,0.0
EIF3B,0.0,0.0,0.0,0.4629706,0.40598655,0.0,0.41995525,0.79485434,0.0,0.3960203,0.0,0.0,0.0,0.0,0.0,0.0,0.0,0.0,0.0,0.0,0.0,0.0,0.0,0.0,0.7707212,0.0,0.0,0.71194446,0.0,0.0,0.0,0.0,0.0,0.0,0.0,0.0,0.0,0.0,0.0,0.0,0.0,0.0
CHST12,0.0,0.0,0.0,0.0,0.60598534,0.0,0.0,0.10911779,0.0,0.0,0.0,0.0,0.0,0.0,0.0,0.0,0.0,0.0,0.0,0.0,0.86609167,0.0,0.0,0.19102594,0.29144773,0.0,0.0,0.0,0.0,0.0,0.0,0.0,0.0,0.0,0.0,0.0,0.0,0.0,0.0,0.0,0.0,0.0
LFNG,0.0,0.0,0.0,0.0,0.0,0.0,0.0,0.0,0.0,0.0,0.0,0.0,0.0,0.0,0.0,0.0,0.0,0.0,0.0,0.0,0.0,0.0,0.49346912,0.0,0.0,0.0,0.0,0.0,0.0,0.0,0.0,0.0,0.0,0.0,0.0,0.0,0.0,0.0,0.0,0.0,0.0,0.0
TTYH3,0.0,0.0,0.0,0.0,0.0,0.0,0.0,0.0,0.0,0.0,0.0,0.5073828,0.7458428,0.0,0.0,0.0,0.0,0.0,0.0,0.0,0.0,0.0,0.47763163,0.0,0.0,0.0,0.0,0.0,0.0,0.0,0.0,0.0,0.0,0.0,0.0,0.0,0.0,0.0,0.0,0.0,0.0,0.0
CARD11,0.0,0.0,0.0,0.0,0.0,0.0,0.0,0.0,0.0,0.0,0.0,0.0,0.0,0.0,0.0,0.0,0.0,0.0,0.0,0.0,0.0,0.0,0.0,0.0,0.0,0.0,0.0,0.0,0.0,0.0,0.0,0.0,0.0,0.0,0.0,0.0,0.0,0.0,0.0,0.0,0.0,0.61727905
WIPI2,0.0,0.0,0.0,0.0,0.0,0.2875488,0.3869771,0.5139868,0.0,0.18155362,0.0,0.0,0.0,0.0,0.0,0.0,0.0,0.0,0.0,0.0,0.0,0.0,0.0,0.0,0.2261846,0.0,0.0,0.2617622,0.0,0.0,0.0,0.0,0.0,0.0,0.0,0.0,0.0,0.0,0.0,0.0,0.0,0.0
TNRC18,0.0,0.0,0.0,0.0,0.0,0.0,0.0,0.0,0.0,0.0,0.0,0.0,0.7257168,0.0,0.0,0.0,0.0,0.0,0.0,0.0,0.0,0.0,0.0,0.0,0.0,0.0,0.0,0.0,0.0,0.0,0.0,0.0,0.0,0.0,0.0,0.0,0.0,0.0,0.0,0.0,0.0,0.0
ACTB,3.4421163,3.8486946,4.5017486,4.517656,4.5553064,5.159692,4.4758167,3.5572064,4.690278,4.2605,3.1522255,4.599132,4.0703154,3.575773,3.7012618,4.043444,3.3678339,5.447118,3.3255699,3.7635,3.5883303,3.1807275,4.523959,1.6130695,3.223393,3.8436441,3.4708722,3.577326,3.6559243,2.222508,3.4622307,3.5660505,3.5439541,3.6342168,3.3961043,3.6122253,3.461782,3.7992601,3.5861077,3.6354742,3.532142,3.6653218
FSCN1,0.0,0.0,0.0,0.0,0.0,0.0,0.0,0.49653268,0.0,0.0,0.0,0.0,0.0,0.0,0.0,0.0,0.0,0.0,0.0,0.0,0.0,0.0,0.0,0.0,0.0,0.0,0.0,0.0,0.0,0.0,0.0,0.0,0.0,0.0,0.0,0.0,0.0,0.0,0.0,0.0,0.0,0.0
AIMP2,0.0,0.0,0.0,0.0,0.0,0.0,0.0,0.41394973,0.0,0.0,0.0,0.0,0.0,0.0,0.0,0.0,0.0,0.0,0.0,0.0,0.0,0.0,0.0,0.0,0.15978293,0.0,0.0,0.0,0.0,0.0,0.0,0.0,0.0,0.0,0.0,0.0,0.0,0.0,0.0,0.0,0.0,0.0
EIF2AK1,0.0,0.0,0.0,0.29891294,0.5234889,0.0,0.4043847,0.90951073,0.0,0.47256014,0.0,0.0,0.44090223,0.0,0.0,0.0,0.0,0.99568355,0.0,0.0,0.0,0.0,0.0,0.19522703,0.3891578,0.0,0.0,0.3929151,0.0,0.0,0.0,0.0,0.0,0.0,0.0,0.0,0.0,0.0,0.0,0.0,0.0,0.0
RAC1,0.8112776,1.870885,1.9325063,1.9626379,1.2353334,1.2704206,1.9579026,1.4116955,1.8817856,1.2986485,0.9013167,2.0211434,1.8454674,0.0,0.77814996,1.4903817,0.8841705,2.000558,0.0,1.0847406,0.94294107,0.0,1.7151177,0.33886647,0.98911595,0.0,0.0,1.3507435,0.8146168,0.0,0.67761725,0.0,0.0,0.0,0.0,0.0,0.0,0.9352099,0.0,0.0,0.0,1.4832997
KDELR2,0.0,0.0,0.0,0.60508287,0.57630813,0.6838616,0.42269358,0.48777822,0.0,0.18083665,0.0,0.4963503,0.0,0.0,0.0,0.0,0.0,0.0,0.0,0.0,0.0,0.0,0.0,0.97279084,1.5804648,0.0,0.0,0.44998914,0.0,0.0,0.0,0.0,0.0,0.0,0.0,0.0,0.0,0.0,0.0,0.0,0.0,0.7556617
ZDHHC4,0.0,0.0,0.0,0.0,0.0,0.0,0.0,0.0,0.0,0.0,0.0,0.0,0.0,0.0,0.0,0.0,0.0,0.0,0.0,0.0,0.0,0.0,0.0,0.0,0.1146783,0.0,0.0,0.0,0.0,0.0,0.0,0.0,0.0,0.0,0.0,0.0,0.0,0.0,0.0,0.0,0.0,0.0
INTS15,0.0,0.0,0.0,0.0,0.0,0.0,0.0,0.0,0.0,0.23380059,0.0,0.0,0.0,0.0,0.0,0.0,0.0,0.0,0.0,0.0,0.0,0.0,0.0,0.0,0.0,0.0,0.0,0.0,0.0,0.0,0.0,0.0,0.0,0.0,0.0,0.0,0.0,0.0,0.0,0.0,0.0,0.0
C1GALT1,0.0,0.0,0.0,0.0,0.0,0.0,0.0,0.0,0.0,0.23380059,0.0,0.0,0.0,0.0,0.0,0.0,0.0,0.0,0.0,0.0,0.0,0.0,0.0,0.0,0.14972688,0.0,0.0,0.0,0.0,0.0,0.0,0.0,0.0,0.0,0.0,0.0,0.0,0.0,0.0,0.0,0.0,0.0
RPA3,0.0,0.0,0.0,0.670914,1.0441062,0.0,0.0,1.0458089,0.0,1.2631049,0.0,0.0,0.0,0.0,0.0,0.0,0.0,0.0,0.0,0.0,0.0,0.0,0.0,0.0,0.8963758,0.0,0.0,0.5945846,0.0,0.0,0.0,0.0,0.0,0.0,0.0,0.0,0.0,0.0,0.0,0.0,0.0,0.0
GLCCI1,0.0,0.0,0.0,0.0,0.0,0.0,0.0,0.0,0.0,0.0,0.0,0.0,0.0,0.0,0.0,0.0,0.0,0.0,0.0,0.0,0.0,0.0,0.0,0.30019924,0.3951123,0.36588305,0.0,0.0,0.0,0.0,0.0,0.0,0.0,0.0,0.0,0.0,0.0,0.0,0.0,0.0,0.0,0.0
NDUFA4,1.1386954,0.0,1.1792958,1.3616141,1.5583241,1.515971,1.5980613,1.7582288,1.9986203,1.6113899,1.2625812,1.6444154,1.5203841,1.2039261,0.77814996,1.4582697,1.4539772,1.9993105,1.061381,1.2811506,1.1979985,0.0,1.5410782,0.98580426,1.828793,1.2797447,1.1540726,1.486516,0.9930198,0.0,1.321023,1.2304513,1.2710968,1.2179898,1.3708212,1.0932472,1.2668686,1.4115669,1.2545515,1.1503698,1.2362267,1.7057879
PHF14,0.0,0.0,0.0,0.0,0.0,0.0,0.0,0.24811465,0.0,0.47349092,0.0,0.0,0.0,0.0,0.0,0.0,0.0,0.0,0.0,0.0,0.0,0.0,0.0,0.0,0.0,0.0,0.0,0.19197404,0.0,0.0,0.0,0.0,0.0,0.0,0.0,0.0,0.0,0.0,0.0,0.0,0.0,0.61910534
ARL4A,0.0,0.0,0.0,0.36066982,0.0,0.0,0.3988271,0.0,0.0,0.0,1.0136976,0.0,0.0,0.0,0.0,0.0,0.0,0.0,0.0,0.0,0.0,1.0396241,0.76007473,0.0,0.0,0.0,0.0,0.16732636,0.0,0.0,0.0,0.0,0.0,0.0,0.0,0.0,0.0,0.0,0.0,0.0,0.0,0.0
BZW2,0.0,0.0,0.0,0.0,0.0,0.442071,0.36097383,0.61105025,0.0,0.4398609,0.0,0.0,0.0,0.0,0.0,0.0,0.0,0.0,0.0,0.0,0.0,0.0,0.0,0.0,0.31120902,0.0,0.0,0.66566443,0.0,0.0,0.0,0.0,0.0,0.0,0.0,0.0,0.0,0.0,0.0,0.0,0.0,0.0
TSPAN13,0.0,0.0,0.0,0.0,0.0,0.6816006,0.0,0.35156015,0.0,0.0,0.0,0.0,0.0,0.0,0.0,0.0,0.0,0.0,0.0,0.0,0.0,0.0,0.0,0.0,0.0,0.0,0.0,0.0,0.0,0.0,0.0,0.0,0.0,0.0,0.0,0.0,0.0,0.0,0.0,0.0,0.0,1.5416291
AHR,0.0,0.0,0.0,0.0,0.0,0.0,0.90431046,0.0,0.0,0.0,1.1428969,0.7063019,0.91374826,0.0,0.0,0.0,0.0,0.0,0.0,0.0,0.0,0.0,0.0,0.0,0.0,0.0,0.0,0.0,0.0,0.0,0.0,0.0,0.0,0.0,0.0,0.0,0.0,0.0,0.0,0.0,0.0,0.0
HDAC9,0.0,0.0,0.0,0.0,0.0,0.96476376,0.0,0.0,0.0,0.0,0.0,0.0,0.0,0.0,0.0,0.0,0.0,0.0,0.0,0.0,0.0,0.0,0.0,0.0,0.0,0.0,0.0,0.0,0.0,0.0,0.0,0.0,0.0,0.0,0.0,0.0,0.0,0.0,0.0,0.0,0.0,0.0
POLR1F,0.0,0.0,0.0,0.0,0.0,0.0,0.0,0.21169525,0.0,0.0,0.0,0.0,0.0,0.0,0.0,0.0,0.0,0.0,0.0,0.0,0.0,0.0,0.0,0.0,0.15978293,0.0,0.0,0.0,0.0,0.0,0.0,0.0,0.0,0.0,0.0,0.0,0.0,0.0,0.0,0.0,0.0,0.0
CDCA7L,0.0,0.0,0.0,0.0,0.0,0.0,0.0,0.16616654,0.0,0.44826725,0.0,0.0,0.0,0.0,0.0,0.0,0.0,0.0,0.0,0.0,0.0,0.0,0.0,0.0,0.0,0.0,0.0,0.24078122,0.0,0.0,0.0,0.0,0.0,0.0,0.0,0.0,0.0,0.0,0.0,0.0,0.0,0.0
RAPGEF5,0.0,0.0,0.0,0.0,0.0,0.0,0.0,0.0,0.0,0.0,0.0,0.0,0.0,0.0,0.0,0.0,0.0,0.0,0.0,0.0,0.0,0.0,0.0,0.0,0.0,0.82168627,0.0,0.0,0.0,0.0,0.0,0.0,0.0,0.0,0.0,0.0,0.0,0.0,0.0,0.0,0.0,0.0
TOMM7,2.0811715,1.2975402,1.5189544,1.4722193,1.4363456,1.8545998,1.5553873,1.6397123,1.92592,1.4176316,1.7172766,1.1521438,1.5848913,1.9876759,2.0684078,1.7430241,1.3659248,0.0,2.1169171,1.5651143,1.7003338,1.80437,1.5397356,0.74809265,1.3148957,0.0,1.3541749,1.5533423,1.7297235,0.0,2.2309923,2.0525966,2.19085,2.0162911,2.311553,2.2088947,2.1820803,1.9687096,2.0857377,1.9802835,1.8715765,1.6153274
NUP42,0.0,0.0,0.0,0.0,0.0,0.0,0.0,0.187809,0.0,0.18083665,0.0,0.0,0.0,0.0,0.0,0.0,0.0,0.0,0.0,0.0,0.0,0.0,0.0,0.0,0.0,0.0,0.0,0.0,0.0,0.0,0.0,0.0,0.0,0.0,0.0,0.0,0.0,0.0,0.0,0.0,0.0,0.0
GPNMB,0.0,1.8897898,0.0,0.0,0.0,0.0,0.0,0.0,0.0,0.0,0.0,0.0,0.0,0.0,0.0,0.0,0.0,0.0,0.0,0.0,0.0,0.0,0.0,0.0,0.0,0.0,0.0,0.0,0.0,0.0,0.0,0.0,0.0,0.0,0.0,0.0,0.0,0.0,0.0,0.0,0.0,0.0
MALSU1,0.0,0.0,0.0,0.0,0.0,0.0,0.0,0.43485335,0.0,0.18155362,0.0,0.0,0.0,0.0,0.0,0.0,0.0,0.0,0.0,0.0,0.0,0.0,0.0,0.0,0.23792198,0.0,0.0,0.0,0.0,0.0,0.0,0.0,0.0,0.0,0.0,0.0,0.0,0.0,0.0,0.0,0.0,0.0
TRA2A,0.7734053,0.0,0.0,0.48148957,0.6929057,0.37093928,0.48666447,0.1766852,0.0,0.62781835,0.81207776,0.4254868,1.141807,0.0,0.8421502,0.0,0.0,0.0,0.7763399,0.0,0.96355927,0.0,0.0,0.16441134,0.25443056,0.0,1.0024796,0.47300357,0.0,0.0,0.0,0.0,0.0,0.0,0.0,0.0,0.0,0.4342491,0.0,0.0,0.0,0.72595143
CCDC126,0.0,0.0,0.0,0.0,0.0,0.40235615,0.0,0.0,0.0,0.0,0.0,0.0,0.0,0.0,0.0,0.0,0.0,0.0,0.0,0.0,0.0,0.0,0.0,0.0,0.0,0.0,0.0,0.0,0.0,0.0,0.0,0.0,0.0,0.0,0.0,0.0,0.0,0.0,0.0,0.0,0.0,0.0
CYCS,1.2042528,0.0,0.0,0.9437083,1.2607564,0.9853937,0.96602213,1.3122034,0.0,1.286627,0.96516603,0.91348,0.0,1.4063885,1.1548164,0.9031453,0.3923054,0.8874332,1.2382239,1.3469712,1.3654742,1.3230406,0.7575234,0.57734966,1.7052182,0.0,0.9045438,1.0132935,1.1525259,0.0,1.1794257,1.0978794,1.5117849,1.5854752,1.3712599,1.495787,1.1603533,1.3183532,1.3202178,1.4067374,1.5402355,0.93822914
HNRNPA2B1,2.0494056,1.5938617,1.9002101,2.411982,2.8564482,1.8252811,2.035434,2.4477627,0.44440928,2.129376,2.1356666,1.8631475,1.5547979,1.9495533,2.0507255,1.944369,2.0078416,2.2234392,2.0148816,2.301326,2.2526016,2.0050864,1.866169,1.1893297,2.231459,2.2389474,2.1227431,2.2403576,2.1169705,2.0877988,1.7694056,1.9865896,1.8778062,2.0200627,1.7372415,1.9800626,1.770281,1.939288,1.9740293,1.8612592,1.7593824,2.2352982
CBX3,0.51613474,0.0,0.68268883,1.2014191,1.3609499,0.7958162,0.79421765,1.2184789,0.0,1.0994625,0.9013167,0.5221987,0.0,0.0,0.0,0.0,0.5370852,1.2492986,0.0,0.0,0.0,0.0,0.71930945,0.0,1.1245588,0.0,0.0,1.1503828,0.0,0.0,0.0,0.0,0.0,0.0,0.0,0.0,0.0,0.0,0.0,0.0,0.0,0.7137536
SNX10,0.0,0.0,0.78308535,0.68505836,0.0,0.3828968,0.49283025,0.0,0.0,0.42031318,0.0,0.0,0.0,0.0,0.0,0.0,0.0,0.0,0.0,0.0,0.0,0.0,0.603885,0.0,0.0,0.0,0.0,0.0,0.0,0.0,0.0,0.0,0.0,0.0,0.0,0.0,0.0,0.0,0.0,0.0,0.0,0.0
SKAP2,0.57448566,0.0,1.0638597,0.83024055,0.0,0.2875488,0.7148044,0.0,0.0,0.23875955,0.0,0.5221987,0.5578004,0.0,0.0,0.0,0.0,0.45216864,0.0,0.0,0.0,0.0,0.6327094,0.0,0.0,0.0,0.0,0.27546522,0.0,0.0,0.0,0.0,0.0,0.0,0.0,0.0,0.0,0.0,0.0,0.0,0.0,0.8708192
ENSG00000233429,0.0,0.0,0.0,0.0,0.0,0.0,0.33851904,0.0,0.0,0.0,0.0,0.0,0.0,0.0,0.0,0.0,0.0,0.0,0.0,0.0,0.0,0.0,0.5168662,0.0,0.0,0.0,0.0,0.0,0.0,0.0,0.0,0.0,0.0,0.0,0.0,0.0,0.0,0.0,0.0,0.0,0.0,0.0
TAX1BP1,0.7734053,0.0,0.91476345,0.79436195,0.79398525,0.64090085,0.8470313,0.27165872,0.0,0.41801506,1.049655,0.8423759,0.0,0.88646376,0.0,0.0,0.77043426,0.0,0.0,1.0375605,0.9335693,0.0,1.0034363,0.27620402,0.42140996,0.0,0.0,0.5483339,0.0,0.0,0.8061682,0.9994862,0.0,1.0064278,0.7532598,0.0,0.0,0.934646,0.9758566,0.96245766,0.0,0.868045
JAZF1,0.0,0.0,0.0,0.0,0.0,0.0,0.0,0.0,0.0,0.0,0.0,0.0,0.0,0.0,0.8421502,0.0,0.0,0.0,0.0,0.0,0.0,0.0,0.0,0.0,0.0,0.0,0.0,0.0,0.0,0.0,0.0,0.0,0.0,0.0,0.0,0.0,0.0,0.0,0.0,0.0,0.0,0.0
CREB5,0.0,0.0,0.713554,0.0,0.0,0.0,0.39040408,0.0,0.0,0.0,0.0,0.0,0.0,0.0,0.0,0.0,0.0,0.0,0.0,0.0,0.0,0.0,0.0,0.0,0.0,0.0,0.0,0.0,0.0,0.0,0.0,0.0,0.0,0.0,0.0,0.0,0.0,0.0,0.0,0.0,0.0,0.0
CPVL,0.0,0.4832946,0.70459044,0.46965903,0.0,2.7827249,1.3059152,0.14951381,0.0,0.0,0.0,0.5367148,0.5578004,0.0,0.0,0.0,0.0,0.0,0.0,0.0,0.0,0.0,0.7671211,0.0,0.0,0.0,0.0,0.0,0.0,0.0,0.0,0.0,0.0,0.0,0.0,0.0,0.0,0.0,0.0,0.0,0.0,0.0
CHN2,0.0,0.0,0.0,0.0,0.0,0.0,0.0,0.0,0.0,0.0,0.0,0.0,0.7257168,0.0,0.0,0.0,0.0,0.0,0.0,0.0,0.0,0.0,0.0,0.0,0.0,0.0,0.0,0.0,0.0,0.0,0.0,0.0,0.0,0.0,0.0,0.0,0.0,0.0,0.0,0.0,0.0,0.0
ZNRF2,0.0,0.0,0.0,0.0,0.0,0.0,0.0,0.0,0.0,0.0,0.0,0.0,0.0,0.0,0.0,0.0,0.0,0.0,0.0,0.0,0.0,0.0,0.0,0.0,0.0,0.0,0.0,0.0,0.0,0.0,0.0,0.0,0.0,0.0,0.0,0.0,0.0,0.0,0.0,0.0,0.0,0.48238653
GGCT,0.0,0.0,0.0,0.0,0.0,0.0,0.0,0.6859332,0.0,0.36239028,0.0,0.0,0.0,0.0,0.0,0.0,0.0,0.0,0.0,0.0,0.0,0.0,0.0,0.0,0.28544554,0.0,0.0,0.5328208,0.0,0.0,0.0,0.0,0.0,0.0,0.0,0.0,0.0,0.0,0.0,0.0,0.0,0.0
ENSG00000196295,0.0,0.0,0.0,0.0,0.0,0.0,0.0,0.0,0.0,0.4153542,0.0,0.0,0.0,0.0,0.0,0.0,0.0,0.0,0.0,0.0,0.0,0.0,0.0,0.0,0.0,0.0,0.0,0.0,0.0,0.0,0.0,0.0,0.0,0.0,0.0,0.0,0.0,0.0,0.0,0.0,0.0,0.0
GARS1,0.0,0.0,0.0,0.0,0.0,0.0,0.0,0.7630249,0.0,0.18083665,0.0,0.4963503,0.0,0.0,0.0,0.0,0.0,0.0,0.0,0.0,0.0,0.0,0.0,0.28842568,0.75105566,0.0,0.0,0.27211267,0.0,0.0,0.0,0.0,0.0,0.0,0.0,0.0,0.0,0.0,0.0,0.0,0.0,0.0
LSM5,0.0,0.0,0.0,0.8756336,0.92192304,0.4580726,0.57129836,1.179533,0.0,0.31335935,0.0,0.0,0.0,0.0,0.0,0.0,0.0,0.0,0.0,0.0,0.0,0.0,0.0,0.20910497,1.0568278,0.0,0.0,0.87899745,0.0,0.0,0.0,0.0,0.0,0.0,0.0,0.0,0.0,0.0,0.0,0.0,0.0,0.7242619
NT5C3A,0.0,0.0,0.0,0.0,0.0,0.0,0.0,0.0,0.0,0.3953033,0.0,0.0,0.0,0.0,0.0,0.0,0.0,1.1112123,0.0,0.0,0.0,0.0,0.0,0.0,0.17517093,0.0,0.0,0.0,0.0,0.0,0.0,0.0,0.0,0.0,0.0,0.0,0.0,0.0,0.0,0.0,0.0,0.0
SEPTIN7,1.5269334,0.739549,0.8834971,1.1189865,2.0486135,0.67467314,1.1002594,0.8521158,0.0,0.87155294,1.3675416,0.6602513,0.0,1.52811,1.1548164,0.83937705,1.0364459,1.5868111,1.1815014,1.9136587,1.7639632,1.2499131,0.85744894,0.3605791,0.83541703,1.0372822,1.0024796,1.0116049,0.95438933,0.0,1.1236238,1.750023,1.1519958,1.7016162,1.033285,0.9478113,1.0423498,1.1593013,1.6231784,1.2198367,1.3962387,1.2387166
ANLN,0.0,0.0,0.0,0.0,0.0,0.0,0.0,0.0,0.0,0.18155362,0.0,0.0,0.0,0.0,0.0,0.0,0.0,0.0,0.0,0.0,0.0,0.0,0.0,0.0,0.0,0.0,0.0,0.0,0.0,0.0,0.0,0.0,0.0,0.0,0.0,0.0,0.0,0.0,0.0,0.0,0.0,0.0
AOAH,0.0,0.0,0.0,0.0,0.0,0.55245733,0.41658252,0.0,0.0,0.0,0.0,0.4963503,0.0,0.0,0.0,0.0,0.0,0.0,0.0,0.9054642,0.8470404,0.0,0.5655313,0.0,0.0,0.0,0.0,0.0,0.0,0.0,0.0,0.0,0.0,1.085,0.0,0.0,0.0,0.0,0.0,0.0,0.0,0.0
ELMO1,0.0,0.0,0.0,0.0,0.0,0.47506863,0.3358107,0.0,0.0,0.18083665,0.0,0.0,0.0,0.0,0.0,0.0,0.0,0.0,0.0,0.0,0.0,0.0,0.0,0.0,0.0,0.0,0.0,0.0,0.0,0.0,0.0,0.0,0.0,0.0,0.0,0.0,0.0,0.0,0.0,0.0,0.0,0.0
EPDR1,0.0,0.0,0.0,0.0,0.0,0.0,0.0,0.23102878,0.0,0.0,0.0,0.0,0.0,0.0,0.0,0.0,0.0,0.0,0.0,0.0,0.0,0.0,0.0,0.0,0.0,0.0,0.0,0.0,0.0,0.0,0.0,0.0,0.0,0.0,0.0,0.0,0.0,0.0,0.0,0.0,0.0,0.0
STARD3NL,0.0,0.0,0.0,0.0,0.0,0.0,0.0,0.0,0.0,0.0,0.0,0.0,0.0,0.0,0.0,0.0,0.0,0.38674974,0.0,0.0,0.0,0.0,0.0,0.0,0.0,0.0,0.0,0.0,0.0,0.0,0.0,0.0,0.0,0.0,0.0,0.0,0.0,0.0,0.0,0.0,0.0,0.0
ENSG00000227191,0.0,0.0,0.0,0.0,0.0,0.0,0.0,0.0,0.0,0.0,0.0,0.0,0.0,0.0,0.0,0.0,0.0,0.0,0.0,0.0,0.0,0.0,0.0,0.0,0.0,0.0,0.0,0.0,0.0,0.0,0.0,1.6086385,0.0,1.2666874,0.0,0.0,0.0,0.0,0.0,0.0,0.0,0.0
VPS41,0.0,0.0,0.0,0.0,0.0,0.0,0.30505306,0.0,0.0,0.0,0.0,0.0,0.0,0.0,0.0,0.0,0.0,0.0,0.0,0.0,0.0,0.0,0.0,0.0,0.0,0.0,0.0,0.0,0.0,0.0,0.0,0.0,0.0,0.0,0.0,0.0,0.0,0.0,0.0,0.0,0.0,0.0
RALA,0.0,0.0,0.0,0.0,0.0,0.34146005,0.51399225,0.12337117,0.0,0.44057786,0.0,0.0,0.0,0.0,0.0,0.0,0.0,0.0,0.0,0.0,0.0,0.0,0.0,0.0,0.30944383,0.0,0.0,0.0,0.0,0.0,0.0,0.0,0.0,0.0,0.0,0.0,0.0,0.0,0.0,0.0,0.0,0.0
CDK13,0.0,0.0,0.0,0.0,0.6759999,0.0,0.37992248,0.0,0.0,0.0,0.0,0.0,0.0,0.0,0.7355936,0.0,0.0,0.0,0.0,0.0,0.79166764,0.0,0.0,0.0,0.0,0.0,0.0,0.2125499,0.0,0.0,0.0,0.0,0.0,0.0,0.0,0.0,0.0,0.0,0.0,0.0,0.0,0.0
MPLKIP,0.0,0.0,0.0,0.0,0.0,0.0,0.42818734,0.49457142,0.0,0.42031318,0.0,0.0,0.0,0.0,0.0,0.0,0.0,0.0,0.0,0.0,0.0,0.0,0.0,0.0,0.21339111,0.0,0.0,0.37436414,0.0,0.0,0.0,0.0,0.0,0.0,0.0,0.0,0.0,0.0,0.0,0.0,0.0,0.0
PSMA2,0.565376,0.0,0.61865044,1.031481,1.1378303,0.6816006,0.98693776,1.2562768,0.0,1.1308585,0.0,0.965619,0.0,0.0,0.0,0.0,0.59308225,0.9068332,0.0,0.0,0.0,0.0,0.6335336,0.36796427,1.4019703,0.0,1.0024796,1.0207517,0.0,0.0,0.0,0.0,0.0,0.0,0.0,0.0,0.0,0.7154714,0.0,0.0,0.0,1.0934391
MRPL32,0.0,0.0,0.0,0.0,0.0,0.0,0.0,0.35232982,0.0,0.23380059,0.0,0.0,0.0,0.0,0.0,0.0,0.0,0.0,0.0,0.0,0.0,0.0,0.0,0.0,0.31360656,0.0,0.0,0.0,0.0,0.0,0.0,0.0,0.0,0.0,0.0,0.0,0.0,0.0,0.0,0.0,0.0,0.0
STK17A,0.88428897,0.0,0.0,0.0,1.0003278,0.49875098,0.0,0.16716605,0.0,0.47256014,0.0,0.0,0.0,1.1716061,1.511234,0.0,0.0,0.0,1.0430634,1.2148976,1.5710511,1.318611,0.0,0.0,0.2500447,0.0,0.0,0.0,0.8083066,0.0,0.96396023,1.168541,1.1243248,1.6234239,1.0389745,1.3250692,1.2121546,0.9978076,1.5454404,1.2265211,1.4579324,0.0
COA1,0.0,0.0,0.0,0.0,0.0,0.0,0.0,0.5863414,0.0,0.0,0.0,0.0,0.0,0.0,0.0,0.0,0.0,0.0,0.0,0.0,0.0,0.0,0.0,0.0,0.30893314,0.0,0.0,0.0,0.0,0.0,0.0,0.0,0.0,0.0,0.0,0.0,0.0,0.0,0.0,0.0,0.0,0.0
BLVRA,0.0,0.0,0.0,0.0,0.0,0.0,0.0,0.87036026,0.0,0.0,0.0,0.7784047,0.5578004,0.0,0.0,0.0,0.0,0.0,0.0,0.0,0.0,0.0,0.60579634,0.0,0.0,0.0,0.0,0.0,0.0,0.0,0.0,0.0,0.0,0.0,0.0,0.0,0.0,0.0,0.0,0.0,0.0,0.0
MRPS24,0.0,0.0,0.0,0.67859685,0.559595,0.55245733,0.8496157,1.3729161,0.0,0.65677464,0.0,0.0,0.0,0.0,0.0,0.0,0.0,0.0,0.0,0.0,0.0,0.0,0.54859114,0.7465717,1.167377,0.0,0.0,0.7457266,0.0,0.0,0.0,0.0,0.0,0.0,0.0,0.0,0.0,0.0,0.0,0.0,0.0,0.6877314
DBNL,0.8779965,0.0,0.7107066,0.87394905,0.8195854,0.940539,0.8155059,0.31307203,0.0,0.6028327,0.0,0.47305363,0.7257168,0.0,1.1810663,0.0,0.0,0.6996829,0.0,0.0,0.0,0.0,0.8187288,0.0,0.35134384,0.0,0.0,0.38133034,0.0,0.0,0.0,0.0,0.0,0.0,0.0,0.0,0.0,0.0,0.0,0.0,0.0,0.9857054
POLM,0.0,0.0,0.0,0.0,0.0,0.0,0.0,0.0,0.0,0.3953033,0.0,0.0,0.0,0.0,0.0,0.0,0.0,0.0,0.0,0.0,0.0,0.0,0.0,0.0,0.0,0.0,0.0,0.0,0.0,0.0,0.0,0.0,0.0,0.0,0.0,0.0,0.0,0.0,0.0,0.0,0.0,0.0
AEBP1,0.0,0.0,0.0,0.0,0.0,0.0,0.0,0.0,0.0,0.0,0.0,0.0,0.0,0.0,0.0,0.0,0.0,0.0,0.0,0.0,0.0,0.0,0.0,0.0,0.0,1.6414559,0.0,0.0,0.0,0.0,0.0,0.0,0.0,0.0,0.0,0.0,0.0,0.0,0.0,0.0,0.0,0.0
POLD2,0.0,0.0,0.0,0.0,0.0,0.0,0.0,0.9541351,0.0,0.0,0.0,0.0,0.0,0.0,0.0,0.0,0.0,0.0,0.0,0.0,0.0,0.0,0.0,0.0,0.50506175,0.0,0.0,0.48465902,0.0,0.0,0.0,0.0,0.0,0.0,0.0,0.0,0.0,0.0,0.0,0.0,0.0,0.0
YKT6,0.0,0.0,0.0,0.0,0.0,0.0,0.0,0.0,0.0,0.0,0.0,0.0,0.0,0.0,0.0,0.0,0.0,0.0,0.0,0.0,0.0,0.0,0.0,0.0,0.22223727,0.0,0.0,0.0,0.0,0.0,0.0,0.0,0.0,0.0,0.0,0.0,0.0,0.0,0.0,0.0,0.0,0.0
DDX56,0.0,0.0,0.0,0.0,0.0,0.0,0.0,0.2509594,0.0,0.18083665,0.0,0.0,0.0,0.0,0.0,0.0,0.0,0.0,0.0,0.0,0.0,0.0,0.0,0.0,0.14813367,0.0,0.0,0.0,0.0,0.0,0.0,0.0,0.0,0.0,0.0,0.0,0.0,0.0,0.0,0.0,0.0,0.0
TMED4,0.0,0.0,0.0,0.0,0.5506946,0.28305006,0.35860544,0.0,0.0,0.0,0.0,0.0,0.44090223,0.0,0.0,0.0,0.0,0.0,0.0,0.0,0.0,0.0,0.0,0.4969041,0.48780248,0.0,0.0,0.22770631,0.0,0.0,0.0,0.0,0.0,0.0,0.0,0.0,0.0,0.0,0.0,0.0,0.0,0.6806604
OGDH,0.0,0.0,0.0,0.0,0.0,0.0,0.3520353,0.0,0.0,0.36239028,0.0,0.0,0.0,0.0,0.0,0.0,0.0,0.0,0.0,0.0,0.0,0.0,0.0,0.0,0.15978293,0.0,0.0,0.0,0.0,0.0,0.0,0.0,0.0,0.0,0.0,0.0,0.0,0.0,0.0,0.0,0.0,0.0
PPIA,2.2772672,2.0347977,1.8772981,2.5917745,2.8206701,2.5320115,2.4415143,3.1070533,2.5863867,2.962941,1.9016483,2.3377628,1.8454674,1.9040754,2.2714827,2.138551,2.0725803,2.9940553,2.14961,2.1339684,2.0029583,1.9915814,2.1550531,1.029406,2.6157048,2.038384,2.6409476,2.648898,2.3286943,0.0,1.9828897,2.036206,1.8656301,1.8760878,1.9182289,2.0535839,1.8842467,2.0923002,1.9013252,1.9169909,1.9845119,2.4251962
H2AZ2,0.0,0.0,0.7443603,1.7945436,2.1806254,1.045139,1.0015705,1.5790895,0.0,1.9008224,0.0,0.91348,0.91374826,1.0158842,0.0,0.6688871,1.4628038,0.89810336,0.0,1.0241611,0.95822823,0.0,0.7548106,0.3359303,1.5784907,0.5162929,0.0,1.4539242,0.8862552,0.0,0.844035,1.0141454,0.76971537,0.9482397,0.7938523,0.7299895,0.86705065,1.0035727,0.9364339,0.8933126,0.0,1.1341345
PURB,0.0,0.0,0.0,0.0,0.0,0.0,0.27371624,0.0,0.0,0.0,0.0,0.0,0.0,0.0,0.0,0.0,0.0,0.0,0.0,0.0,0.0,0.0,0.0,0.0,0.0,0.0,0.0,0.0,0.0,0.0,0.0,0.0,0.0,0.0,0.0,0.0,0.0,0.0,0.0,0.0,0.0,0.0
MYO1G,0.0,0.0,0.96325845,0.80814844,0.92858493,0.34115425,0.44636363,0.0,0.0,0.0,0.0,0.7784047,0.0,0.0,0.0,0.0,0.0,0.0,0.0,0.0,0.0,0.0,1.100925,0.0,0.113108404,0.0,0.0,0.0,0.0,0.0,0.0,0.8496703,0.0,0.0,0.0,0.0,0.0,0.0,0.0,0.0,0.0,0.0
SNHG15,0.0,0.0,0.0,0.0,0.0,0.28412688,0.6605679,0.20464721,0.0,0.31335935,0.72809076,0.0,0.44090223,0.0,0.0,0.0,0.0,0.0,0.0,0.0,0.0,0.0,0.5380312,0.0,0.36811495,0.0,0.0,0.38558722,0.62491465,0.0,0.7846369,0.0,0.0,0.0,0.0,0.0,0.7832142,0.7585012,0.0,0.0,0.0,0.45016444
CCM2,0.0,0.0,0.0,0.0,0.5122974,0.0,0.0,0.0,0.0,0.18083665,0.0,0.0,0.0,0.0,0.0,0.0,0.0,0.0,0.0,0.0,0.0,0.0,0.0,0.18200545,0.33476672,0.0,0.0,0.0,0.0,0.0,0.0,0.0,0.0,0.0,0.0,0.0,0.0,0.6410071,0.0,0.0,0.0,0.0
TBRG4,0.0,0.0,0.0,0.0,0.0,0.0,0.0,0.2796203,0.0,0.0,0.0,0.0,0.0,0.0,0.0,0.0,0.0,0.0,0.0,0.0,0.0,0.0,0.0,0.0,0.13148819,0.0,0.0,0.0,0.0,0.0,0.0,0.0,0.0,0.0,0.0,0.0,0.0,0.0,0.0,0.0,0.0,0.0
UPP1,0.0,0.0,0.95413554,0.7228041,0.79272515,0.0,0.4043847,0.0,0.0,0.0,0.0,1.4059621,0.5578004,0.0,0.0,0.0,0.0,0.0,0.0,0.0,0.0,0.0,0.9718441,0.0,0.0,0.0,0.0,0.0,0.0,0.0,0.0,0.0,0.0,0.0,0.0,0.0,0.0,0.0,0.0,0.0,0.0,0.0
IKZF1,0.78308517,0.0,0.0,0.6751226,0.9409085,0.41057968,0.6252209,0.50678736,0.0,0.55321854,1.1892662,0.0,0.0,1.0813162,0.77814996,0.0,0.0,0.0,0.9051136,1.1498535,1.0108817,0.0,0.6478431,0.14519256,0.24836549,0.0,1.1540726,0.4732895,0.8537477,1.6358733,1.1144599,1.1405022,1.1993725,1.0068414,1.3598511,1.4674377,1.210003,0.9900894,1.0747924,1.0624948,1.0362092,1.0850658
SEC61G,0.51613474,0.0,0.87127274,1.115493,0.95878386,0.7096723,0.9049818,1.0669972,1.5482883,0.4977838,0.81207776,1.1472063,1.5203841,0.9004487,0.0,0.80092317,1.5028483,1.209583,0.0,0.96693027,0.9324917,0.0,0.80992925,1.169229,2.1293385,0.0,1.2402272,1.1163604,0.6647142,0.0,0.8757838,0.9850679,0.0,0.9673357,0.76859725,0.0,0.7955493,0.8796019,0.0,0.92719793,0.0,1.7752931
VOPP1,0.8548738,0.0,0.0,0.0,0.0,0.83915305,0.3664031,0.0,0.0,0.47256014,0.0,0.0,0.0,0.0,0.0,0.0,0.0,0.0,0.0,0.0,0.0,0.0,0.0,0.6521885,1.2504463,0.0,0.0,0.0,0.0,0.0,0.0,0.0,0.0,0.0,0.0,0.0,0.0,0.0,0.0,0.0,0.0,0.0
NIPSNAP2,0.0,0.0,0.0,0.0,0.0,0.0,0.3865379,0.40220302,0.0,0.0,0.0,0.0,0.0,0.0,0.0,0.0,0.0,0.0,0.0,0.0,0.0,0.0,0.0,0.0,0.0,0.0,0.0,0.0,0.0,0.0,0.0,0.0,0.0,0.0,0.0,0.0,0.0,0.0,0.0,0.0,0.0,0.0
MRPS17,0.0,0.0,0.0,0.0,0.0,0.0,0.0,0.77002656,0.0,0.36239028,0.0,0.0,0.0,0.0,0.0,0.0,0.0,0.0,0.0,0.0,0.0,0.0,0.0,0.0,0.2261846,0.0,0.0,0.0,0.0,0.0,0.0,0.0,0.0,0.0,0.0,0.0,0.0,0.0,0.0,0.0,0.0,0.0
CCT6A,0.0,0.0,0.0,0.68120605,0.76434624,0.69288063,0.79421765,1.7965672,0.0,0.7130445,0.6301467,0.5046885,0.0,0.0,0.0,0.0,0.0,0.0,0.0,0.0,0.0,0.0,0.48440868,0.0,0.89636075,0.0,0.0,0.88732046,0.0,0.0,0.0,0.0,0.0,0.0,0.0,0.0,0.0,0.0,0.0,0.0,0.0,0.7400955
SUMF2,0.0,0.0,0.0,0.0,0.36610448,0.0,0.30505306,0.31307203,0.0,0.21446666,0.0,0.0,0.0,0.0,0.0,0.0,0.0,0.0,0.0,0.0,0.0,0.0,0.0,0.0,0.25475153,0.0,0.0,0.39976823,0.0,0.0,0.0,0.0,0.0,0.0,0.0,0.0,0.0,0.0,0.0,0.0,0.0,0.54246795
CHCHD2,1.5820122,1.5693587,1.4762549,1.9843345,2.0929992,1.5353988,1.7719612,2.2836745,1.7934608,2.3174205,1.6176482,2.0142245,1.4347595,1.5666871,1.2927269,1.7132767,1.739354,2.0245895,1.5283221,1.6476257,1.5679643,1.4225355,1.7357639,1.2714044,2.5442913,1.522644,1.5883365,1.9731021,1.6798689,0.0,1.5355009,1.6236684,1.4758968,1.6951413,1.4907148,1.5383112,1.4779831,1.720094,1.6523842,1.468006,1.618783,1.974231
GUSB,0.0,0.0,0.0,0.566203,0.6343826,0.37521976,0.44636363,0.3579567,0.0,0.0,0.0,0.0,0.0,0.0,0.0,0.0,0.0,0.0,0.0,0.0,0.0,0.0,0.60500723,0.19715774,0.33298343,0.0,0.0,0.36685854,0.0,0.0,0.0,0.0,0.0,0.0,0.0,0.0,0.0,0.0,0.0,0.0,0.0,0.0
ASL,0.0,0.0,0.0,0.0,0.0,0.0,0.0,0.0,0.0,0.18083665,0.0,0.0,0.0,0.0,0.0,0.0,0.0,0.0,0.0,0.0,0.0,0.0,0.0,0.0,0.0,0.0,0.0,0.0,0.0,0.0,0.0,0.0,0.0,0.0,0.0,0.0,0.0,0.0,0.0,0.0,0.0,0.0
RABGEF1,0.0,0.0,0.0,0.0,0.0,0.0,0.0,0.0,0.0,0.0,0.0,0.64906085,0.0,0.0,0.0,0.0,0.0,0.0,0.0,0.0,0.0,0.0,0.0,0.0,0.0,0.0,0.0,0.0,0.0,0.0,0.0,0.0,0.0,0.0,0.0,0.0,0.0,0.0,0.0,0.0,0.0,0.0
TMEM248,0.0,0.0,0.0,0.0,0.0,0.3139043,0.37992248,0.16616654,0.0,0.0,0.0,0.0,0.0,0.0,0.0,0.0,0.0,0.0,0.0,0.0,0.0,0.0,0.0,0.0,0.24767917,0.0,0.0,0.0,0.0,0.0,0.0,0.0,0.0,0.0,0.0,0.0,0.0,0.0,0.0,0.0,0.0,0.0
SBDS,0.94838136,0.0,0.0,0.30255136,0.441843,0.48802102,0.59538877,0.40724805,0.0,0.6334858,0.77548546,0.0,0.5578004,1.0459287,1.511234,0.0,0.0,0.37133133,0.98044074,0.0,1.0070457,0.0,0.50561595,0.2335025,0.3097772,0.0,0.0,0.26547104,0.49395606,0.0,1.0889072,0.0,1.0938352,1.0861042,1.4137018,1.0753088,0.97236705,1.1676248,1.0265692,1.0440166,1.2259256,1.0512118
AUTS2,0.0,0.0,0.0,0.0,0.4408438,0.0,0.0,0.0,0.0,0.0,0.0,0.0,0.0,0.0,0.0,0.0,0.0,0.0,0.0,0.0,0.0,0.0,0.0,0.0,0.0,0.0,0.0,0.0,0.0,0.0,0.0,0.0,0.0,0.0,0.0,0.0,0.0,0.0,0.0,0.0,0.0,0.0
NSUN5,0.0,0.0,0.0,0.0,0.0,0.0,0.0,0.14603369,0.0,0.0,0.0,0.0,0.0,0.0,0.0,0.0,0.0,0.0,0.0,0.0,0.0,0.0,0.0,0.0,0.16472894,0.0,0.0,0.0,0.0,0.0,0.0,0.0,0.0,0.0,0.0,0.0,0.0,0.0,0.0,0.0,0.0,0.0
BAZ1B,0.0,0.0,0.0,0.6868571,0.77181655,0.37093928,0.38319385,0.5341896,0.0,0.81903785,0.0,0.0,0.44090223,0.0,0.0,0.0,0.0,0.0,0.0,0.0,0.0,0.0,0.0,0.0,0.5933877,0.0,0.0,0.46518326,0.0,0.0,0.0,0.0,0.0,0.0,0.0,0.0,0.0,0.0,0.0,0.0,0.0,0.0
BCL7B,0.0,0.0,0.0,0.0,0.399639,0.0,0.4023233,0.19879156,0.0,0.0,0.0,0.0,0.0,0.0,0.6868571,0.0,0.0,0.0,0.0,0.0,0.0,0.0,0.0,0.0,0.18984015,0.0,0.0,0.0,0.0,0.0,0.0,0.0,0.0,0.0,0.0,0.0,0.0,0.0,0.0,0.0,0.0,0.0
BUD23,0.0,0.0,0.0,0.0,0.0,0.68602407,0.44790858,0.55173206,0.0,0.0,0.0,0.0,0.0,0.0,0.0,0.0,0.0,0.0,0.0,0.0,0.0,0.0,0.0,0.3757476,0.8719835,0.0,0.0,0.24781856,0.0,0.0,0.0,0.0,0.0,0.0,0.0,0.0,0.0,0.0,0.0,0.0,0.0,0.6868826
EIF4H,0.6721774,0.0,0.0,0.826169,0.8407687,0.6936225,0.96503186,1.2128302,0.0,0.79216564,0.81207776,0.72303134,1.4048783,0.0,1.1548164,0.0,0.0,0.0,0.0,0.0,0.0,0.0,0.6203145,0.0,0.74833894,0.5193988,0.0,0.8425095,0.0,0.0,0.0,0.0,0.0,0.0,0.67110175,0.0,0.0,0.7562753,0.0,0.0,0.0,0.68001115
LAT2,0.74198973,0.0,0.0,0.6757159,0.0,0.3139043,0.6267796,0.0,0.0,0.5521189,0.0,0.0,0.91374826,0.0,0.77814996,0.0,0.0,0.0,0.0,0.0,0.0,0.0,0.0,0.0,0.0,1.1302866,1.5437008,0.0,0.0,0.0,0.0,0.0,0.0,0.0,0.0,0.0,0.0,0.0,0.0,0.0,0.0,0.0
RFC2,0.0,0.0,0.0,0.0,0.0,0.0,0.0,0.35840407,0.0,0.0,0.0,0.0,0.0,0.0,0.0,0.0,0.0,0.0,0.0,0.0,0.0,0.0,0.0,0.0,0.17849067,0.0,0.0,0.0,0.0,0.0,0.0,0.0,0.0,0.0,0.0,0.0,0.0,0.0,0.0,0.0,0.0,0.0
GTF2I,0.57448566,0.0,0.64440566,0.6384566,0.62361073,0.34146005,0.5909688,0.6796556,0.0,0.62781835,0.0,0.0,0.7458428,0.0,0.0,0.0,0.26572862,0.0,0.0,0.0,0.0,0.0,0.0,0.20910497,0.40393764,0.0,0.0,0.81696516,0.0,0.0,0.0,0.0,0.0,0.0,0.0,0.0,0.0,0.0,0.0,0.0,0.0,0.9015014
NCF1,0.9897175,0.0,1.4109026,0.43048418,0.0,0.53241324,0.0,0.0,0.0,0.18083665,0.0,0.0,0.0,0.0,1.3681959,0.0,0.0,0.0,1.1024966,0.0,0.0,1.5347866,0.0,0.3757476,0.8682792,1.803012,0.0,0.0,0.2789002,0.0,0.0,0.0,0.0,0.0,0.0,0.0,0.0,0.0,0.0,0.0,0.0,1.5641103
RCC1L,0.0,0.0,0.0,0.0,0.0,0.0,0.0,0.20119326,0.0,0.0,0.0,0.0,0.0,0.0,0.0,0.0,0.0,0.0,0.0,0.0,0.0,0.0,0.0,0.0,0.14813367,0.0,0.0,0.0,0.0,0.0,0.0,0.0,0.0,0.0,0.0,0.0,0.0,0.0,0.0,0.0,0.0,0.0
HIP1,0.0,0.0,0.0,0.0,0.0,0.0,0.3546848,0.0,0.0,0.0,0.0,0.0,0.0,0.0,0.0,0.0,0.0,0.0,0.0,0.0,0.0,0.0,0.0,0.0,0.0,0.0,0.0,0.0,0.0,0.0,0.0,0.0,0.0,0.0,0.0,0.0,0.0,0.0,0.0,0.0,0.0,0.0
RHBDD2,0.0,0.0,0.0,0.0,0.0,0.0,0.0,0.0,0.0,0.0,0.0,0.0,0.0,0.0,0.0,0.0,0.5321759,0.0,0.0,0.0,0.0,0.0,0.0,0.0,0.0,0.0,0.0,0.0,0.0,0.0,0.0,0.0,0.0,0.0,0.0,0.0,0.0,0.0,0.0,0.0,0.0,0.0
POR,0.0,0.0,0.0,0.0,0.0,0.0,0.33419082,0.0,0.0,0.0,0.0,0.5104259,0.0,0.0,0.0,0.0,0.0,0.0,0.0,0.0,0.0,0.0,0.0,0.0,0.0,0.0,0.0,0.0,0.0,0.0,0.0,0.0,0.0,0.0,0.0,0.0,0.0,0.0,0.0,0.0,0.0,0.0
MDH2,0.5894627,0.0,0.0,0.86133075,0.8832268,0.8421878,0.99161553,1.3043478,0.0,0.7141442,0.0,0.6602513,0.91374826,0.0,0.0,0.0,0.0,0.0,0.0,0.0,0.7247001,0.0,0.8597559,0.33253083,1.053645,0.0,0.0,1.0161092,0.0,0.0,0.6858284,0.0,0.0,0.0,0.76131934,0.0,0.0,0.8667307,0.0,0.0,0.0,0.9143455
HSPB1,0.78854465,0.0,0.0,0.712037,0.0,0.50819945,0.5384762,1.6360397,1.4874816,0.96954787,0.0,0.0,1.7012795,0.0,1.0902166,0.0,0.0,1.709137,0.0,0.0,0.0,0.0,0.8027332,0.44250843,0.0,0.0,0.0,1.2075204,0.0,0.0,0.0,0.0,0.0,0.0,0.0,2.4082952,0.84913063,0.0,0.0,0.0,0.0,0.0
YWHAG,0.0,0.0,0.0,0.36693153,0.0,0.37093928,0.37619096,0.5600125,0.0,0.23380059,0.0,0.0,0.44090223,0.0,0.0,0.0,0.0,0.44252002,0.0,0.0,0.0,0.0,0.0,0.0,0.20240685,0.0,0.0,0.46758702,0.0,0.0,0.0,0.0,0.0,0.0,0.0,0.0,0.0,0.0,0.0,0.0,0.0,0.0
FGL2,0.0,0.0,1.4127607,0.5000771,0.0,1.838287,1.1564937,0.0,0.0,0.0,0.0,0.8423759,2.6242728,0.0,0.0,0.0,0.0,0.0,0.0,0.0,0.0,0.0,1.5677066,0.0,0.0,0.0,0.0,0.0,0.0,0.0,0.0,0.0,0.0,0.0,0.0,0.0,0.0,0.0,0.0,0.0,0.0,0.0
PTPN12,0.0,0.0,0.0,0.39000362,0.6555195,0.0,0.4004618,0.0,0.0,0.0,0.0,0.0,0.0,0.0,0.0,0.0,0.0,0.33106107,0.0,1.0112988,0.0,0.0,0.0,0.0,0.0,0.0,0.0,0.0,0.0,0.0,0.0,0.0,0.0,0.0,0.0,0.0,0.0,0.0,0.0,0.0,0.0,0.0
RSBN1L,0.0,0.0,0.0,0.0,0.76148117,0.0,0.4089112,0.21530977,0.0,0.0,0.0,0.0,0.0,0.0,0.0,0.0,0.0,0.0,0.0,0.0,0.0,0.0,0.0,0.18200545,0.30893314,0.0,0.0,0.28155643,0.0,0.0,0.0,0.0,0.0,0.0,0.0,0.0,0.0,0.0,0.0,0.0,0.0,0.36583894
PHTF2,0.0,0.0,0.0,0.0,0.0,0.0,0.0,0.0,0.0,0.18155362,0.0,0.0,0.0,0.0,0.0,0.0,0.0,0.0,0.0,0.0,0.0,0.0,0.0,0.0,0.0,0.0,0.0,0.0,0.0,0.0,0.0,0.0,0.0,0.0,0.0,0.0,0.0,0.0,0.0,0.0,0.0,0.0
CD36,0.0,0.0,1.0728902,0.6747918,0.0,0.0,0.0,1.0929337,0.0,0.0,0.0,0.5046885,0.0,0.0,0.0,0.0,0.0,0.0,0.0,0.0,0.0,0.0,0.0,0.0,0.0,0.0,0.0,0.0,0.0,0.0,0.0,0.0,0.0,0.0,0.0,0.0,0.0,0.0,0.0,0.0,0.0,0.52497774
TMEM243,0.7734053,0.0,0.0,0.0,0.0,0.48598903,0.3479272,0.0,0.0,1.0289769,0.0,0.0,0.0,0.0,0.0,0.0,0.0,0.0,0.9207064,0.0,0.0,1.1651897,0.0,0.32146513,0.38135964,1.9078245,1.5883365,0.0,0.0,0.0,0.0,0.0,0.0,0.0,0.907884,0.0,0.8145584,0.0,0.0,0.0,0.0,0.5003035
DBF4,0.0,0.0,0.0,0.0,0.5543089,0.0,0.0,0.22153036,0.0,0.0,0.0,0.0,0.0,0.0,0.0,0.0,0.0,0.0,0.0,0.0,0.0,0.0,0.0,0.0,0.30059022,0.0,0.0,0.0,0.0,0.0,0.0,0.0,0.0,0.0,0.0,0.0,0.0,0.0,0.0,0.0,0.0,0.0
SRI,0.0,0.0,0.0,0.5619283,0.72232425,0.86117274,0.5682135,1.359587,0.0,0.9500345,1.0021521,0.0,0.0,0.0,0.0,0.0,0.8867693,0.0,0.0,0.0,0.0,0.0,0.6617694,0.0,0.4499066,0.0,0.0,0.731907,0.0,0.0,0.0,0.0,0.0,0.0,0.0,0.0,0.0,0.0,0.0,0.0,0.0,0.6247922
AKAP9,0.0,0.0,0.0,0.33054557,0.7449168,0.57750386,0.7275926,0.21530977,0.0,0.49282485,1.1428969,0.0,0.0,0.0,0.0,0.0,0.17624961,0.0,0.0,0.0,0.9322114,0.0,0.33432403,0.67263114,0.6121693,0.0,1.0764471,0.59128356,0.0,0.0,0.0,0.0,0.0,0.0,0.0,0.0,0.0,0.0,0.0,0.0,0.0,1.2144002
CYP51A1,0.0,0.0,0.0,0.0,0.0,0.0,0.0,0.0,0.0,0.0,0.0,0.0,0.0,0.0,0.0,0.0,0.0,0.0,0.0,0.0,0.0,0.0,0.0,0.0,0.22759601,0.0,0.0,0.0,0.0,0.0,0.0,0.0,0.0,0.0,0.0,0.0,0.0,0.0,0.0,0.0,0.0,0.0
KRIT1,0.0,0.0,0.0,0.0,0.0,0.0,0.0,0.1750664,0.0,0.36239028,0.0,0.0,0.0,0.0,0.0,0.0,0.0,0.0,0.0,0.0,0.0,0.0,0.0,0.0,0.0,0.0,0.0,0.0,0.0,0.0,0.0,0.0,0.0,0.0,0.0,0.0,0.0,0.0,0.0,0.0,0.0,0.0
RBM48,0.0,0.0,0.0,0.0,0.0,0.0,0.0,0.0,0.0,0.36239028,0.0,0.0,0.0,0.0,0.0,0.0,0.0,0.0,0.0,0.0,0.0,0.0,0.0,0.0,0.0,0.0,0.0,0.0,0.0,0.0,0.0,0.0,0.0,0.0,0.0,0.0,0.0,0.0,0.0,0.0,0.0,0.0
FAM133B,0.6719898,0.0,0.0,0.0,0.74443316,0.0,0.42269358,0.4853756,0.0,0.62309736,0.81207776,0.72981226,0.0,0.0,0.7355936,0.0,0.0,0.0,0.0,0.0,0.0,0.0,0.51949525,0.14278156,0.5518554,0.0,0.0,0.32558978,0.36464018,0.0,0.74337554,1.0784595,0.92297244,1.0659145,0.8824991,0.0,0.89220583,0.610025,1.0576859,0.0,0.0,0.68361175
CDK6,0.0,0.0,0.0,0.0,0.0,0.0,0.0,1.0798162,0.0,0.0,0.0,0.0,0.0,0.0,0.0,0.0,0.0,0.0,0.0,0.0,0.0,0.0,0.0,0.0,0.18442562,0.0,0.0,1.3247275,0.0,0.0,0.0,0.0,0.0,0.0,0.0,0.0,0.0,0.0,0.0,0.0,0.0,0.0
SAMD9,0.0,0.0,0.0,0.0,0.35765335,0.0,0.0,0.0,0.0,0.0,0.0,0.0,0.0,0.0,0.0,0.0,0.0,0.0,0.0,0.0,0.0,0.0,0.0,0.0,0.0,0.0,0.0,0.0,0.0,0.0,0.0,0.0,0.0,0.0,0.0,0.0,0.0,0.0,0.0,0.0,0.0,0.0
SAMD9L,0.0,0.0,0.0,0.0,0.0,0.0,0.0,0.0,0.0,0.0,0.0,0.0,0.0,0.0,0.0,0.0,0.0,0.0,0.0,0.0,0.0,0.0,0.0,0.0,0.14103276,0.0,0.0,0.0,0.0,0.0,0.0,0.0,0.0,0.0,0.0,0.0,0.0,0.0,0.0,0.0,0.0,0.0
GNG11,0.0,0.0,0.0,0.0,0.0,0.0,0.0,0.0,0.0,0.0,0.0,0.0,0.0,0.0,0.0,0.0,0.0,1.2613018,0.0,0.0,0.0,0.0,0.0,0.0,0.0,0.0,0.0,0.0,0.0,0.0,0.0,0.0,0.0,0.0,0.0,0.0,0.0,0.0,0.0,0.0,0.0,0.0
BET1,0.0,0.0,0.0,0.0,0.0,0.0,0.0,0.0,0.0,0.0,0.0,0.0,0.0,0.0,0.0,0.0,0.0,0.0,0.0,0.0,0.0,0.0,0.0,0.0,0.15630423,0.0,0.0,0.0,0.0,0.0,0.0,0.0,0.0,0.0,0.0,0.0,0.0,0.0,0.0,0.0,0.0,0.0
PON2,0.0,0.0,0.0,0.0,0.0,0.2875488,0.0,0.0,0.0,0.0,0.0,0.0,0.0,0.0,0.0,0.0,0.0,0.0,0.0,0.0,0.0,0.0,0.0,0.0,0.0,0.0,0.0,0.0,0.0,0.0,0.0,0.0,0.0,0.0,0.0,0.0,0.0,0.0,0.0,0.0,0.0,0.0
SEM1,0.0,0.0,0.63394594,1.0122736,0.9742399,0.7475655,0.92035997,1.089335,0.39515826,1.3125958,0.0,1.0337517,0.0,0.0,0.7355936,0.3294792,0.5881653,1.1155567,0.0,0.0,0.0,0.0,0.8091651,0.37932935,1.028297,0.0,0.76748186,1.0890868,0.0,0.0,0.0,0.0,0.0,0.0,0.0,0.0,0.0,0.7094885,0.0,0.0,0.0,0.8393421
SDHAF3,0.0,0.0,0.0,0.0,0.0,0.0,0.0,0.37054998,0.0,0.0,0.0,0.0,0.0,0.0,0.0,0.0,0.0,0.0,0.0,0.0,0.0,0.0,0.0,0.0,0.13148819,0.0,0.0,0.0,0.0,0.0,0.0,0.0,0.0,0.0,0.0,0.0,0.0,0.0,0.0,0.0,0.0,0.57389176
BRI3,0.0,2.2040088,1.8092381,1.3908911,0.0,0.7096723,1.1348141,0.0,2.045228,0.0,0.0,1.6444154,1.141807,0.0,0.0,1.0753646,0.0,0.0,0.0,0.0,0.0,0.0,1.8604492,0.0,0.17043604,0.0,0.0,0.48726982,0.0,0.0,0.0,0.0,0.0,0.0,0.0,0.0,0.0,0.0,0.0,0.0,0.0,1.2546933
TRRAP,0.0,0.0,0.0,0.0,0.0,0.0,0.0,0.0,0.0,0.44057786,0.0,0.0,0.0,0.0,0.0,0.0,0.0,0.0,0.0,0.0,0.0,0.0,0.0,0.0,0.0,0.0,0.0,0.0,0.0,0.0,0.0,0.0,0.0,0.0,0.0,0.0,0.0,0.0,0.0,0.0,0.0,0.0
ARPC1A,0.0,0.0,0.0,0.0,0.0,0.0,0.0,0.5341896,0.0,0.0,0.0,0.0,0.0,0.0,0.0,0.0,0.0,0.0,0.0,0.0,0.0,0.0,0.0,0.0,0.17849067,0.0,0.0,0.0,0.0,0.0,0.0,0.0,0.0,0.0,0.0,0.0,0.0,0.0,0.0,0.0,0.0,0.0
ARPC1B,1.6644288,1.9303445,2.2829719,2.2164145,1.9390403,2.2606544,2.4697387,0.43122965,2.306088,1.7893405,1.206956,2.2596784,1.9422761,1.126293,1.2927269,1.8435845,0.96512866,2.47527,1.2531662,1.5128881,1.3274026,0.0,2.3583446,0.27354294,1.070231,0.0,1.0910696,1.3876741,1.5397699,0.0,1.398301,1.4569213,1.153924,1.1816925,1.0143692,0.9385132,1.2515144,1.5589346,1.2694385,1.1139097,1.2260957,1.9308294
PDAP1,0.0,0.0,0.0,0.0,0.7664628,0.0,0.4363086,1.0323646,0.0,0.18083665,0.0,0.0,0.0,0.0,0.0,0.0,0.0,0.8086385,0.0,0.0,0.0,0.0,0.0,0.27917632,0.8815541,0.0,0.0,0.3896622,0.0,0.0,0.0,0.0,0.0,0.0,0.0,0.0,0.0,0.0,0.0,0.0,0.0,0.54959285
BUD31,0.0,0.0,0.0,0.60585964,0.8591717,0.28412688,0.5200598,0.6287545,0.0,0.6785321,0.72809076,0.4254868,0.0,0.0,0.0,0.0,0.0,0.0,0.0,0.0,0.80022585,0.0,0.51064384,0.14303318,0.6210105,0.0,0.0,0.44633335,0.56606364,0.0,0.0,0.0,0.0,0.0,0.0,0.0,0.0,0.0,0.0,0.0,0.0,0.5805043
CPSF4,0.0,0.0,0.0,0.0,0.0,0.0,0.0,0.16127299,0.0,0.0,0.0,0.0,0.0,0.0,0.0,0.0,0.0,0.0,0.0,0.0,0.0,0.0,0.0,0.0,0.0,0.0,0.0,0.0,0.0,0.0,0.0,0.0,0.0,0.0,0.0,0.0,0.0,0.0,0.0,0.0,0.0,0.0
ATP5MF,0.84139884,0.0,1.1143223,1.3855265,1.3107927,1.4520156,1.3291068,1.8026556,1.9091021,1.198379,0.0,1.4545013,0.91374826,0.0,0.9916867,1.0753646,0.16742863,1.6335815,0.730433,1.0658522,0.93035173,0.0,1.3016881,0.636355,1.5933149,0.0,0.0,1.2819028,1.0236688,0.0,0.783731,1.0835103,0.0,1.0184834,0.0,0.0,0.8513564,0.8930569,0.9984566,0.0,0.0,1.0795169
ZNF394,0.0,0.0,0.0,0.0,0.0,0.0,0.3044914,0.0,0.0,0.7421595,0.0,0.0,0.0,0.0,0.0,0.0,0.0,0.0,0.0,0.0,0.0,0.0,0.0,0.0,0.0,0.0,0.0,0.0,0.0,0.0,0.0,0.0,0.0,0.0,0.0,0.0,0.0,0.0,0.0,0.0,0.0,0.0
ZNF655,0.0,0.0,0.0,0.0,0.0,0.0,0.0,0.0,0.0,0.36239028,0.0,0.0,0.0,0.0,0.0,0.0,0.0,0.0,0.0,0.0,0.0,0.0,0.0,0.0,0.14780025,0.0,0.0,0.0,0.0,0.0,0.0,0.0,0.0,0.0,0.0,0.0,0.0,0.0,0.0,0.0,0.0,0.0
ZKSCAN1,0.0,0.0,0.0,0.0,0.0,0.0,0.0,0.0,0.0,0.23875955,0.0,0.0,0.0,0.0,0.0,0.0,0.0,0.0,0.0,0.0,0.0,0.0,0.0,0.0,0.0,0.0,0.0,0.2693004,0.0,0.0,0.0,0.0,0.0,0.0,0.0,0.0,0.0,0.0,0.0,0.0,0.0,0.0
COPS6,0.0,0.0,0.0,0.0,0.559595,0.34115425,0.42581785,0.6706564,0.0,0.31335935,0.0,0.0,0.0,0.0,0.0,0.0,0.0,0.0,0.0,0.0,0.0,0.0,0.0,0.2810799,0.5652776,0.0,0.0,0.3705089,0.0,0.0,0.0,0.0,0.0,0.0,0.0,0.0,0.0,0.0,0.0,0.0,0.0,0.0
MCM7,0.0,0.0,0.0,0.7545107,1.317409,0.0,0.0,1.2145227,0.0,1.0659661,0.0,0.0,0.0,0.0,0.0,0.0,0.0,0.0,0.0,0.0,0.0,0.0,0.0,0.0,0.79695255,0.0,0.0,0.823637,0.0,0.0,0.0,0.0,0.0,0.0,0.0,0.0,0.0,0.0,0.0,0.0,0.0,0.0
TAF6,0.0,0.0,0.0,0.0,0.0,0.0,0.0,0.15943319,0.0,0.0,0.0,0.0,0.0,0.0,0.0,0.0,0.0,0.0,0.0,0.0,0.0,0.0,0.0,0.0,0.0,0.0,0.0,0.0,0.0,0.0,0.0,0.0,0.0,0.0,0.0,0.0,0.0,0.0,0.0,0.0,0.0,0.0
LAMTOR4,1.1405746,0.0,1.4752463,1.555512,0.90371287,1.1294008,1.2601329,0.6796556,1.4992628,1.0366476,0.77548546,1.1278445,1.141807,0.0,0.9916867,1.0692954,1.3892395,0.6678624,0.95330155,1.0887113,1.0001647,0.0,1.4882199,0.35703316,0.7490221,0.0,0.935398,1.0769415,0.78054655,0.0,0.9387975,1.0289898,1.0484498,0.9728805,1.007751,0.8368869,0.8623574,1.0538971,0.98543584,0.8939098,1.019268,0.95054615
STAG3,0.0,0.0,0.0,0.0,0.0,0.0,0.0,0.0,0.0,0.0,0.0,0.0,0.0,0.0,0.6868571,0.0,0.0,0.0,0.0,0.0,0.0,0.0,0.0,0.0,0.0,0.0,1.3541749,0.0,0.0,0.0,0.0,0.0,0.0,0.0,0.0,0.0,0.0,0.0,0.0,0.0,0.0,0.0
PILRA,0.0,0.0,0.0,0.0,0.0,0.0,0.33295542,0.0,0.0,0.0,0.0,0.72981226,0.0,0.0,0.0,0.0,0.0,0.0,0.0,0.0,0.0,0.0,1.4896163,0.0,0.0,0.0,0.0,0.0,0.0,0.0,0.0,0.0,0.0,0.0,0.0,0.0,0.0,0.0,0.0,0.0,0.0,0.0
MEPCE,0.0,0.0,0.0,0.0,0.0,0.0,0.0,0.0,0.0,0.18083665,0.0,0.0,0.0,0.0,0.0,0.0,0.0,0.0,0.0,0.0,0.0,0.0,0.0,0.0,0.0,0.0,0.0,0.0,0.0,0.0,0.0,0.0,0.0,0.0,0.0,0.0,0.0,0.0,0.0,0.0,0.0,0.0
TSC22D4,0.0,0.0,0.0,0.0,0.63813055,0.48598903,0.40317827,0.5771646,0.0,0.23875955,0.0,0.0,0.0,0.0,0.0,0.0,0.0,0.0,0.0,0.0,0.0,0.0,0.0,0.0,0.17104095,0.0,1.1540726,0.0,0.0,0.0,0.0,0.0,0.0,0.0,0.0,0.0,0.0,0.0,0.0,0.0,0.0,0.0
LRCH4,0.0,0.0,0.0,0.0,0.0,0.0,0.38319385,0.0,0.0,0.0,0.0,0.0,0.5578004,0.0,0.0,0.0,0.0,0.0,0.0,0.0,0.0,0.0,0.0,0.0,0.0,0.0,0.0,0.0,0.0,0.0,0.0,0.0,0.0,0.0,0.0,0.0,0.0,0.0,0.0,0.0,0.0,0.0
MOSPD3,0.0,0.0,0.0,0.0,0.0,0.0,0.0,0.39471734,0.0,0.0,0.0,0.0,0.0,0.0,0.0,0.0,0.0,0.0,0.0,0.0,0.0,0.0,0.0,0.0,0.0,0.0,0.0,0.0,0.0,0.0,0.0,0.0,0.0,0.0,0.0,0.0,0.0,0.0,0.0,0.0,0.0,0.0
TFR2,0.0,0.0,0.0,0.0,0.0,0.0,0.0,0.62640435,0.0,0.0,0.0,0.0,0.0,0.0,0.0,0.0,0.0,0.0,0.0,0.0,0.0,0.0,0.0,0.0,0.0,0.0,0.0,0.0,0.0,0.0,0.0,0.0,0.0,0.0,0.0,0.0,0.0,0.0,0.0,0.0,0.0,0.0
GNB2,0.7611661,0.0,1.3855448,1.4166098,1.0913587,1.3792855,1.2958797,1.3827797,1.3865886,0.9041966,0.59476876,1.2930145,1.4048783,0.0,0.0,0.7878905,0.5388627,1.013416,0.0,0.8745191,0.0,0.0,1.6036723,0.3261398,0.7216148,1.1112143,0.9045438,0.7446603,0.843012,0.0,0.7169165,0.0,0.0,0.0,0.0,0.745571,0.0,0.90867895,0.0,0.90735483,0.0,0.90073675
GIGYF1,0.0,0.0,0.0,0.0,0.0,0.0,0.0,0.0,0.0,0.21446666,0.0,0.0,0.0,0.0,0.0,0.0,0.0,0.0,0.0,0.0,0.0,0.0,0.0,0.0,0.0,0.0,0.0,0.0,0.0,0.0,0.0,0.0,0.0,0.0,0.0,0.0,0.0,0.0,0.0,0.0,0.0,0.0
POP7,0.0,0.0,0.0,0.0,0.0,0.0,0.0,0.4941848,0.0,0.0,0.0,0.0,0.0,0.0,0.0,0.0,0.0,0.0,0.0,0.0,0.0,0.0,0.0,0.0,0.4261218,0.0,0.0,0.0,0.0,0.0,0.0,0.0,0.0,0.0,0.0,0.0,0.0,0.0,0.0,0.0,0.0,0.0
SLC12A9,0.0,0.0,0.0,0.0,0.0,0.37093928,0.42475292,0.0,0.0,0.0,0.0,0.0,0.44090223,0.0,0.0,0.0,0.0,0.0,0.0,0.0,0.0,0.0,0.0,0.0,0.0,0.0,0.0,0.0,0.0,0.0,0.0,0.0,0.0,0.0,0.0,0.0,0.0,0.0,0.0,0.0,0.0,0.0
SRRT,0.0,0.0,0.0,0.0,0.43715513,0.34549886,0.0,0.5863414,0.0,0.0,0.0,0.0,0.0,0.0,0.0,0.0,0.0,0.0,0.0,0.0,0.0,0.0,0.0,0.0,0.3683824,0.0,0.0,0.0,0.0,0.0,0.0,0.0,0.0,0.0,0.0,0.0,0.0,0.0,0.0,0.0,0.0,0.0
ZNHIT1,0.0,0.0,0.6023352,0.7848233,0.7068945,0.5137493,0.6865629,0.75575095,0.0,0.5521189,0.0,0.0,0.7257168,0.0,0.0,0.0,0.0,0.0,0.0,0.0,0.0,0.0,0.631989,0.35941315,0.6627927,0.0,0.0,0.65914434,0.0,0.0,0.0,0.0,0.0,0.0,0.0,0.0,0.0,0.0,0.0,0.0,0.0,0.707088
FIS1,0.0,0.0,0.0,0.45186067,0.63504946,0.37967432,0.77093077,1.1992376,1.1799252,0.5734832,0.0,0.6602513,0.5578004,0.0,0.77814996,0.0,0.0,0.4989978,0.0,0.0,0.8439237,0.0,0.73986447,0.5881336,0.76299435,0.0,0.0,0.73245627,0.0,0.0,0.0,0.0,0.0,0.0,0.0,0.0,0.0,0.43317908,0.0,0.0,0.0,0.7555572
CUX1,0.0,0.0,0.6226679,0.4283173,0.0,0.40235615,0.51181424,0.15827504,0.0,0.49491298,0.0,0.5073828,0.91374826,0.0,0.0,0.0,0.0,0.1662036,0.0,0.0,0.0,0.0,1.0817258,0.0,0.0,0.0,0.0,0.4100209,0.0,0.0,0.0,0.0,0.0,0.0,0.0,0.0,0.0,0.0,0.0,0.0,0.0,1.0267861
SH2B2,0.0,0.0,0.0,0.0,0.0,0.0,0.0,0.0,0.0,0.0,0.0,0.0,0.0,0.0,0.0,0.0,0.0,0.0,0.0,0.0,0.0,0.0,0.0,0.0,0.1802879,0.0,0.0,0.0,0.0,0.0,0.0,0.0,0.0,0.0,0.0,0.0,0.0,0.0,0.0,0.0,0.0,0.0
PRKRIP1,0.0,0.0,0.0,0.0,0.0,0.0,0.0,0.0,0.0,0.0,0.0,0.0,0.0,0.0,0.0,0.0,0.0,0.0,0.0,0.0,0.0,0.0,0.0,0.0,0.20380595,0.0,0.0,0.0,0.0,0.0,0.0,0.0,0.0,0.0,0.0,0.0,0.0,0.0,0.0,0.0,0.0,0.0
ORAI2,0.0,0.0,0.0,0.0,0.0,0.0,0.0,0.0,0.0,0.18083665,0.0,0.0,0.0,0.0,0.0,0.0,0.0,0.0,0.0,0.0,0.0,0.0,0.0,0.0,0.26359427,0.0,0.0,0.0,0.0,0.0,0.0,0.0,0.0,0.0,0.0,0.0,0.0,0.0,0.0,0.0,0.0,0.0
POLR2J,0.0,0.0,0.0,0.5199502,0.69209886,0.3431283,0.50284827,0.50859565,0.0,0.3960203,0.0,0.3987304,0.44090223,0.0,0.0,0.0,0.0,0.0,0.0,0.0,0.0,0.0,0.3870406,0.12970348,0.59628093,0.0,0.0,0.38242626,0.0,0.0,0.0,0.0,0.0,0.0,0.0,0.0,0.0,0.0,0.0,0.0,0.0,0.4123106
POLR2J3,0.0,0.0,0.0,0.0,0.8814,0.0,0.51747286,0.12995496,0.0,0.21446666,0.5784484,0.0,0.0,0.0,0.0,0.0,0.0,0.0,0.0,0.8194615,0.0,0.0,0.0,0.0,0.4668898,0.0,0.9506155,0.36903143,0.0,0.0,0.0,0.0,0.0,0.0,0.0,0.0,0.0,0.0,0.0,0.0,0.0,0.9903296
ARMC10,0.0,0.0,0.0,0.0,0.0,0.0,0.29905957,0.5449409,0.0,0.0,0.0,0.0,0.0,0.0,0.0,0.0,0.0,0.0,0.0,0.0,0.0,0.0,0.0,0.0,0.0,0.0,0.0,0.0,0.0,0.0,0.0,0.0,0.0,0.0,0.0,0.0,0.0,0.0,0.0,0.0,0.0,0.0
PMPCB,0.0,0.0,0.0,0.0,0.0,0.34115425,0.3007177,0.6181964,0.0,0.5978737,0.0,0.0,0.0,0.0,0.0,0.0,0.0,0.0,0.0,0.0,0.0,0.0,0.0,0.0,0.45328242,0.0,0.0,0.21328624,0.0,0.0,0.0,0.0,0.0,0.0,0.0,0.0,0.0,0.0,0.0,0.0,0.0,0.0
DNAJC2,0.0,0.0,0.0,0.0,0.0,0.0,0.3546848,0.49959043,0.0,0.18083665,0.0,0.0,0.0,0.0,0.0,0.0,0.0,0.0,0.0,0.0,0.0,0.0,0.0,0.0,0.35134384,0.0,0.0,0.2903828,0.0,0.0,0.0,0.0,0.0,0.0,0.0,0.0,0.0,0.0,0.0,0.0,0.0,0.0
PSMC2,0.0,0.0,0.0,0.0,0.0,0.0,0.3988271,0.41819102,0.0,0.23380059,0.0,0.0,0.0,0.0,0.0,0.0,0.0,0.0,0.0,0.0,0.0,0.0,0.0,0.0,0.5404828,0.0,0.0,0.0,0.0,0.0,0.0,0.0,0.0,0.0,0.0,0.0,0.0,0.0,0.0,0.0,0.0,0.0
KMT2E-AS1,0.0,0.0,0.0,0.0,0.0,0.0,0.0,0.0,0.0,0.23875955,0.0,0.0,0.0,0.0,0.0,0.0,0.0,0.0,0.0,0.0,0.0,0.0,0.0,0.0,0.0,0.0,0.0,0.0,0.0,0.0,0.0,0.0,0.0,0.0,0.0,0.0,0.0,0.0,0.0,0.0,0.0,0.0
KMT2E,1.4586918,0.0,0.0,0.4674809,0.9268291,0.50819945,0.8179616,0.37444502,0.0,0.7058399,1.2911952,0.5073828,1.3831153,1.2039261,1.2927269,0.0,0.56023806,0.0,1.2456086,1.1914955,1.1897435,1.3402711,0.6786922,0.3359303,0.5398759,1.716543,1.6065642,0.43984178,0.70938647,0.980621,1.0231327,1.1412992,1.0485702,1.1838915,0.9906212,0.8862541,0.9491572,1.1593013,1.2040895,1.1873627,1.2559866,0.8494375
SRPK2,0.0,0.0,0.0,0.0,0.5794009,0.0,0.3546848,0.0,0.0,0.0,0.0,0.0,0.0,0.0,0.7355936,0.0,0.0,0.0,0.0,0.0,0.0,0.0,0.0,0.0,0.0,0.0,0.0,0.0,0.0,0.0,0.0,0.0,0.0,0.0,0.0,0.0,0.0,0.0,0.0,0.0,0.0,0.0
PUS7,0.0,0.0,0.0,0.0,0.0,0.0,0.0,0.10066527,0.0,0.0,0.0,0.0,0.0,0.0,0.0,0.0,0.0,0.0,0.0,0.0,0.0,0.0,0.0,0.0,0.0,0.0,0.0,0.0,0.0,0.0,0.0,0.0,0.0,0.0,0.0,0.0,0.0,0.0,0.0,0.0,0.0,0.0
SYPL1,0.58264226,0.0,0.0,0.0,0.0,0.0,0.0,0.24494746,0.0,0.0,0.0,0.0,0.0,0.0,0.8421502,0.0,0.0,0.0,0.97782147,0.0,0.0,0.0,0.0,0.0,0.0,0.0,0.0,0.50104725,0.0,0.0,0.0,0.0,0.0,0.0,0.0,0.0,0.0,0.0,0.0,0.0,0.0,0.0
NAMPT,0.0,0.90542024,2.3071003,1.3430886,0.0,0.8011262,1.2027841,0.0,0.0,0.39968517,0.0,2.5149555,2.6242728,0.0,0.7355936,1.2230418,1.25875,0.0,0.0,0.0,0.0,0.0,2.2495737,0.21425852,0.39370456,0.0,0.0,0.39476734,0.0,0.0,0.0,0.0,0.0,0.0,0.0,0.0,0.0,0.0,0.0,0.0,0.0,0.0
PRKAR2B,0.0,0.0,0.0,0.0,0.0,0.0,0.0,0.77785903,0.0,0.0,0.0,0.0,0.0,0.0,0.0,0.0,0.0,1.5879674,0.0,0.0,0.0,0.0,0.0,0.0,0.0,0.0,0.0,0.0,0.0,0.0,0.0,0.0,0.0,0.0,0.0,0.0,0.0,0.0,0.0,0.0,0.0,0.0
BCAP29,0.0,0.0,0.0,0.0,0.0,0.0,0.0,0.31567276,0.0,0.0,0.0,0.0,0.0,0.0,0.0,0.0,0.0,0.0,0.0,0.0,0.0,0.0,0.0,0.0,0.0,0.0,0.0,0.0,0.0,0.0,0.0,0.0,0.0,0.0,0.0,0.0,0.0,0.0,0.0,0.0,0.0,0.0
CBLL1,0.0,0.0,0.0,0.0,0.0,0.0,0.0,0.37577614,0.0,0.0,0.0,0.0,0.0,0.0,0.0,0.0,0.0,0.0,0.0,0.0,0.0,0.0,0.0,0.0,0.0,0.0,0.0,0.0,0.0,0.0,0.0,0.0,0.0,0.0,0.0,0.0,0.0,0.0,0.0,0.0,0.0,0.0
DLD,0.0,0.0,0.0,0.0,0.0,0.0,0.0,0.5600125,0.0,0.0,0.0,0.0,0.0,0.0,0.0,0.0,0.0,0.0,0.0,0.0,0.0,0.0,0.0,0.0,0.0,0.0,0.0,0.0,0.0,0.0,0.0,0.0,0.0,0.0,0.0,0.0,0.0,0.0,0.0,0.0,0.0,0.0
PNPLA8,0.0,0.0,0.7290616,0.6376118,0.0,0.37967432,0.51747286,0.0,0.0,0.42031318,0.0,0.7063019,0.0,0.0,0.0,0.0,0.0,0.0,0.0,0.0,0.0,0.0,0.4878407,0.0,0.13131355,0.0,0.0,0.0,0.0,0.0,0.0,0.0,0.0,0.0,0.0,0.0,0.0,0.0,0.0,0.0,0.0,0.0
DNAJB9,0.0,0.0,0.0,0.0,0.0,0.34115425,0.0,0.0,0.0,0.0,0.0,0.0,0.0,0.0,0.0,0.0,0.0,0.0,0.0,0.0,0.0,0.0,0.0,0.6403107,0.14557157,0.0,0.0,0.0,0.0,0.0,0.0,0.0,0.0,0.0,0.0,0.0,0.0,0.0,0.0,0.0,0.0,0.0
DOCK4,0.0,0.0,0.0,0.0,0.0,0.0,0.0,0.0,0.0,0.0,0.0,0.0,0.5578004,0.0,0.0,0.0,0.0,0.0,0.0,0.0,0.0,0.0,0.0,0.0,0.0,0.0,0.0,0.0,0.0,0.0,0.0,0.0,0.0,0.0,0.0,0.0,0.0,0.0,0.0,0.0,0.0,0.0
ZNF277,0.0,0.0,0.0,0.0,0.0,0.0,0.0,0.0,0.0,0.4195962,0.0,0.0,0.0,0.0,0.0,0.0,0.0,0.0,0.0,0.0,0.0,0.0,0.0,0.0,0.0,0.0,0.0,0.0,0.0,0.0,0.0,0.0,0.0,0.0,0.0,0.0,0.0,0.0,0.0,0.0,0.0,0.0
IFRD1,0.7109612,0.0,0.0,0.0,0.76232296,0.38395348,0.44801056,0.0,0.0,0.18083665,0.96516603,0.3987304,0.0,0.9186975,0.8421502,0.0,0.0,0.0,0.0,0.95022655,1.4090149,0.0,0.0,0.28842568,0.24795079,0.0,0.0,0.18196619,0.0,0.0,0.71573853,0.0,0.83492076,1.1602783,0.78392553,0.8601109,0.0,0.0,1.0423498,0.9485752,0.0,0.0
MDFIC,0.0,0.0,0.0,0.0,0.0,0.0,0.0,0.0,0.0,0.4977838,0.3526248,0.0,0.0,0.0,0.0,0.0,0.0,0.0,0.0,0.0,0.0,0.0,0.0,0.0,0.20875011,0.0,0.0,0.0,0.0,0.0,0.0,0.0,0.0,0.0,0.0,0.0,0.0,0.0,0.0,0.0,0.0,0.8916851
TES,0.0,0.0,0.0,0.52295303,0.78292394,0.40235615,0.57129836,0.0,0.0,0.0,0.392094,0.0,0.0,0.0,0.0,0.0,0.0,0.0,0.0,0.0,0.0,0.0,0.61239576,0.0,0.23654889,0.0,0.0,0.0,0.0,0.0,0.0,0.0,0.0,0.0,0.0,0.0,0.0,0.0,0.0,0.0,0.0,0.0
CAPZA2,0.0,0.0,0.9500317,0.7136365,0.35019922,0.40235615,0.7566353,0.7188097,0.0,0.41463724,0.0,0.79289067,0.0,0.0,0.0,0.0,0.0,1.2491663,0.0,0.0,0.0,0.0,0.96633315,0.0,0.3339355,0.0,0.0,0.49074537,0.0,0.0,0.0,0.0,0.0,0.0,0.0,0.0,0.0,0.0,0.0,0.0,0.0,0.51888454
LSM8,0.72478276,0.0,0.0,0.5316803,0.84406114,0.5457487,0.6672891,0.68797106,0.0,0.81049556,0.0,0.0,0.0,0.0,0.0,0.0,0.0,0.0,0.0,0.0,0.0,0.0,0.5846583,0.19078834,0.6292043,0.0,0.0,0.5290212,0.0,0.0,0.0,0.0,0.0,0.0,0.0,0.0,0.6272061,0.0,0.0,0.0,0.0,0.8276042
FAM3C,0.0,0.0,0.0,0.0,0.0,0.0,0.0,0.0,0.0,0.31335935,0.0,0.0,0.0,0.0,0.0,0.0,0.0,0.0,0.0,0.0,0.0,0.0,0.0,0.27811354,0.43483728,0.0,0.0,0.0,0.0,0.0,0.0,0.0,0.0,0.0,0.0,0.0,0.0,0.0,0.0,0.0,0.0,0.0
NDUFA5,0.0,0.0,0.0,0.0,0.0,0.0,0.0,0.4413076,0.0,0.18083665,0.0,0.5073828,0.0,0.0,0.0,0.0,0.0,0.0,0.0,0.0,0.0,0.0,0.0,0.12958227,0.24736819,0.0,0.0,0.0,0.0,0.0,0.0,0.0,0.0,0.0,0.0,0.0,0.0,0.0,0.0,0.0,0.0,0.0
ZNF800,0.0,0.0,0.0,0.0,0.0,0.0,0.36171302,0.27045375,0.0,0.18155362,0.0,0.0,0.0,0.0,0.0,0.0,0.0,0.0,0.0,0.0,0.0,0.0,0.0,0.0,0.0,0.0,0.0,0.0,0.0,0.0,0.0,0.0,0.0,0.0,0.0,0.0,0.0,0.0,0.0,0.0,0.0,0.0
ARF5,0.7278692,0.0,0.0,0.0,0.58995116,1.2414505,0.7961055,0.5758032,0.0,0.8685845,0.0,0.91348,0.7257168,0.0,0.0,0.0,0.0,0.66028786,0.0,0.0,0.0,0.0,0.79641855,0.0,0.37458456,0.0,0.9181548,0.26289862,0.0,0.0,0.0,0.0,0.0,0.0,0.0,0.0,0.0,0.0,0.0,0.0,0.0,0.6456013
SND1,0.0,0.0,0.0,0.5346383,0.0,0.40235615,0.41870624,0.46045524,0.0,0.0,0.0,0.64906085,0.0,0.0,0.0,0.0,0.0,0.0,0.0,0.0,0.0,0.0,0.0,0.49670255,0.8706785,0.0,0.0,0.5434763,0.0,0.0,0.0,0.0,0.0,0.0,0.0,0.0,0.0,0.0,0.0,0.0,0.0,0.7454647
RBM28,0.0,0.0,0.0,0.0,0.0,0.0,0.0,0.1340009,0.0,0.23875955,0.0,0.0,0.0,0.0,0.0,0.0,0.0,0.0,0.0,0.0,0.0,0.0,0.0,0.0,0.0,0.0,0.0,0.0,0.0,0.0,0.0,0.0,0.0,0.0,0.0,0.0,0.0,0.0,0.0,0.0,0.0,0.0
IMPDH1,0.0,0.0,0.0,0.0,0.0,0.40020192,0.3664031,0.1340009,0.0,0.0,0.0,0.0,0.0,0.0,0.0,0.0,0.0,0.0,0.0,0.0,0.0,0.0,0.0,0.0,0.18984015,0.0,0.0,0.0,0.0,0.0,0.0,0.0,0.0,0.0,0.0,0.0,0.0,0.0,0.0,0.0,0.0,0.0
METTL2B,0.0,0.0,0.0,0.0,0.0,0.0,0.0,0.0,0.0,0.21446666,0.0,0.0,0.0,0.0,0.0,0.0,0.0,0.0,0.0,0.0,0.0,0.0,0.0,0.0,0.0,0.0,0.0,0.0,0.0,0.0,0.0,0.0,0.0,0.0,0.0,0.0,0.0,0.0,0.0,0.0,0.0,0.0
CALU,0.0,0.0,0.0,0.3038022,0.0,0.0,0.0,0.16784665,0.0,0.0,0.0,0.0,0.0,0.0,0.0,0.0,0.1692653,0.0,0.0,0.0,0.0,0.0,0.0,0.38277814,0.6901606,0.0,0.0,0.3181697,0.0,0.0,0.0,0.0,0.0,0.0,0.0,0.0,0.0,0.0,0.0,0.0,0.0,0.0
ATP6V1F,1.03034,2.1226137,1.0362387,0.9811485,0.83614147,1.1772618,1.0223343,0.72480476,1.9363663,0.63381934,0.0,1.6444154,1.4347595,0.0,0.0,0.0,0.58144957,0.92329437,0.0,0.0,0.0,0.0,1.1097149,0.3651449,0.9015557,0.0,0.0,0.77766246,0.27147388,0.0,0.0,0.0,0.0,0.0,0.0,0.0,0.0,0.0,0.0,0.0,0.0,0.7727773
IRF5,0.0,0.0,0.0,0.0,0.0,0.3139043,0.33419082,0.0,0.0,0.0,0.0,0.0,0.0,0.0,0.0,0.0,0.0,0.0,0.0,0.0,0.0,0.0,0.0,0.0,0.0,0.0,0.0,0.0,0.0,0.0,0.0,0.0,0.0,0.0,0.0,0.0,0.0,0.0,0.0,0.0,0.0,0.0
TSPAN33,0.0,0.0,0.0,0.0,0.0,0.8047989,0.2934634,0.0,0.0,0.18155362,0.0,0.0,0.0,0.0,0.0,0.0,0.0,0.0,0.0,0.0,0.0,0.0,0.0,0.0,0.0,0.0,0.0,0.0,0.0,0.0,0.0,0.0,0.0,0.0,0.0,0.0,0.0,0.0,0.0,0.0,0.0,0.0
UBE2H,0.0,0.0,0.0,0.0,0.0,0.0,0.0,0.0,0.0,0.0,0.0,0.0,0.44090223,0.0,0.0,0.0,0.0,0.0,0.0,0.0,0.0,0.0,0.0,0.0,0.23452023,0.0,0.0,0.0,0.0,0.0,0.0,0.0,0.0,0.0,0.0,0.0,0.0,0.0,0.0,0.0,0.0,0.0
LINC-PINT,0.6535427,0.0,0.0,0.0,0.0,0.0,0.3404857,0.0,0.0,0.0,0.0,0.5073828,0.0,1.092253,0.0,0.0,0.0,0.0,0.6499636,0.0,0.0,0.0,0.0,0.37242055,0.44305977,0.0,0.0,0.0,0.0,1.89746,1.258146,1.2191644,1.3984157,1.2862499,0.9680428,0.0,0.0,1.3200169,1.2911952,1.1423154,1.6515319,1.2097013
MKLN1,0.0,0.0,0.0,0.0,0.0,0.0,0.0,0.0,0.0,0.3960203,0.0,0.0,0.0,0.0,0.0,0.0,0.0,0.0,0.0,0.0,0.0,0.0,0.0,0.0,0.0,0.0,0.0,0.0,0.0,0.0,0.0,0.0,0.0,0.0,0.0,0.0,0.0,0.0,0.0,0.0,0.0,0.0
CHCHD3,0.0,0.0,0.0,0.0,0.0,0.0,0.0,0.72934496,0.0,0.42031318,0.0,0.0,0.44090223,0.0,0.0,0.0,0.0,0.0,0.0,0.0,0.0,0.0,0.0,0.0,0.2975178,0.0,0.0,0.21906415,0.0,0.0,0.0,0.0,0.0,0.0,0.0,0.0,0.0,0.0,0.0,0.0,0.0,0.0
AKR1B1,0.0,0.0,0.0,0.0,0.0,0.34115425,0.35860544,0.0,0.0,0.4153542,0.0,0.0,0.7458428,0.0,0.7355936,0.0,0.5826863,0.0,0.0,0.0,0.0,0.0,0.0,0.0,0.43104085,0.0,0.0,0.0,0.0,0.0,0.0,0.0,0.0,0.0,0.0,0.0,0.0,0.0,0.0,0.0,0.0,0.0
CALD1,0.0,0.0,0.0,0.0,0.0,0.0,0.0,0.0,0.0,0.0,0.0,0.0,0.0,0.0,0.0,0.0,0.0,0.4646682,0.0,0.0,0.0,0.0,0.0,0.0,0.0,0.0,0.0,0.0,0.0,0.0,0.0,0.0,0.0,0.0,0.0,0.0,0.0,0.0,0.0,0.0,0.0,0.0
CYREN,0.0,0.0,0.0,0.0,0.0,0.0,0.0,0.18107352,0.0,0.0,0.0,0.0,0.0,0.0,0.0,0.0,0.0,0.0,0.0,0.0,0.0,0.0,0.0,0.0,0.0,0.0,0.0,0.0,0.0,0.0,0.0,0.0,0.0,0.0,0.0,0.0,0.0,0.0,0.0,0.0,0.0,0.0
STMP1,0.0,0.0,0.72986794,0.6856111,0.59226656,0.59812146,0.6290406,0.72302043,0.0,0.3960203,0.0,0.8423759,0.7257168,0.0,0.0,0.0,1.0116075,1.016673,0.0,0.0,0.0,0.0,0.77621996,0.0,0.25475153,0.0,0.0,0.71059966,0.0,0.0,0.0,0.0,0.0,0.0,0.0,0.0,0.0,0.0,0.0,0.0,0.0,0.6727229
MTPN,1.3638463,0.6586133,1.2906537,1.383837,1.075556,0.8435441,1.3475732,0.47822505,0.0,1.2953644,0.0,1.1521438,0.91374826,0.0,0.8421502,0.0,0.5930557,1.6341106,1.0798395,1.0006812,0.885124,1.2267766,1.484812,0.0,0.5116804,1.3848687,1.1254485,0.94271415,0.5865849,0.0,0.0,0.68629557,0.0,0.0,0.0,0.0,0.0,0.0,0.0,0.0,0.0,1.2737479
CREB3L2,0.0,0.0,0.0,0.0,0.0,0.0,0.0,0.0,0.0,0.0,0.0,0.0,0.0,0.0,0.0,0.0,0.0,0.0,0.0,0.0,0.0,0.0,0.0,0.65892076,0.31705543,0.0,0.0,0.0,0.0,0.0,0.0,0.0,0.0,0.0,0.0,0.0,0.0,0.0,0.0,0.0,0.0,0.5224696
ZC3HAV1,0.6760944,0.0,0.0,0.384978,0.7295064,0.57750386,0.59538877,0.0,0.0,0.5449097,0.48630244,0.0,0.44090223,0.77390856,0.0,0.0,0.0,0.0,0.0,0.0,0.0,0.0,0.0,0.0,0.13528816,0.0,0.0,0.39246452,0.33294207,0.0,0.9099184,0.9421288,0.92627573,0.0,0.8316113,1.3920283,0.8585786,0.89553505,0.9752388,1.1168044,0.9661733,0.43133622
FMC1,0.0,0.0,0.0,0.0,0.0,0.0,0.0,0.27055314,0.0,0.0,0.0,0.0,0.0,0.0,0.0,0.0,0.0,0.0,0.0,0.0,0.0,0.0,0.0,0.0,0.0,0.0,0.0,0.07284634,0.0,0.0,0.0,0.0,0.0,0.0,0.0,0.0,0.0,0.0,0.0,0.0,0.0,0.0
LUC7L2,0.7611661,0.0,0.0,0.54332405,0.84653956,0.48126704,0.42581785,0.7440994,0.0,0.5471599,0.0,0.47305363,0.0,0.0,0.0,0.0,0.0,0.0,0.0,0.0,0.0,0.0,0.0,0.0,0.48633862,0.0,0.0,0.513837,0.19114219,0.0,0.0,0.0,0.0,0.0,0.0,0.0,0.0,0.0,0.0,0.0,0.0,0.537671
HIPK2,0.0,0.0,0.0,0.0,0.0,0.0,0.38319385,0.0,0.0,0.0,0.0,0.82655406,0.0,0.0,0.0,0.0,0.0,0.0,0.0,0.0,0.0,0.0,0.0,0.13913608,0.38631612,0.0,0.0,0.0,0.0,0.0,0.0,0.0,0.0,0.0,0.0,0.0,0.0,0.0,0.0,0.0,0.0,0.0
TBXAS1,0.0,0.0,0.5899818,0.0,0.0,0.0,0.42581785,0.0,0.0,0.0,0.0,1.3961244,0.5578004,0.0,0.0,0.0,0.0,0.15586856,0.0,0.0,0.0,0.0,1.1385171,0.0,0.0,0.0,0.0,0.0,0.0,0.0,0.0,0.0,0.0,0.0,0.0,0.0,0.0,0.0,0.0,0.0,0.0,0.0
MKRN1,0.0,0.0,0.0,0.3621567,0.0,0.4165121,0.528968,0.22824296,0.0,0.44826725,0.0,0.0,0.0,0.0,0.0,0.0,0.0,0.53125113,0.0,0.0,0.0,0.0,0.5704118,0.0,0.124119386,0.0,0.0,0.0,0.0,0.0,0.0,0.0,0.0,0.0,0.0,0.0,0.0,0.0,0.0,0.0,0.0,0.0
NDUFB2,0.92434573,1.2629145,0.8271691,1.0608811,1.4100775,1.2332883,1.194087,1.1465466,1.2367342,1.3521245,0.59476876,1.0883627,1.4347595,0.88420546,0.7355936,0.6390153,0.8078269,0.8520433,0.0,1.2576954,1.13193,0.0,1.1618792,0.5716675,1.109764,0.0,0.0,1.0519762,0.7946085,0.0,0.80857635,1.1074226,0.76971537,0.95423394,0.74537754,0.0,0.81336844,0.8057569,0.90036196,0.0,0.0,0.84585285
BRAF,0.0,0.0,0.0,0.0,0.0,0.0,0.0,0.0,0.0,0.0,0.0,0.0,0.0,0.0,0.7355936,0.0,0.0,0.0,0.0,0.0,0.0,0.0,0.0,0.0,0.0,0.0,0.0,0.0,0.0,0.0,0.0,0.0,0.0,0.0,0.0,0.0,0.0,0.0,0.0,0.0,0.0,0.0
MRPS33,0.0,0.0,0.0,0.0,0.0,0.28305006,0.30505306,0.54411274,0.0,0.0,0.0,0.0,0.0,0.0,0.0,0.0,0.0,0.0,0.0,0.0,0.0,0.0,0.0,0.1300091,0.6210105,0.0,0.0,0.35785875,0.0,0.0,0.0,0.0,0.0,0.0,0.0,0.0,0.0,0.0,0.0,0.0,0.0,0.0
SSBP1,0.0,0.0,0.0,0.7536468,0.94404435,0.48598903,0.8378116,1.2541933,0.0,0.47907245,0.0,0.5073828,0.0,0.0,0.6868571,0.0,0.0,0.0,0.0,0.0,0.0,0.0,0.55264777,0.24548532,1.0808096,0.0,0.0,1.0329545,0.0,0.0,0.8206345,0.0,0.71477777,0.0,0.9055958,0.0,0.7680389,0.8366231,0.0,0.0,0.9661733,0.78607965
ENSG00000211751,0.0,0.0,0.0,0.0,0.79175293,0.0,0.0,0.0,0.0,0.0,1.3838991,0.0,0.0,0.0,0.0,0.0,0.0,0.0,0.0,1.2360535,0.9059909,0.0,0.0,0.0,0.0,0.0,0.0,0.0,0.0,0.0,0.78038514,1.4841521,0.99943197,1.256535,0.7497792,0.0,0.0,0.9523718,1.3328241,0.0,0.0,0.0
ENSG00000211772,0.7233591,0.0,0.0,0.0,1.2263103,0.0,0.0,0.0,0.0,0.0,1.049655,0.0,0.0,1.6018018,0.0,0.45991644,0.0,0.0,0.8635104,1.2307086,1.116252,0.0,0.0,0.0,0.0,0.0,0.0,0.0,0.9217175,0.0,1.7365253,1.9143572,1.8695633,1.7937518,1.9453104,1.1517003,1.5389408,2.1222901,1.8557751,1.6312292,1.809477,0.0
KEL,0.0,0.0,0.0,0.0,0.0,0.0,0.0,0.16928208,0.0,0.0,0.0,0.0,0.0,0.0,0.0,0.0,0.0,0.0,0.0,0.0,0.0,0.0,0.0,0.0,0.0,0.0,0.0,0.0,0.0,0.0,0.0,0.0,0.0,0.0,0.0,0.0,0.0,0.0,0.0,0.0,0.0,0.0
GSTK1,0.78308517,0.4366376,0.7915355,0.70559454,0.8122765,1.4429857,1.1073209,0.6482765,0.0,0.7565536,0.67302287,1.0209692,0.7257168,1.0330517,0.6868571,0.6688871,0.0,0.0,0.8390038,0.0,0.0,0.0,1.3037773,0.33886647,0.40787116,0.0,0.0,0.70679647,0.7527058,0.0,1.4732987,1.1186743,1.3447642,1.0574414,1.222619,1.4100654,0.9542333,1.4827905,1.1223645,1.4067374,1.2398783,0.8229263
ZYX,0.0,0.0,1.2700522,1.2366269,0.30163068,1.8162649,1.2358224,0.0,0.39515826,0.23380059,0.0,1.5324111,1.141807,0.0,0.0,0.0,0.0,2.584517,0.0,0.0,0.0,0.0,1.3888836,0.0,0.0,0.0,0.0,0.32064772,0.0,0.0,0.0,0.0,0.0,0.0,0.0,0.0,0.0,0.0,0.0,0.0,0.0,0.68415093
CUL1,0.0,0.0,0.0,0.0,0.0,0.0,0.33295542,0.14439867,0.0,0.41463724,0.0,0.0,0.0,0.0,0.0,0.0,0.0,0.0,0.0,0.0,0.0,0.0,0.0,0.0,0.14598884,0.0,0.0,0.0,0.0,0.0,0.0,0.0,0.0,0.0,0.0,0.0,0.0,0.0,0.0,0.0,0.0,0.0
EZH2,0.0,0.0,0.0,0.0,0.9629331,0.0,0.0,0.27202302,0.0,0.7432592,0.0,0.0,0.0,0.0,0.0,0.0,0.0,0.0,0.0,0.0,0.0,0.0,0.0,0.0,0.33617535,0.0,0.0,0.0,0.0,0.0,0.0,0.0,0.0,0.0,0.0,0.0,0.0,0.0,0.0,0.0,0.0,0.0
PDIA4,0.0,0.0,0.0,0.54497766,0.0,0.5137493,0.0,0.15944593,0.0,0.0,0.0,0.0,1.141807,0.0,0.0,0.0,0.0,0.0,0.0,0.0,0.0,0.0,0.0,0.9216946,1.523779,0.0,0.0,0.45200983,0.0,0.0,0.0,0.0,0.0,0.0,0.0,0.0,0.0,0.0,0.0,0.0,0.0,0.7800011
ZNF467,0.0,0.0,0.0,0.0,0.0,0.3556153,0.0,0.0,0.0,0.0,0.0,0.0,0.0,0.0,0.0,0.0,0.0,0.0,0.0,0.0,0.0,0.0,0.0,0.0,0.0,0.0,0.0,0.0,0.0,0.0,0.0,0.0,0.0,0.0,0.0,0.0,0.0,0.0,0.0,0.0,0.0,0.0
ATP6V0E2,0.0,0.0,0.0,0.0,0.0,0.0,0.0,0.0,0.0,0.18155362,0.0,0.0,0.0,0.0,0.0,0.0,0.0,0.0,0.0,0.0,0.0,0.0,0.0,0.0,0.0,0.0,0.0,0.0,0.0,0.0,0.0,0.0,0.0,0.0,0.0,0.0,0.0,0.0,0.0,0.0,0.0,0.0
REPIN1,0.0,0.0,0.0,0.0,0.0,0.6017931,0.29905957,0.2796203,0.0,0.0,0.0,0.0,0.0,0.0,0.0,0.0,0.0,0.0,0.0,0.0,0.0,0.0,0.0,0.0,0.0,0.0,0.0,0.0,0.0,0.0,0.0,0.0,0.0,0.0,0.0,0.0,0.0,0.0,0.0,0.0,0.0,0.6239315
GIMAP7,0.0,0.0,0.0,0.0,1.0527222,0.0,0.0,0.0,0.0,0.0,0.0,0.0,0.0,0.0,0.0,0.0,0.0,0.0,0.0,1.1609555,0.7777872,0.0,0.0,0.0,0.0,0.0,0.0,0.0,0.0,0.0,0.9717541,1.0706797,1.0536537,0.0,1.0503796,1.0258478,0.90262204,0.8219184,1.0811875,0.6491481,0.0,0.0
GIMAP4,0.0,0.0,0.0,0.0,0.7518967,0.0,0.0,0.0,0.0,0.0,0.0,0.0,0.0,0.0,0.0,0.0,0.0,0.0,0.0,0.0,0.0,0.0,0.57460594,0.0,0.0,0.0,0.0,0.0,0.0,0.0,0.79481626,1.0683541,0.83691984,0.0,0.8857096,0.9474273,0.8183625,0.8403492,1.0074197,0.94203264,0.0,0.0
GIMAP1,0.0,0.0,0.0,0.0,0.0,0.0,0.0,0.0,0.0,0.0,0.0,0.0,0.0,0.0,0.0,0.0,0.0,0.0,0.0,0.0,0.0,0.0,0.0,0.0,0.0,0.0,0.0,0.0,0.0,0.0,0.81547076,0.0,0.8282567,0.0,0.9459176,0.7338278,0.85405934,0.8392277,0.0,0.0,0.0,0.0
GIMAP5,0.0,0.0,0.0,0.0,0.0,0.0,0.0,0.0,0.0,0.0,0.0,0.0,0.0,0.0,0.0,0.0,0.0,0.0,0.0,0.0,0.0,0.0,0.0,0.0,0.0,0.0,0.0,0.0,0.0,0.0,0.0,0.0,0.0,0.0,0.5878787,0.6727957,0.0,0.0,0.0,0.0,0.0,0.0
TMEM176B,0.0,0.0,0.0,0.0,0.0,0.0,0.0,0.0,0.0,0.0,0.0,0.0,1.5203841,0.0,0.0,0.0,0.0,0.0,0.0,0.0,0.0,0.0,0.42129076,0.0,0.0,0.0,0.0,0.0,0.0,0.0,0.0,0.0,0.0,0.0,0.0,0.0,0.0,0.0,0.0,0.0,0.0,0.0
TMEM176A,0.0,0.0,0.0,0.0,0.0,0.0,0.0,0.0,0.0,0.0,0.0,0.0,0.44090223,0.0,0.0,0.0,0.0,0.0,0.0,0.0,0.0,0.0,0.0,0.0,0.0,0.0,0.0,0.0,0.0,0.0,0.0,0.0,0.0,0.0,0.0,0.0,0.0,0.0,0.0,0.0,0.0,0.0
KCNH2,0.0,0.0,0.0,0.0,0.0,0.0,0.0,1.8299822,0.0,0.0,0.0,0.0,0.0,0.0,0.0,0.0,0.0,0.0,0.0,0.0,0.0,0.0,0.0,0.0,0.0,0.0,0.0,0.0,0.0,0.0,0.0,0.0,0.0,0.0,0.0,0.0,0.0,0.0,0.0,0.0,0.0,0.0
ABCB8,0.0,0.0,0.0,0.0,0.0,0.0,0.0,0.0,0.0,0.0,0.0,0.0,0.0,0.0,0.0,0.0,0.0,0.0,0.0,0.0,0.0,0.0,0.0,0.0,0.07294999,0.0,0.0,0.0,0.0,0.0,0.0,0.0,0.0,0.0,0.0,0.0,0.0,0.0,0.0,0.0,0.0,0.0
FASTK,0.0,0.0,0.0,0.0,0.0,0.0,0.0,0.14261837,0.0,0.0,0.0,0.0,0.0,0.0,0.0,0.0,0.0,0.0,0.0,0.0,0.0,0.0,0.0,0.0,0.24795079,0.0,0.0,0.0,0.0,0.0,0.0,0.0,0.0,0.0,0.0,0.0,0.0,0.0,0.0,0.0,0.0,0.0
TMUB1,0.0,0.0,0.0,0.0,0.42620277,0.37521976,0.0,0.0,0.0,0.0,0.0,0.0,0.0,0.0,0.0,0.0,0.0,0.0,0.0,0.0,0.0,0.0,0.0,0.0,0.3241825,0.0,0.0,0.0,0.0,0.0,0.0,0.0,0.0,0.0,0.0,0.0,0.0,0.0,0.0,0.0,0.0,0.0
ABCF2,0.0,0.0,0.0,0.0,0.0,0.0,0.0,0.3134331,0.0,0.0,0.0,0.0,0.0,0.0,0.0,0.0,0.0,0.0,0.0,0.0,0.0,0.0,0.0,0.0,0.0,0.0,0.0,0.0,0.0,0.0,0.0,0.0,0.0,0.0,0.0,0.0,0.0,0.0,0.0,0.0,0.0,0.0
NUB1,0.0,0.0,0.0,0.0,0.4025948,0.3977822,0.3996023,0.0,0.0,0.0,0.0,0.0,0.0,0.0,0.0,0.0,0.0,0.0,0.0,0.0,0.0,0.0,0.0,0.0,0.0,0.0,0.0,0.0,0.0,0.0,0.0,0.0,0.0,0.0,0.0,0.0,0.0,0.0,0.0,0.0,0.0,0.5399058
RHEB,0.0,0.0,0.0,0.303092,0.85551476,0.27226898,0.4026517,0.6798957,0.0,0.5482596,0.0,0.5221987,0.0,0.0,0.0,0.0,0.0,1.1708187,0.0,0.0,0.0,0.0,0.0,0.16702053,0.2500447,0.0,0.0,0.2836931,0.0,0.0,0.0,0.0,0.0,0.0,0.0,0.0,0.0,0.0,0.0,0.0,0.0,0.0
PRKAG2,0.0,0.0,0.0,0.0,0.0,0.0,0.38106546,0.0,0.0,0.0,0.0,0.5221987,0.44090223,0.0,0.0,0.0,0.0,0.0,0.0,0.0,0.0,0.0,0.0,0.0,0.0,0.0,0.0,0.0,0.0,0.0,0.0,0.0,0.0,0.0,0.0,0.0,0.0,0.0,0.0,0.0,0.0,0.0
KMT2C,0.65283537,0.0,0.66356814,0.5077909,0.5234889,0.3556153,0.68434,0.0,0.0,0.6028327,0.0,0.4963503,1.3831153,0.0,0.0,0.0,0.0,0.0,0.0,0.0,0.0,0.0,0.6203145,0.19102594,0.24736819,0.0,0.0,0.26807967,0.0,0.0,0.0,0.0,0.0,0.0,0.0,0.0,0.0,0.0,0.0,0.0,0.0,0.5087148
INSIG1,0.0,0.0,0.0,0.0,0.0,0.7710557,0.40476632,0.0,0.0,0.18155362,0.0,0.6449004,0.0,0.0,0.0,0.0,0.0,0.0,0.0,0.0,0.0,0.0,0.6726482,0.0,0.0,0.0,0.0,0.0,0.0,0.0,0.0,0.0,0.0,0.0,0.0,0.0,0.0,0.0,0.0,0.0,0.0,0.0
RBM33,0.0,0.0,0.0,0.0,0.0,0.0,0.41995525,0.0,0.0,0.18083665,0.0,0.0,0.44090223,0.0,0.0,0.0,0.0,0.0,0.0,0.0,0.0,0.0,0.0,0.11111429,0.24836549,0.0,0.0,0.0,0.0,0.0,0.0,0.0,0.0,0.0,0.0,0.0,0.0,0.0,0.0,0.0,0.0,0.0
DNAJB6,0.8401995,0.0,0.676332,0.5911506,0.7796192,0.7064579,0.6652854,0.5587814,0.0,0.49529564,0.94255817,0.5950968,1.141807,1.0497756,0.0,0.0,0.0,0.9753034,0.0,1.0793887,0.9298854,0.0,0.66261077,0.0,0.31705543,0.0,1.0257652,0.7230891,0.57139945,0.0,0.64636755,1.08708,0.71477777,1.1269977,0.0,0.9997366,0.0,0.5335475,1.0751737,1.0519532,0.0,0.52470803
NCAPG2,0.0,0.0,0.0,0.0,0.0,0.0,0.0,0.0,0.0,0.47256014,0.0,0.0,0.0,0.0,0.0,0.0,0.0,0.0,0.0,0.0,0.0,0.0,0.0,0.0,0.0,0.0,0.0,0.0,0.0,0.0,0.0,0.0,0.0,0.0,0.0,0.0,0.0,0.0,0.0,0.0,0.0,0.0
ERICH1,0.5121089,0.0,0.0,0.0,0.0,0.0,0.29905957,0.0,0.0,0.3960203,0.0,0.0,0.0,0.0,0.0,0.0,0.0,0.0,0.0,0.0,0.0,0.0,0.6033021,0.0,0.1802879,0.0,0.935398,0.0,0.0,0.0,0.0,0.0,0.0,0.0,0.0,0.0,0.0,0.0,0.0,0.0,0.0,0.0
CLN8,0.0,0.0,0.0,0.0,0.0,0.0,0.0,0.0,0.0,0.0,0.0,0.0,0.0,0.0,0.0,0.0,0.0,0.0,0.0,0.0,0.0,0.0,0.0,0.0,0.0,0.0,0.0,0.0,0.0,0.0,0.0,0.0,0.0,0.0,0.0,0.0,0.0,0.0,0.0,0.0,0.0,0.89963377
AGPAT5,0.0,0.0,0.0,0.0,0.0,0.0,0.0,0.26853213,0.0,0.0,0.0,0.0,0.0,0.0,0.0,0.0,0.0,0.0,0.0,0.0,0.0,0.0,0.0,0.0,0.0,0.0,0.0,0.0,0.0,0.0,0.0,0.0,0.0,0.0,0.0,0.0,0.0,0.0,0.0,0.0,0.0,0.0
ERI1,0.0,0.0,0.0,0.0,0.0,0.0,0.0,0.089526,0.0,0.0,0.0,0.0,0.0,0.0,0.0,0.0,0.0,0.0,0.0,0.0,0.0,0.0,0.0,0.0,0.0,0.0,0.0,0.0,0.0,0.0,0.0,0.0,0.0,0.0,0.0,0.0,0.0,0.0,0.0,0.0,0.0,0.0
PINX1,0.0,0.0,0.0,0.0,0.0,0.0,0.0,0.0,0.0,0.0,0.0,0.0,0.0,0.0,0.0,0.0,0.0,0.0,0.0,0.0,0.0,0.0,0.0,0.0,0.14780025,0.0,0.0,0.0,0.0,0.0,0.0,0.0,0.0,0.0,0.0,0.0,0.0,0.0,0.0,0.0,0.0,0.0
BLK,0.92434573,0.0,0.0,0.0,0.0,0.0,0.0,0.0,0.0,0.0,0.0,0.0,0.0,0.0,0.0,0.0,0.0,0.0,1.0339851,0.0,0.0,0.0,0.0,0.0,0.0,0.0,0.0,0.0,0.0,0.0,0.0,0.0,0.0,0.0,0.0,0.0,0.0,0.0,0.0,0.0,0.0,0.0
FDFT1,0.53828317,0.0,0.0,0.32021874,0.5762955,0.40578204,0.47396737,0.24555804,0.0,0.7272154,0.0,0.0,0.0,0.0,0.0,0.0,0.0,0.0,0.0,0.0,0.0,0.0,0.0,0.0,0.3220604,0.0,0.0,0.48796642,0.0,0.0,0.0,0.0,0.0,0.0,0.0,0.0,0.0,0.0,0.0,0.0,0.0,0.0
CTSB,0.0,2.2670116,1.9508798,1.6066654,0.0,0.0,1.2364,0.39161706,2.833364,0.18155362,0.0,2.7061138,3.5654113,0.0,1.0902166,0.7151511,0.32425553,0.0,0.0,0.0,0.0,0.0,1.9177333,0.0,0.0,0.0,0.0,0.27911362,0.0,0.0,0.0,0.0,0.0,0.0,0.0,0.0,0.0,0.0,0.0,0.0,0.0,1.8374732
ENSG00000283674,0.0,0.0,0.0,0.0,0.0,0.0,0.0,0.0,0.0,0.25902426,0.0,0.0,0.0,0.0,0.0,0.0,0.0,0.0,0.0,0.0,0.0,0.0,0.0,0.0,0.0,0.0,0.0,0.0,0.0,0.0,0.0,0.0,0.0,0.0,0.0,0.0,0.0,0.0,0.0,0.0,0.0,0.0
MSR1,0.0,1.7755289,0.0,0.0,0.0,0.0,0.0,0.0,0.0,0.0,0.0,0.0,0.0,0.0,0.0,0.0,0.0,0.0,0.0,0.0,0.0,0.0,0.0,0.0,0.0,0.0,0.0,0.0,0.0,0.0,0.0,0.0,0.0,0.0,0.0,0.0,0.0,0.0,0.0,0.0,0.0,0.0
ZDHHC2,0.0,0.0,0.0,0.0,0.0,0.0,0.0,0.0,0.0,0.18083665,0.0,0.0,0.0,0.0,0.0,0.0,0.0,0.0,0.0,0.0,0.0,0.0,0.0,0.0,0.0,0.0,0.0,0.0,0.0,0.0,0.0,0.0,0.0,0.0,0.0,0.0,0.0,0.0,0.0,0.0,0.0,0.0
CNOT7,0.0,0.0,0.0,0.0,0.0,0.34115425,0.38839248,0.58418286,0.0,0.18083665,0.0,0.0,0.0,0.0,0.0,0.0,0.0,0.0,0.0,0.0,0.0,0.0,0.0,0.0,0.20406052,0.0,0.0,0.38762516,0.0,0.0,0.0,0.0,0.0,0.0,0.0,0.0,0.0,0.0,0.0,0.0,0.0,0.17587379
PCM1,0.7611661,0.0,0.0,0.5892661,0.82500947,0.0,0.47396737,0.6135126,0.0,0.62781835,1.064357,0.0,1.141807,0.0,0.0,0.0,0.0,0.0,0.0,0.0,0.0,0.0,0.0,0.0,0.17900646,0.0,0.0,0.68385375,0.0,0.0,0.0,0.0,0.0,0.0,0.0,0.0,0.0,0.0,0.0,0.0,0.0,0.8176202
ASAH1,0.510213,1.9932405,1.5728021,0.8477585,0.0,0.38395348,0.83359367,0.24168527,0.0,0.23875955,0.0,1.5155432,1.1682736,0.0,0.7355936,0.0,0.75145555,0.0,0.0,0.0,0.0,0.0,1.9187603,0.2391837,0.20105934,0.0,0.0,0.5197797,0.0,0.0,0.0,0.0,0.0,0.0,0.0,0.0,0.0,0.0,0.0,0.0,0.0,0.0
INTS10,0.0,0.0,0.0,0.0,0.0,0.3431283,0.367315,0.25306308,0.0,0.18083665,0.0,0.0,0.0,0.0,0.0,0.0,0.0,0.0,0.0,0.0,0.0,0.0,0.0,0.0,0.24767917,0.0,0.0,0.32842374,0.0,0.0,0.0,0.0,0.0,0.0,0.0,0.0,0.0,0.0,0.0,0.0,0.0,0.5203507
ATP6V1B2,0.0,0.0,0.38704014,0.0,0.0,0.0,0.42593443,0.0,0.0,0.0,0.0,0.5221987,0.0,0.0,0.0,0.0,0.0,0.0,0.0,0.0,0.0,0.0,0.0,0.0,0.0,0.0,0.0,0.0,0.0,0.0,0.0,0.0,0.0,0.0,0.0,0.0,0.0,0.0,0.0,0.0,0.0,0.0
GFRA2,0.0,0.0,0.0,0.0,0.0,0.0,0.0,0.0,0.0,0.0,0.0,0.0,0.44090223,0.0,0.0,0.0,0.0,0.0,0.0,0.0,0.0,0.0,0.0,0.0,0.0,0.0,0.0,0.0,0.0,0.0,0.0,0.0,0.0,0.0,0.0,0.0,0.0,0.0,0.0,0.0,0.0,0.0
DOK2,0.0,0.0,0.0,0.0,0.8862123,0.0,0.8342074,0.0,0.0,0.0,0.0,0.4254868,0.7257168,0.0,0.0,0.0,0.0,0.20231724,0.0,1.1508865,0.98354775,0.0,0.8998668,0.0,0.0,0.0,0.0,0.0,0.0,0.0,0.0,0.96582055,0.0,0.0,0.0,0.9778264,0.0,0.96870136,0.0,0.9423192,0.0,0.0
DMTN,0.0,0.0,0.0,0.0,0.0,0.0,0.0,0.0,0.0,0.0,0.0,0.0,0.0,0.0,0.0,0.0,0.0,0.90298355,0.0,0.0,0.0,0.0,0.0,0.0,0.0,0.0,0.0,0.0,0.0,0.0,0.0,0.0,0.0,0.0,0.0,0.0,0.0,0.0,0.0,0.0,0.0,0.0
PPP3CC,0.8607786,0.0,0.0,0.0,0.0,0.0,0.0,0.0,0.0,0.18155362,0.0,0.0,0.0,0.0,0.0,0.0,0.0,0.0,0.0,0.0,0.0,0.0,0.0,0.0,0.24795079,0.0,1.0024796,0.0,0.0,0.0,0.0,0.0,0.0,0.0,0.0,0.0,0.0,0.0,0.0,0.0,0.0,0.0
SORBS3,0.0,0.0,0.0,0.0,0.0,0.0,0.0,0.0,0.0,0.0,0.0,0.0,0.5578004,0.0,0.0,0.0,0.0,0.0,0.0,0.0,0.0,0.0,0.0,0.0,0.0,0.0,0.0,0.0,0.0,0.0,0.0,0.0,0.0,0.0,0.0,0.0,0.0,0.0,0.0,0.0,0.0,0.0
PDLIM2,0.0,0.0,0.0,0.0,0.0,0.2875488,0.32769254,0.0,0.0,0.0,0.0,0.0,0.0,0.0,0.0,0.0,0.0,0.0,0.0,0.0,0.0,0.0,0.0,0.0,0.0,0.0,0.0,0.0,0.0,0.0,0.0,0.0,0.0,0.0,0.0,0.0,0.0,0.0,0.0,0.0,0.0,0.0
CCAR2,0.0,0.0,0.0,0.0,0.0,0.0,0.0,0.0,0.0,0.21446666,0.0,0.0,0.0,0.0,0.0,0.0,0.0,0.0,0.0,0.0,0.0,0.0,0.0,0.0,0.0,0.0,0.0,0.0,0.0,0.0,0.0,0.0,0.0,0.0,0.0,0.0,0.0,0.0,0.0,0.0,0.0,0.0
CHMP7,0.0,0.0,0.0,0.0,0.0,0.0,0.0,0.0,0.0,0.23875955,0.0,0.0,0.0,0.0,0.0,0.0,0.0,0.0,0.0,0.0,0.0,0.0,0.0,0.0,0.0,0.0,0.0,0.0,0.0,0.0,0.0,0.0,0.0,0.0,0.0,0.0,0.0,0.0,0.0,0.0,0.0,0.0
R3HCC1,0.0,0.0,0.0,0.0,0.0,0.0,0.0,0.0,0.0,0.0,0.0,0.0,0.0,0.0,0.0,0.0,0.0,0.0,0.0,0.0,0.0,0.0,0.0,0.0,0.15630423,0.0,0.0,0.0,0.0,0.0,0.0,0.0,0.0,0.0,0.0,0.0,0.0,0.0,0.0,0.0,0.0,0.0
ENTPD4,0.0,0.0,0.0,0.0,0.0,0.0,0.0,0.0,0.0,0.36239028,0.0,0.0,0.0,0.0,0.0,0.0,0.0,0.0,0.0,0.0,0.0,0.0,0.0,0.0,0.0,0.0,0.0,0.0,0.0,0.0,0.0,0.0,0.0,0.0,0.0,0.0,0.0,0.0,0.0,0.0,0.0,0.0
SLC25A37,0.0,0.0,1.0515292,0.5903014,0.0,0.0,0.3259039,0.8947333,0.0,0.0,0.0,0.8635058,0.0,0.0,0.0,0.0,0.0,0.0,0.0,0.0,0.0,0.0,0.0,0.0,0.0,0.0,0.0,0.35435784,0.0,0.0,0.0,0.0,0.0,0.0,0.0,0.0,0.0,0.0,0.0,0.0,0.0,0.0
ADAM28,1.2383103,0.0,0.0,0.0,0.0,0.64742905,0.3996023,0.0,0.0,0.0,0.0,0.0,0.0,0.0,1.1810663,0.0,0.0,0.0,0.92508113,0.0,0.0,1.0408072,0.0,0.0,0.0,0.0,0.0,0.0,0.0,0.0,0.0,0.0,0.0,0.0,0.0,0.0,0.0,0.0,0.0,0.0,0.0,0.0
DOCK5,0.0,0.0,0.0,0.0,0.0,0.0,0.3762196,0.0,0.0,0.0,0.0,0.0,0.0,0.0,0.0,0.0,0.0,0.0,0.0,0.0,0.0,0.0,0.0,0.0,0.0,0.0,0.0,0.0,0.0,0.0,0.0,0.0,0.0,0.0,0.0,0.0,0.0,0.0,0.0,0.0,0.0,0.0
PPP2R2A,0.0,0.0,0.0,0.0,0.0,0.0,0.0,0.15755783,0.0,0.21446666,0.0,0.0,0.0,0.0,0.0,0.0,0.0,0.0,0.0,0.0,0.0,0.0,0.0,0.0,0.2355887,0.0,0.0,0.0,0.0,0.0,0.0,0.0,0.0,0.0,0.0,0.0,0.0,0.0,0.0,0.0,0.0,0.0
BNIP3L,0.0,0.0,0.78590393,0.0,0.0,0.5072514,0.5909688,0.49876785,0.0,0.0,0.0,1.1174961,1.5203841,0.0,0.0,0.0,0.0,0.13997011,0.0,0.0,0.0,0.0,0.61895025,0.0,0.0,0.0,0.0,0.0,0.0,0.0,0.0,0.0,0.0,0.0,0.0,0.0,0.0,0.0,0.0,0.0,0.0,0.0
DPYSL2,0.0,0.0,0.0,0.68487656,0.0,0.7185833,0.8242114,0.0,0.0,0.0,0.0,0.0,0.0,0.0,0.0,0.0,0.0,0.0,0.0,0.0,0.0,0.0,0.0,0.0,0.0,0.0,0.0,0.0,0.0,0.0,0.0,0.0,0.0,0.0,0.0,0.0,0.0,0.0,0.0,0.0,0.0,0.62525415
PTK2B,0.0,0.0,0.74268275,0.68274933,0.0,0.0,0.37619096,0.0,0.0,0.55321854,0.0,0.5950968,0.0,0.0,0.9916867,0.0,0.0,0.0,0.0,0.0,0.0,0.0,0.0,0.23647301,0.3456074,0.0,0.0,0.0,0.0,0.0,0.0,0.0,0.0,0.0,0.0,0.0,0.0,0.0,0.0,0.0,0.0,0.0
CLU,0.0,0.0,0.0,1.0103061,0.0,0.0,0.0,0.0,0.0,0.0,0.0,0.0,0.0,0.0,0.0,0.0,0.6633302,1.4302652,0.0,0.0,0.0,0.0,0.0,0.0,0.0,0.0,0.0,0.2787069,0.0,0.0,0.0,0.0,0.0,0.0,0.0,0.0,0.0,0.0,0.0,0.0,0.0,0.0
CCDC25,0.0,0.0,0.0,0.0,0.0,0.0,0.0,0.36860895,0.0,0.0,0.0,0.0,0.0,0.0,0.0,0.0,0.0,0.0,0.0,0.0,0.0,0.0,0.0,0.0,0.3097772,0.0,0.0,0.0,0.0,0.0,0.0,0.0,0.0,0.0,0.0,0.0,0.0,0.0,0.0,0.0,0.0,0.0
PNOC,0.0,0.0,0.0,0.0,0.0,0.0,0.0,0.0,0.0,0.0,0.0,0.0,0.0,0.0,0.0,0.0,0.0,0.0,0.0,0.0,0.0,0.0,0.0,0.19436675,0.24767917,0.0,0.0,0.0,0.0,0.0,0.0,0.0,0.0,0.0,0.0,0.0,0.0,0.0,0.0,0.0,0.0,0.0
DUSP4,0.0,0.0,0.0,0.0,0.0,0.8968226,0.0,0.0,0.0,0.0,0.0,0.0,0.0,0.0,0.0,0.0,0.0,0.0,0.0,0.0,0.0,0.0,0.0,0.0,0.0,0.0,0.0,0.0,0.0,0.0,0.0,0.0,0.0,0.0,0.0,0.0,0.0,0.0,0.0,0.0,0.0,0.0
SARAF,1.7579904,1.085649,0.8822501,0.81046444,1.1947258,1.6674657,1.372138,0.7507236,0.0,1.3728575,1.8324765,1.5567153,1.6924675,2.2422695,2.1892056,1.6638504,0.9988769,0.61840475,1.455975,1.5465301,1.5277572,1.9462531,1.5127666,0.9398204,0.9476591,1.6523857,1.5883365,0.87664,1.7544472,0.0,2.2560365,1.7279484,2.3234587,2.0840113,2.4020941,2.60035,2.620671,2.2792187,2.074905,2.3594785,2.5719936,1.5786823
ENSG00000272256,0.0,0.0,0.0,0.0,0.0,0.0,0.0,0.0,0.0,0.0,0.0,0.0,0.0,0.0,0.0,0.0,0.0,0.0,0.0,1.0965499,1.3097059,0.0,0.0,0.0,0.0,0.0,0.0,0.0,0.0,0.0,0.7317101,0.0,0.9401267,1.0016067,0.9024477,0.0,0.0,0.54605424,0.65478426,0.0,0.0,0.0
LEPROTL1,0.0,0.0,0.0,0.0,0.5893542,0.28412688,0.36281422,0.0,0.0,0.0,0.5784484,0.0,0.0,1.3688512,0.0,0.0,0.0,0.0,0.0,0.0,0.91169757,0.0,0.0,0.0,0.2724481,0.0,0.0,0.0,0.13517354,0.0,1.3324132,0.95452833,1.2835035,1.130536,1.5876136,1.4176584,1.6788144,1.5126121,1.1940548,1.3958956,1.5562723,0.0
DCTN6-DT,0.0,0.0,0.0,0.0,0.0,0.0,0.0,0.0,0.0,0.0,0.0,0.0,0.0,0.0,0.0,0.0,0.0,0.0,0.0,0.0,0.0,0.0,0.0,0.0,0.0,0.0,0.0,0.0,0.0,0.0,0.0,0.0,0.76878303,0.0,0.0,0.0,0.0,0.0,0.0,0.0,0.0,0.0
GSR,0.0,0.0,0.0,0.2630033,0.0,0.0,0.0,0.0,0.0,0.0,0.0,0.0,0.0,0.0,0.0,0.0,0.0,0.0,0.0,0.0,0.0,0.0,0.0,0.0,0.0,0.0,0.0,0.0,0.0,0.0,0.0,0.0,0.0,0.0,0.0,0.0,0.0,0.0,0.0,0.0,0.0,0.0
WRN,0.0,0.0,0.0,0.0,0.0,0.0,0.0,0.14439867,0.0,0.0,0.0,0.0,0.0,0.0,0.0,0.0,0.0,0.0,0.0,0.0,0.0,0.0,0.0,0.0,0.0,0.0,0.0,0.0,0.0,0.0,0.0,0.0,0.0,0.0,0.0,0.0,0.0,0.0,0.0,0.0,0.0,0.0
ZNF703,0.0,0.0,0.0,0.0,0.0,0.0,0.0,0.0,0.0,0.0,0.0,0.0,0.0,0.0,0.0,0.0,0.0,0.0,0.0,0.0,0.0,0.0,0.6921578,0.0,0.0,0.0,0.0,0.0,0.0,0.0,0.0,0.0,0.0,0.0,0.0,0.0,0.0,0.0,0.0,0.0,0.0,0.0
PLPBP,0.0,0.0,0.0,0.0,0.0,0.0,0.0,0.19298582,0.0,0.0,0.0,0.0,0.0,0.0,0.0,0.0,0.0,0.0,0.0,0.0,0.0,0.0,0.0,0.0,0.0,0.0,0.0,0.0,0.0,0.0,0.0,0.0,0.0,0.0,0.0,0.0,0.0,0.0,0.0,0.0,0.0,0.0
RAB11FIP1,0.90175134,0.0,1.0280375,0.9608611,0.63348925,1.1205856,1.0737768,0.0,0.0,0.23380059,1.0136976,0.0,0.7458428,0.0,1.4796834,0.0,0.0,0.0,0.0,0.0,0.9875997,0.0,0.44103104,0.0,0.0,0.0,0.0,0.0,0.0,0.0,0.0,0.0,0.0,0.0,0.0,0.0,0.0,0.0,0.0,0.0,0.0,1.5654216
EIF4EBP1,0.0,0.0,0.0,0.651427,0.0,0.5944774,0.47691563,1.1688937,0.0,0.55321854,0.0,0.47305363,0.97920024,0.0,0.0,0.0,0.0,0.0,0.0,0.0,0.0,0.0,0.5301774,0.0,0.30907077,0.0,0.0,0.82086307,0.0,0.0,0.0,0.0,0.0,0.0,0.0,0.0,0.0,0.0,0.0,0.0,0.0,0.0
ASH2L,0.0,0.0,0.0,0.0,0.0,0.0,0.0,0.18598387,0.0,0.23875955,0.0,0.0,0.0,0.0,0.0,0.0,0.0,0.0,0.0,0.0,0.0,0.0,0.0,0.0,0.0,0.0,0.0,0.0,0.0,0.0,0.0,0.0,0.0,0.0,0.0,0.0,0.0,0.0,0.0,0.0,0.0,0.0
LSM1,0.0,0.0,0.0,0.0,0.0,0.0,0.3689735,0.42566606,0.0,0.3960203,0.0,0.0,0.0,0.0,0.0,0.0,0.0,0.47041398,0.0,0.0,0.0,0.0,0.0,0.0,0.41639483,0.0,0.0,0.0,0.0,0.0,0.0,0.0,0.0,0.0,0.0,0.0,0.0,0.0,0.0,0.0,0.0,0.0
PLPP5,0.0,0.0,0.0,0.0,0.0,0.0,0.0,0.0,0.0,0.0,0.0,0.0,0.0,0.0,0.0,0.0,0.0,0.0,0.0,0.0,0.0,1.158851,0.0,0.80710214,0.748562,0.0,0.0,0.0,0.0,0.0,0.0,0.0,0.0,0.0,0.0,0.0,0.0,0.0,0.0,0.0,0.0,0.0
NSD3,0.9881799,0.0,0.0,0.51509297,0.9047203,0.48126704,0.4883857,0.45258856,0.0,0.5805218,0.0,0.3987304,0.44090223,0.0,1.1810663,0.0,0.0,0.0,0.90836984,0.0,0.0,1.3178093,0.0,0.26971257,0.523927,0.0,0.0,0.5031649,0.6831912,0.0,0.9509077,0.9512001,0.95286095,0.9117845,0.96582043,0.89895844,0.7155782,1.2565256,0.0,0.9161707,1.0810587,0.55306864
TACC1,0.0,0.0,0.6512279,0.7740302,0.71618044,0.40235615,0.7716287,0.35416436,0.0,0.8970875,0.0,0.90413547,0.5578004,0.0,0.7355936,0.0,0.75448203,0.0,0.0,0.0,0.0,0.0,0.85032856,0.0,0.3891578,0.0,0.0,0.38281927,0.0,0.0,0.0,0.0,0.0,0.0,0.0,0.0,0.0,0.0,0.0,0.0,0.0,1.0618663
PLEKHA2,0.0,0.0,0.0,0.0,0.46509945,0.40578204,0.0,0.0,0.0,0.0,0.0,0.0,0.0,0.0,0.77814996,0.0,0.0,0.0,0.0,0.0,0.0,0.0,0.0,0.0,0.0,1.1516259,0.0,0.0,0.0,0.0,0.0,0.0,0.0,0.0,0.0,0.0,0.0,0.0,0.0,0.0,0.0,0.0
TM2D2,0.0,0.0,0.0,0.0,0.0,0.34115425,0.0,0.0,0.0,0.0,0.0,0.0,0.0,0.0,0.0,0.0,0.0,0.0,0.0,0.0,0.0,0.0,0.0,0.0,0.0,0.0,0.0,0.0,0.0,0.0,0.0,0.0,0.0,0.0,0.0,0.0,0.0,0.0,0.0,0.0,0.0,0.0
ADAM9,0.0,0.0,0.0,0.0,0.0,0.0,0.0,0.0,0.0,0.0,0.0,0.0,0.7257168,0.0,0.0,0.0,0.0,0.0,0.0,0.0,0.0,0.0,0.0,0.0,0.0,0.0,0.0,0.0,0.0,0.0,0.0,0.0,0.0,0.0,0.0,0.0,0.0,0.0,0.0,0.0,0.0,0.0
IDO1,0.0,0.0,0.0,0.0,0.0,1.2921519,0.0,0.0,0.0,0.0,0.0,0.0,0.0,0.0,0.0,0.0,0.0,0.0,0.0,0.0,0.0,0.0,0.0,0.0,0.0,0.0,0.0,0.0,0.0,0.0,0.0,0.0,0.0,0.0,0.0,0.0,0.0,0.0,0.0,0.0,0.0,0.0
GOLGA7,0.0,0.0,0.0,0.0,0.0,0.0,0.36097383,0.0,0.0,0.18155362,0.0,0.0,0.0,0.0,0.0,0.0,0.0,0.0,0.0,0.0,0.0,0.0,0.0,0.0,0.0,0.0,0.0,0.0,0.0,0.0,0.0,0.0,0.0,0.0,0.0,0.0,0.0,0.0,0.0,0.0,0.0,0.0
ANK1,0.0,0.0,0.0,0.0,0.0,0.0,0.0,0.9512197,0.0,0.0,0.0,0.0,0.0,0.0,0.0,0.0,0.0,0.0,0.0,0.0,0.0,0.0,0.0,0.0,0.0,0.0,0.0,0.0,0.0,0.0,0.0,0.0,0.0,0.0,0.0,0.0,0.0,0.0,0.0,0.0,0.0,0.0
KAT6A,0.0,0.0,0.0,0.0,0.39660734,0.0,0.0,0.0,0.0,0.4398609,0.0,0.0,0.0,0.0,0.0,0.0,0.0,0.0,0.0,0.0,0.0,0.0,0.0,0.0,0.0,0.0,0.0,0.0,0.0,0.0,0.0,0.0,0.0,0.0,0.0,0.0,0.0,0.0,0.0,0.0,0.0,0.0
POLB,0.0,0.0,0.0,0.0,0.0,0.0,0.0,0.0,0.0,0.0,0.0,0.0,0.0,0.0,0.0,0.0,0.0,0.0,0.0,0.0,0.0,0.0,0.0,0.0,0.0,0.0,0.0,0.0,0.0,0.0,0.0,0.0,0.0,0.0,0.0,0.0,0.0,0.0,0.0,0.0,0.0,0.07924435
VDAC3,0.0,0.0,0.0,0.41100955,0.9531547,0.37967432,0.40982887,1.1926805,0.0,0.18155362,0.0,0.0,0.0,0.0,0.0,0.0,0.0,1.4661646,0.0,0.0,0.0,0.0,0.0,0.0,0.67388,0.0,0.0,0.60015553,0.0,0.0,0.0,0.0,0.0,0.0,0.0,0.0,0.0,0.0,0.0,0.0,0.0,0.46237347
HOOK3,0.0,0.0,0.59163463,0.4686781,0.0,0.37967432,0.57687026,0.0,0.0,0.25902426,0.0,0.5104259,0.44090223,0.0,0.6868571,0.0,0.0,0.0,0.0,0.0,0.0,0.0,0.0,0.0,0.12638117,0.0,0.0,0.0,0.0,0.0,0.0,0.0,0.0,0.0,0.0,0.0,0.0,0.0,0.0,0.0,0.0,0.0
FNTA,0.0,0.0,0.0,0.0,0.49968463,0.0,0.367315,0.29719716,0.0,0.3953033,0.0,0.0,0.0,0.0,0.0,0.0,0.0,0.0,0.0,0.0,0.0,0.0,0.0,0.0,0.16472894,0.0,0.0,0.0,0.0,0.0,0.0,0.0,0.0,0.0,0.0,0.0,0.0,0.0,0.0,0.0,0.0,0.0
HGSNAT,0.0,0.0,0.0,0.0,0.0,0.0,0.3865379,0.0,0.0,0.0,0.0,0.0,0.0,0.0,0.0,0.0,0.0,0.0,0.0,0.0,0.0,0.0,0.0,0.0,0.0,0.0,0.0,0.0,0.0,0.0,0.0,0.0,0.0,0.0,0.0,0.0,0.0,0.0,0.0,0.0,0.0,0.0
SPIDR,0.0,0.0,0.0,0.0,0.0,0.28412688,0.0,0.0,0.0,0.0,0.0,0.0,0.5578004,0.0,0.0,0.0,0.0,0.0,0.0,0.0,0.0,0.0,0.0,0.0,0.0,0.0,0.0,0.0,0.0,0.0,0.0,0.0,0.0,0.0,0.0,0.0,0.0,0.0,0.0,0.0,0.0,0.0
CEBPD,0.0,0.35249922,2.1935914,1.7227337,0.34969842,1.7291868,2.075768,0.0,0.0,0.0,0.0,2.3083653,1.4048783,1.6830826,0.0,0.68902284,0.0,0.0,0.0,1.0579927,1.2227036,0.0,1.8512362,0.0,0.0,0.0,0.0,0.0,0.0,0.0,0.0,0.0,0.0,0.0,0.0,0.0,0.0,0.0,0.0,0.0,0.0,0.0
PRKDC,0.0,0.0,0.0,0.9354254,0.891696,0.38395348,0.5621453,1.2428521,0.0,0.8984251,0.0,0.0,0.0,0.0,0.0,0.0,0.0,0.0,0.0,0.0,0.0,0.0,0.0,0.0,0.7090793,0.0,0.0,1.0604972,0.0,0.0,0.0,0.0,0.0,0.0,0.0,0.0,0.0,0.0,0.0,0.0,0.0,0.45290697
MCM4,0.0,0.0,0.0,0.4141622,0.631307,0.0,0.0,0.77124935,0.0,0.5471599,0.0,0.0,0.0,0.0,0.0,0.0,0.0,0.0,0.0,0.0,0.0,0.0,0.0,0.0,0.4105284,0.0,0.0,0.5141072,0.0,0.0,0.0,0.0,0.0,0.0,0.0,0.0,0.0,0.0,0.0,0.0,0.0,0.0
UBE2V2,0.0,0.0,0.0,0.0,0.32877284,0.28951037,0.37619096,0.49959043,0.0,0.0,0.0,0.0,0.5578004,0.0,0.0,0.0,0.0,0.0,0.0,0.0,0.0,0.0,0.0,0.0,0.33617535,0.0,0.0,0.2143027,0.0,0.0,0.0,0.0,0.0,0.0,0.0,0.0,0.0,0.0,0.0,0.0,0.0,0.0
PCMTD1,0.0,0.0,0.0,0.0,0.0,0.0,0.0,0.0,0.0,0.0,0.67302287,0.0,0.0,0.0,0.0,0.0,0.0,0.0,0.0,0.0,0.0,0.0,0.0,0.20044874,0.0,0.0,0.0,0.0,0.0,0.0,0.0,0.0,0.0,0.0,0.0,0.0,0.0,0.0,0.0,0.0,0.0,0.43997532
RB1CC1,0.0,0.0,0.0,0.20320103,0.0,0.0,0.2934634,0.0,0.0,0.0,0.0,0.0,0.0,0.0,0.0,0.0,0.0,0.0,0.0,0.0,0.0,0.0,0.0,0.0,0.20739445,0.0,0.9045438,0.25466198,0.0,0.0,0.0,0.0,0.0,0.0,0.0,0.0,0.0,0.0,0.0,0.0,0.0,0.0
ATP6V1H,0.0,0.0,0.0,0.0,0.0,0.0,0.0,0.0,0.0,0.3953033,0.0,0.0,0.0,0.0,0.0,0.0,0.0,0.0,0.0,0.0,0.0,0.0,0.0,0.0,0.0,0.0,0.0,0.0,0.0,0.0,0.0,0.0,0.0,0.0,0.0,0.0,0.0,0.0,0.0,0.0,0.0,0.0
TCEA1,1.1365354,0.0,0.0,0.74846995,0.9135261,0.64742905,0.6915261,1.376006,0.0,0.79216564,0.0,0.5221987,0.0,0.0,0.77814996,0.0,0.0,0.9458473,1.0675449,0.0,0.0,0.0,0.5520121,0.51113695,0.8719835,0.0,1.2824671,0.7644346,0.6047449,0.0,0.66627413,0.0,0.0,0.0,0.0,0.0,0.7454061,0.6251806,0.0,0.0,0.0,0.9426711
LYPLA1,0.0,0.0,0.0,0.6263548,0.0,0.38395348,0.6220476,0.28970885,0.0,0.21446666,0.0,0.0,0.0,0.0,0.0,0.0,0.0,0.7015966,0.0,0.0,0.0,0.0,0.0,0.0,0.5305739,0.0,0.0,0.55325794,0.0,0.0,0.0,0.0,0.0,0.0,0.0,0.0,0.0,0.0,0.0,0.0,0.0,0.51017606
MRPL15,0.0,0.0,0.0,0.0,0.0,0.0,0.0,0.5567965,0.0,0.18155362,0.0,0.0,0.0,0.0,0.0,0.0,0.0,0.0,0.0,0.0,0.0,0.0,0.0,0.0,0.37302485,0.0,0.0,0.0,0.0,0.0,0.0,0.0,0.0,0.0,0.0,0.0,0.0,0.0,0.0,0.0,0.0,0.0
TGS1,0.0,0.0,0.0,0.0,0.0,0.0,0.0,0.35840407,0.0,0.0,0.0,0.0,0.0,0.0,0.0,0.0,0.0,0.0,0.0,0.0,0.0,0.0,0.0,0.0,0.13148819,0.0,0.0,0.0,0.0,0.0,0.0,0.0,0.0,0.0,0.0,0.0,0.0,0.0,0.0,0.0,0.0,0.0
LYN,1.252763,0.0,1.2456658,0.98530805,0.0,0.9168612,1.0646889,0.0,0.0,1.4409807,0.0,0.68302804,1.3831153,0.0,1.3148127,0.0,0.0,0.6428833,1.0125642,0.0,0.0,1.3014203,1.8841426,0.0,0.22705108,1.4701964,0.0,0.35569358,0.0,0.0,0.0,0.0,0.0,0.0,0.0,0.0,0.0,0.0,0.0,0.0,0.0,1.1596678
RPS20,2.1518893,2.1456003,2.323851,2.6986194,2.142788,1.8391209,2.6312003,2.17092,1.7585323,1.8172634,2.1076543,1.6674736,0.7458428,2.3254693,2.6824088,2.4455945,2.8715982,1.2477605,2.5484025,1.885767,2.1449618,2.2967558,1.8019414,0.966231,2.1271577,1.24424,1.7072891,3.0510364,2.041925,0.0,2.9161642,2.2315488,2.986504,2.3744044,3.2248893,2.4421647,2.8588789,2.6326342,2.3443842,2.25531,2.3814676,2.8802042
CHCHD7,0.0,0.0,0.0,0.26368946,0.0,0.0,0.33851904,0.0,0.0,0.62781835,0.0,0.0,0.91374826,0.0,0.0,0.0,0.0,0.0,0.0,0.0,0.0,0.0,0.0,0.0,0.55198824,0.0,0.0,0.0,0.0,0.0,0.0,0.0,0.0,0.0,0.0,0.0,0.0,0.0,0.0,0.0,0.0,0.0
BPNT2,0.0,0.0,0.0,0.0,0.0,0.0,0.0,0.0,0.0,0.0,0.0,0.0,0.0,0.0,0.0,0.0,0.0,0.0,0.0,0.0,0.0,0.0,0.0,0.0,0.14103276,0.0,0.0,0.0,0.0,0.0,0.0,0.0,0.0,0.0,0.0,0.0,0.0,0.0,0.0,0.0,0.0,0.0
SDCBP,0.0,1.3726877,1.5870976,0.7551979,0.609699,0.4580726,0.6524383,0.384302,1.9891462,0.3960203,0.0,1.622558,1.4347595,0.0,0.0,0.4661695,0.73567766,0.27473056,0.0,0.0,0.0,0.0,1.3635035,0.0,0.0,0.0,0.0,0.26127762,0.0,0.0,0.0,0.0,0.0,0.0,0.7871723,0.93596673,0.7876292,0.7337309,0.0,0.0,1.0624948,0.0
NSMAF,0.0,0.0,0.0,0.0,0.0,0.37913528,0.0,0.0,0.0,0.0,0.0,0.0,0.0,0.0,0.0,0.0,0.0,0.0,0.0,0.0,0.0,0.0,0.0,0.0,0.0,0.0,0.0,0.0,0.0,0.0,0.0,0.0,0.0,0.0,0.0,0.0,0.0,0.0,0.0,0.0,0.0,0.0
RAB2A,0.0,0.0,0.5176804,0.6311575,0.6425313,0.49875098,0.5419595,0.40390456,0.0,0.57238364,0.0,0.5950968,0.91374826,0.0,1.0902166,0.0,0.0,0.0,0.0,0.0,0.0,0.0,0.59810305,0.39061257,0.6669289,0.0,0.0,0.39058256,0.0,0.0,0.0,0.0,0.0,0.0,0.0,0.0,0.0,0.0,0.0,0.0,0.0,0.0
ASPH,0.0,0.0,0.0,0.0,0.0,0.0,0.0,0.0,0.0,0.0,0.0,0.47305363,0.0,0.0,0.0,0.0,0.0,0.0,0.0,0.0,0.0,0.0,0.0,0.0,0.0,0.0,0.0,0.0,0.0,0.0,0.0,0.0,0.0,0.0,0.0,0.0,0.0,0.0,0.0,0.0,0.0,0.6241878
GGH,0.0,0.0,0.0,0.0,0.0,0.0,0.0,0.21169974,0.0,0.18155362,0.0,0.0,0.0,0.0,0.0,0.0,0.0,0.0,0.0,0.0,0.0,0.0,0.0,0.0,0.55198824,0.0,0.0,0.0,0.0,0.0,0.0,0.0,0.0,0.0,0.0,0.0,0.0,0.0,0.0,0.0,0.0,0.0
YTHDF3,0.0,0.0,0.0,0.0,0.0,0.2875488,0.0,0.0,0.0,0.0,0.0,0.0,0.7257168,0.0,0.0,0.0,0.0,0.0,0.0,0.0,0.0,0.0,0.0,0.0,0.0,0.0,0.0,0.0,0.0,0.0,0.0,0.0,0.0,0.0,0.0,0.0,0.0,0.0,0.0,0.0,0.0,0.0
ARMC1,0.0,0.0,0.0,0.0,0.0,0.0,0.0,0.24480283,0.0,0.0,0.0,0.0,0.0,0.0,0.0,0.0,0.0,0.0,0.0,0.0,0.0,0.0,0.0,0.0,0.13131355,0.0,0.0,0.0,0.0,0.0,0.0,0.0,0.0,0.0,0.0,0.0,0.0,0.0,0.0,0.0,0.0,0.0
PDE7A,0.0,0.0,0.0,0.0,0.0,0.0,0.0,0.0,0.0,0.21446666,0.59476876,0.0,0.0,0.0,0.6868571,0.0,0.0,0.0,0.0,0.0,0.0,0.0,0.0,0.0,0.0,0.0,0.0,0.0,0.0,0.0,0.0,0.0,0.0,0.0,0.0,0.0,0.0,0.0,0.0,0.0,0.0,0.0
RRS1,0.0,0.0,0.0,0.0,0.0,0.0,0.0,0.22968036,0.0,0.0,0.0,0.0,0.0,0.0,0.0,0.0,0.0,0.0,0.0,0.0,0.0,0.0,0.0,0.0,0.0,0.0,0.0,0.0,0.0,0.0,0.0,0.0,0.0,0.0,0.0,0.0,0.0,0.0,0.0,0.0,0.0,0.0
MYBL1,0.0,0.0,0.0,0.0,0.75546956,0.0,0.0,0.0,0.0,0.0,0.0,0.0,0.0,0.994254,0.0,0.0,0.0,0.0,0.0,0.97119415,0.8854586,0.0,0.0,0.0,0.0,0.0,0.0,0.0,0.0,0.0,0.0,0.0,0.0,0.0,0.0,0.0,0.0,0.0,0.0,0.0,0.0,0.0
SGK3,0.0,0.0,0.0,0.0,0.0,0.37093928,0.36281422,0.0,0.0,0.0,0.0,0.0,0.0,0.0,0.0,0.0,0.0,0.0,0.0,0.0,0.0,0.0,0.0,0.0,0.0,0.0,0.0,0.0,0.0,0.0,0.0,0.0,0.0,0.0,0.0,0.0,0.0,0.0,0.0,0.0,0.0,0.0
ENSG00000245910,1.0975912,0.0,0.8590687,1.356551,1.49946,1.1705313,1.425985,1.3997564,0.0,1.3403639,1.6647761,0.82655406,0.0,1.5398037,1.4930514,1.3104457,1.7196009,1.1159862,1.4783753,1.1722212,1.3228385,1.4642892,0.77909875,0.2323661,1.0263048,1.5259559,2.124558,1.7175014,1.2529272,0.0,1.75416,1.3173089,1.8314484,1.4492669,1.8881621,1.6612862,1.7808025,1.5900435,1.3522594,1.4827027,1.270175,1.5954846
COPS5,0.0,0.0,0.0,0.0,0.4025948,0.28951037,0.44790858,0.6143844,0.0,0.6334858,0.0,0.0,0.0,0.0,0.0,0.0,0.0,0.0,0.0,0.0,0.0,0.0,0.0,0.0,0.33298343,0.0,0.0,0.0,0.0,0.0,0.0,0.0,0.0,0.0,0.0,0.0,0.0,0.0,0.0,0.0,0.0,0.0
NCOA2,0.0,0.0,0.0,0.0,0.0,0.0,0.0,0.0,0.0,0.18155362,0.0,0.0,0.0,0.0,0.0,0.0,0.0,0.0,0.0,0.0,0.0,0.0,0.0,0.0,0.0,0.0,0.0,0.0,0.0,0.0,0.0,0.0,0.0,0.0,0.0,0.0,0.0,0.0,0.0,0.0,0.0,0.0
TRAM1,0.0,0.0,0.0,0.6943753,0.56705594,0.7185833,0.6704697,0.18440516,0.0,0.3953033,0.0,0.4254868,1.4048783,0.0,0.0,0.0,0.0,0.5965973,0.0,0.0,0.0,0.0,0.6077554,1.0203203,1.2050889,1.4617386,1.0581769,0.4791516,0.0,0.0,0.6801071,0.0,0.0,0.0,0.0,0.0,0.0,0.0,0.0,0.8827068,1.0495343,1.1850195
TERF1,0.0,0.0,0.0,0.0,0.6493664,0.0,0.0,0.0,0.0,0.0,0.0,0.0,0.0,0.0,0.6868571,0.0,0.0,0.0,0.0,0.0,0.0,0.0,0.0,0.0,0.18132702,0.0,0.0,0.0,0.0,0.0,0.0,0.0,0.0,0.0,0.0,0.0,0.0,0.0,0.0,0.0,0.0,0.0
RPL7,2.2930114,2.0230935,2.7526507,2.8781714,2.0124388,2.2883103,2.8822646,2.876409,1.932277,2.5190964,2.4999194,2.3083653,2.0346148,2.3858018,2.429391,2.7063718,2.7826643,1.6870599,2.5291152,2.0616226,2.343504,2.5047917,2.2150111,1.3664981,2.6107068,2.0847096,2.3819132,3.4154005,2.256019,0.0,2.937375,2.2352214,2.8923573,2.1147804,3.2548938,2.630219,3.047384,2.8182807,2.2081432,2.2833288,2.3831182,2.8308399
ELOC,0.0,0.0,0.0,0.75569403,0.7750119,0.53241324,0.6699801,0.88103414,0.0,0.527826,0.0,0.8423759,0.5578004,0.0,0.0,0.0,0.0,0.902918,0.0,0.0,0.0,0.0,0.62467635,0.2744419,0.9419917,0.0,0.0,0.58706284,0.0,0.0,0.0,0.0,0.0,0.0,0.0,0.0,0.0,0.0,0.0,0.0,0.0,0.6751226
TMEM70,0.0,0.0,0.0,0.0,0.0,0.0,0.3259039,0.24865727,0.0,0.0,0.0,0.0,0.0,0.0,0.0,0.0,0.0,0.0,0.0,0.0,0.0,0.0,0.0,0.0,0.40248197,0.0,0.0,0.0,0.0,0.0,0.0,0.0,0.0,0.0,0.0,0.0,0.0,0.0,0.0,0.0,0.0,0.0
LY96,0.0,0.0,0.0,0.0,0.0,0.40578204,0.45373747,0.0,1.5638418,0.0,0.0,0.4963503,0.5578004,0.0,0.0,0.0,0.0,0.0,0.0,0.0,0.0,0.0,0.4484818,0.28807428,0.0,0.0,0.0,0.0,0.0,0.0,0.0,0.0,0.0,0.0,0.0,0.0,0.0,0.0,0.0,0.0,0.0,0.0
MRPS28,0.0,0.0,0.0,0.0,0.0,0.0,0.0,0.29796433,0.0,0.0,0.0,0.0,0.0,0.0,0.0,0.0,0.0,0.0,0.0,0.0,0.0,0.0,0.0,0.0,0.17849067,0.0,0.0,0.0,0.0,0.0,0.0,0.0,0.0,0.0,0.0,0.0,0.0,0.0,0.0,0.0,0.0,0.0
TPD52,0.7603161,0.0,0.0,0.0,0.0,0.0,0.0,0.0,0.0,0.0,0.0,0.0,0.0,0.0,0.6868571,0.0,0.0,0.0,0.0,0.0,0.0,0.0,0.0,0.77510643,0.8907723,0.0,0.0,0.0,0.0,0.0,0.0,0.0,0.0,0.0,0.0,0.0,0.0,0.0,0.0,0.0,0.0,0.0
ZBTB10,0.0,0.0,0.0,0.0,0.0,0.0,0.0,0.0,0.0,0.21446666,0.0,0.0,0.0,0.0,0.0,0.0,0.0,0.0,0.0,0.0,0.0,0.0,0.0,0.0,0.0,0.0,0.0,0.0,0.0,0.0,0.0,0.0,0.0,0.0,0.0,0.0,0.0,0.0,0.0,0.0,0.0,0.0
PAG1,0.0,0.0,0.0,0.0,0.0,0.0,0.0,0.0,0.0,0.25902426,0.0,0.0,0.0,0.0,0.0,0.0,0.0,0.0,0.0,0.0,0.0,0.0,0.946545,0.0,0.0,0.0,1.0764471,0.0,0.0,0.0,0.0,0.0,0.0,0.0,0.0,0.0,0.0,0.0,0.0,0.0,0.0,0.0
FABP5,0.0,2.1915557,0.0,0.57350564,0.41073284,0.49875098,0.6595515,0.15994428,3.317651,1.1294348,0.0,0.6602513,1.967121,0.0,1.2927269,0.0,0.0,0.0,0.0,0.0,0.0,0.0,0.0,0.0,1.2003775,0.0,0.0,1.1436839,0.0,0.0,0.0,0.0,0.0,0.0,0.0,0.0,0.0,0.0,0.0,0.0,0.0,0.7507134
FABP4,0.0,0.0,0.0,0.0,0.0,0.0,0.0,0.0,1.6463035,0.0,0.0,0.0,0.0,0.0,0.0,0.0,0.0,0.0,0.0,0.0,0.0,0.0,0.0,0.0,0.0,0.0,0.0,0.0,0.0,0.0,0.0,0.0,0.0,0.0,0.0,0.0,0.0,0.0,0.0,0.0,0.0,0.0
ZFAND1,0.0,0.0,0.0,0.0,0.0,0.28412688,0.0,0.13972999,0.0,0.0,0.0,0.0,0.0,0.0,0.0,0.0,0.0,0.0,0.0,0.0,0.0,0.0,0.0,0.0,0.0,0.0,0.0,0.0,0.0,0.0,0.0,0.0,0.0,0.0,0.0,0.0,0.0,0.0,0.0,0.0,0.0,0.0
LRRCC1,0.0,0.0,0.0,0.0,0.0,0.38905048,0.0,0.19918287,0.0,0.0,0.0,0.0,0.0,0.0,0.0,0.0,0.0,0.0,0.0,0.0,0.0,0.0,0.0,0.0,0.0,0.0,0.0,0.0,0.0,0.0,0.0,0.0,0.0,0.0,0.0,0.0,0.0,0.0,0.0,0.0,0.0,0.0
RBIS,0.6535427,0.0,0.0,0.6855737,0.74612,0.66842306,0.90894425,1.1002393,0.0,1.0692123,0.67302287,0.0,0.0,0.0,0.0,0.0,0.0,0.0,0.0,0.0,0.0,0.0,0.57858735,0.36734912,1.0127925,0.0,0.0,0.9205932,0.66731024,0.0,0.716327,0.0,0.0,0.0,0.85043395,0.0,0.8114862,0.52041966,0.0,0.0,0.0,0.9248521
CA1,0.0,0.0,0.0,0.0,0.0,0.0,0.0,3.5374084,0.0,0.0,0.0,0.0,0.0,0.0,0.0,0.0,0.0,0.0,0.0,0.0,0.0,0.0,0.0,0.0,0.0,0.0,0.0,0.0,0.0,0.0,0.0,0.0,0.0,0.0,0.0,0.0,0.0,0.0,0.0,0.0,0.0,0.0
CA2,0.0,0.0,0.0,0.0,0.0,0.0,0.0,1.8209728,0.0,0.0,0.0,0.0,0.0,0.0,0.0,0.0,0.0,0.47526202,0.0,0.0,0.0,0.0,0.0,0.0,0.0,0.0,0.0,0.0,0.0,0.0,0.0,0.0,0.0,0.0,0.0,0.0,0.0,0.0,0.0,0.0,0.0,0.0
RMDN1,0.0,0.0,0.0,0.0,0.0,0.0,0.0,0.16873805,0.0,0.0,0.0,0.0,0.0,0.0,0.0,0.0,0.0,0.0,0.0,0.0,0.0,0.0,0.0,0.0,0.17849067,0.0,0.0,0.0,0.0,0.0,0.0,0.0,0.0,0.0,0.0,0.0,0.0,0.0,0.0,0.0,0.0,0.0
CPNE3,0.0,0.0,0.0,0.0,0.0,2.0683417,0.42475292,0.14951381,0.0,0.4398609,0.0,0.0,0.0,0.0,0.0,0.0,0.0,0.0,0.0,0.0,0.0,0.0,0.0,0.0,0.14103276,0.0,0.0,0.0,0.0,0.0,0.0,0.0,0.0,0.0,0.0,0.0,0.0,0.0,0.0,0.0,0.0,0.77918816
RIPK2,0.0,0.0,0.0,0.0,0.0,0.41057968,0.6339667,0.0,0.0,0.0,0.0,0.4963503,0.0,0.0,0.0,0.0,0.0,0.0,0.0,0.0,0.0,0.0,0.65283597,0.0,0.0,0.0,0.0,0.0,0.0,0.0,0.0,0.0,0.0,0.0,0.0,0.0,0.0,0.0,0.0,0.0,0.0,0.0
NBN,0.0,0.0,0.0,0.0,0.0,0.0,0.0,0.20815918,0.0,0.0,0.0,0.0,0.0,0.0,0.0,0.0,0.0,0.0,0.0,0.0,0.0,0.0,0.0,0.0,0.22572826,0.0,0.0,0.0,0.0,0.0,0.0,0.0,0.0,0.0,0.0,0.0,0.0,0.0,0.0,0.0,0.0,0.0
DECR1,0.0,0.0,0.0,0.0,0.6828948,0.40578204,0.6651936,0.6106301,0.0,0.23380059,0.0,0.0,0.0,0.0,0.0,0.0,0.0,0.0,0.0,0.0,0.0,0.0,0.39731973,0.0,0.44657642,0.0,0.0,0.0,0.0,0.0,0.0,0.0,0.0,0.0,0.0,0.0,0.0,0.0,0.0,0.0,0.0,0.0
C8orf88,0.0,0.0,0.0,0.0,0.0,0.0,0.0,0.1949102,0.0,0.0,0.0,0.0,0.0,0.0,0.0,0.0,0.0,0.0,0.0,0.0,0.0,0.0,0.0,0.0,0.0,0.0,0.0,0.0,0.0,0.0,0.0,0.0,0.0,0.0,0.0,0.0,0.0,0.0,0.0,0.0,0.0,0.0
PIP4P2,0.0,0.0,0.0,0.0,0.0,0.0,0.30505306,0.0,0.0,0.0,0.0,0.0,0.0,0.0,0.0,0.0,0.0,0.1568268,0.0,0.0,0.0,0.0,0.0,0.0,0.0,0.0,0.0,0.0,0.0,0.0,0.0,0.0,0.0,0.0,0.0,0.0,0.0,0.0,0.0,0.0,0.0,0.0
ENSG00000253738,0.0,0.0,0.0,0.0,0.0,0.0,0.0,0.1432528,0.0,0.18155362,0.0,0.0,0.0,0.0,0.0,0.0,0.0,0.0,0.0,0.0,0.0,0.0,0.0,0.0,0.12881172,0.0,0.0,0.0,0.0,0.0,0.0,0.0,0.0,0.0,0.0,0.0,0.0,0.0,0.0,0.0,0.0,0.0
VIRMA,0.0,0.0,0.0,0.0,0.0,0.0,0.0,0.0,0.0,0.0,0.0,0.0,0.0,0.0,0.0,0.0,0.0,0.0,0.0,0.0,0.0,0.0,0.0,0.0,0.14103276,0.0,0.0,0.0,0.0,0.0,0.0,0.0,0.0,0.0,0.0,0.0,0.0,0.0,0.0,0.0,0.0,0.0
NDUFAF6,0.0,0.0,0.0,0.0,0.0,0.0,0.0,0.117566764,0.0,0.0,0.0,0.0,0.0,0.0,0.0,0.0,0.0,0.0,0.0,0.0,0.0,0.0,0.0,0.0,0.13148819,0.0,0.0,0.0,0.0,0.0,0.0,0.0,0.0,0.0,0.0,0.0,0.0,0.0,0.0,0.0,0.0,0.0
TP53INP1,0.0,0.0,0.0,0.0,0.0,0.0,0.0,0.0,0.0,0.0,0.0,0.0,0.0,0.0,0.0,0.0,0.0,0.0,0.0,0.0,0.0,0.0,0.0,0.35703316,0.31577328,0.0,1.9324882,0.0,0.0,0.0,0.0,0.0,0.0,0.0,0.0,0.0,0.0,0.0,0.0,0.0,0.0,0.0
PLEKHF2,0.0,0.0,0.0,0.0,0.0,0.0,0.0,0.0,0.0,0.4153542,0.0,0.0,0.0,0.0,0.0,0.0,0.0,0.0,0.0,0.0,0.0,0.0,0.0,0.0,0.0,0.0,0.0,0.0,0.0,0.0,0.0,0.0,0.0,0.0,0.0,0.0,0.0,0.0,0.0,0.0,0.0,0.0
UQCRB,1.6788144,1.929212,1.6151153,1.5415521,1.5268042,1.6781055,1.7753298,1.7603784,2.2493906,1.7889532,1.8032048,1.844929,1.4643317,1.7280437,1.4796834,1.8220949,1.6793344,1.5690489,1.6849352,1.5326482,1.4630167,1.390207,1.957387,0.9719787,1.7305795,1.1022022,1.3830035,1.7144618,1.5202613,0.0,1.8993901,1.8879639,1.9251993,1.8054324,2.026327,1.877181,2.1280696,1.8859844,1.8338006,1.6712329,1.4201515,1.6152678
PTDSS1,0.0,0.0,0.0,0.0,0.0,0.442071,0.0,0.16892378,0.0,0.18155362,0.0,0.0,0.44090223,0.0,0.0,0.0,0.0,0.0,0.0,0.0,0.0,0.0,0.0,0.0,0.1759403,0.0,0.0,0.2890891,0.0,0.0,0.0,0.0,0.0,0.0,0.0,0.0,0.0,0.0,0.0,0.0,0.0,0.0
SDC2,0.0,0.0,0.0,0.0,0.0,0.0,0.0,0.0,0.0,0.0,0.0,0.47305363,0.0,0.0,0.0,0.0,0.0,0.0,0.0,0.0,0.0,0.0,0.0,0.0,0.0,0.0,0.0,0.0,0.0,0.0,0.0,0.0,0.0,0.0,0.0,0.0,0.0,0.0,0.0,0.0,0.0,0.0
CPQ,0.0,0.0,0.0,0.0,0.0,0.3139043,0.0,0.0,0.0,0.0,0.0,0.0,0.0,0.0,0.0,0.0,0.0,0.0,0.0,0.0,0.0,0.0,0.0,0.0,0.0,0.0,0.0,0.0,0.0,0.0,0.0,0.0,0.0,0.0,0.0,0.0,0.0,0.0,0.0,0.0,0.0,0.0
MTDH,1.2390066,1.0522969,1.3448167,1.808197,1.0433612,1.4465271,1.4930217,1.2732167,0.0,1.270135,1.2542381,1.0883627,0.5578004,1.0313067,1.5993547,0.5897489,1.7205291,0.0,1.0084143,1.00079,1.0701785,0.0,0.9584817,1.246695,2.2324965,0.0,1.1540726,1.6100564,0.57150495,0.0,0.91788363,1.0052176,0.98239446,1.0503808,0.92765963,0.84653735,0.8373655,0.99505925,1.0181373,0.7768153,0.0,1.6789675
RPL30,4.037325,3.5865567,3.0799208,3.0393586,3.047758,3.91881,3.576974,3.5877843,3.0722537,3.478823,3.740619,3.1567883,3.3545446,4.0728383,4.0366607,3.7372792,3.300057,2.7342591,4.202425,3.4114442,3.7622056,4.142771,3.3886693,2.3373833,3.1134489,3.557332,3.6573462,3.6403942,3.9103537,1.9907624,4.342485,3.8461027,4.2869277,3.8107395,4.5258546,4.3398094,4.4082055,4.093329,3.9227648,4.1089087,4.161865,3.7417836
STK3,0.0,0.0,0.0,0.0,0.0,0.0,0.0,0.0,0.0,0.0,0.0,0.0,0.44090223,0.0,0.0,0.0,0.0,0.0,0.0,0.0,0.0,0.0,0.0,0.0,0.0,0.0,0.0,0.0,0.0,0.0,0.0,0.0,0.0,0.0,0.0,0.0,0.0,0.0,0.0,0.0,0.0,0.0
COX6C,1.1883135,1.4551139,1.1945362,1.5742292,1.8225234,1.2636908,1.4167618,1.7114898,1.7269117,1.7618923,1.2625812,1.1382626,1.5203841,1.1088495,1.2104161,1.3437163,1.2132505,1.543351,1.1092579,1.4457825,1.2855351,0.0,1.3816915,0.6961481,1.7509184,1.2924416,1.2402272,1.489911,1.2869267,0.0,1.4387525,1.4235516,1.3275043,1.2454021,1.4520783,1.0527401,1.4709696,1.3177092,1.2643105,1.1647345,0.9661733,1.5154841
POLR2K,0.0,0.0,0.0,0.0,0.7118195,0.0,0.35860544,0.6151742,0.0,0.0,1.0021521,0.5046885,0.0,0.0,0.0,0.0,0.0,0.0,0.0,0.0,0.0,0.0,0.0,0.21110761,0.6292043,0.0,0.0,0.0,0.0,0.0,0.0,0.0,0.0,0.0,0.0,0.0,0.0,0.0,0.0,0.0,0.0,0.5299728
RNF19A,0.85592324,0.0,0.0,0.0,0.57540894,0.0,0.0,0.0,0.0,0.3953033,0.89209247,0.0,0.0,0.0,0.0,0.0,0.0,0.0,0.0,0.0,0.0,0.0,0.0,0.0,0.13528542,0.0,0.0,0.0,0.0,0.0,0.0,0.0,0.84813684,1.1000812,0.0,0.0,0.0,0.52644575,1.0653532,0.0,0.0,0.0
PABPC1,2.5258858,2.0940144,2.8718598,2.691328,1.7231623,3.0153365,2.719518,2.5005403,2.2424808,2.4840589,2.496505,2.3682044,2.5365725,2.5206988,2.6948044,2.443672,2.3830504,2.2321653,2.4676647,1.7918637,2.3556106,2.5573218,2.6350236,1.1092579,1.516526,2.825419,2.5252688,2.6745925,2.3392599,2.130681,2.644301,1.6587241,2.6314027,2.1737795,2.9134727,2.8797793,2.7105176,2.497059,2.0134745,2.400992,2.6064596,2.5415041
YWHAZ,2.0200627,0.90542024,1.6783181,1.7727005,1.9209876,1.6193674,1.6039407,1.0436722,0.0,1.2744827,1.7712249,1.5802746,1.661052,1.8485265,2.216173,1.5256839,1.5857418,2.3977795,1.9784019,1.9078939,1.7986679,1.9020523,1.7068193,0.60227865,1.1191137,2.3653479,1.9970647,1.2121546,1.8988509,1.4660808,1.5495179,1.7940896,1.5487878,1.9490025,1.1737255,1.6571479,1.4973464,1.6259605,1.8329176,1.6633881,1.809477,1.7439764
ZNF706,0.53828317,0.0,0.0,0.42412204,0.6772213,0.4224942,0.5586959,0.831099,0.0,0.3640731,0.0,1.0337517,1.141807,0.0,0.8421502,0.0,0.0,0.0,0.7283679,0.0,0.0,0.0,0.9126103,0.7623687,1.3348144,1.0886538,0.0,0.50619,0.0,0.0,0.0,0.0,0.0,0.0,0.0,0.0,0.0,0.7337309,0.0,0.0,0.0,0.85087305
UBR5,0.0,0.0,0.0,0.0,0.0,0.0,0.0,0.0,0.0,0.18155362,0.0,0.0,0.0,0.0,0.0,0.0,0.0,0.0,0.0,0.0,0.0,0.0,0.0,0.0,0.24997354,0.0,0.0,0.0,0.0,0.0,0.0,0.0,0.0,0.0,0.0,0.0,0.0,0.0,0.0,0.0,0.0,0.0
KLF10,0.0,0.0,0.51493937,0.0,0.0,0.3139043,0.3520353,0.0,0.0,0.5127487,0.0,0.0,0.0,0.0,0.0,0.0,0.0,0.0,0.0,0.0,0.0,0.0,0.0,0.0,0.0,0.0,0.0,0.0,0.0,0.0,0.0,0.0,0.0,0.0,0.0,0.0,0.0,0.0,0.0,0.0,0.0,0.0
AZIN1,0.0,0.0,0.0,0.55619687,0.0,0.38905048,0.36318722,0.40728164,0.0,0.62309736,0.0,0.4963503,0.0,0.0,0.0,0.0,0.0,0.0,0.0,0.0,0.0,0.0,0.43276244,0.19078834,0.27712843,0.0,0.0,0.19364387,0.0,0.0,0.0,0.0,0.0,0.0,0.0,0.0,0.0,0.0,0.0,0.0,0.0,0.0
ENSG00000253320,0.0,0.0,0.0,0.0,0.0,0.0,0.0,0.0,0.0,0.0,0.0,0.5950968,0.0,0.0,0.0,0.0,0.0,0.0,0.0,0.0,0.0,0.0,0.0,0.0,0.0,0.0,0.0,0.0,0.0,0.0,0.0,0.0,0.0,0.0,0.0,0.0,0.0,0.0,0.0,0.0,0.0,0.0
ATP6V1C1,0.0,0.0,0.0,0.0,0.0,0.0,0.0,0.0,0.0,0.0,0.0,0.0,0.7257168,0.0,0.0,0.0,0.0,0.0,0.0,0.0,0.0,0.0,0.0,0.0,0.0,0.0,0.0,0.0,0.0,0.0,0.0,0.0,0.0,0.0,0.0,0.0,0.0,0.0,0.0,0.0,0.0,0.0
SLC25A32,0.0,0.0,0.0,0.0,0.0,0.0,0.0,0.0,0.0,0.0,0.0,0.0,0.0,0.0,0.6868571,0.0,0.0,0.0,0.0,0.0,0.0,0.0,0.0,0.0,0.0,0.0,0.0,0.0,0.0,0.0,0.0,0.0,0.0,0.0,0.0,0.0,0.0,0.0,0.0,0.0,0.0,0.0
DCAF13,0.0,0.0,0.0,0.0,0.0,0.0,0.0,0.19883715,0.0,0.0,0.0,0.0,0.0,0.0,0.0,0.0,0.0,0.0,0.0,0.0,0.0,0.0,0.0,0.0,0.20105934,0.0,0.0,0.0,0.0,0.0,0.0,0.0,0.0,0.0,0.0,0.0,0.0,0.0,0.0,0.0,0.0,0.0
OXR1,0.0,0.0,0.0,0.0,0.0,0.0,0.0,0.0,0.0,0.18083665,0.0,0.0,0.44090223,0.0,0.0,0.0,0.0,0.0,0.0,0.0,0.0,0.0,0.0,0.0,0.13153149,0.0,0.0,0.0,0.0,0.0,0.0,0.0,0.0,0.0,0.0,0.0,0.0,0.0,0.0,0.0,0.0,0.0
EIF3E,1.3092604,0.0,1.1981593,1.1045191,0.78585756,1.2537684,1.4509389,1.6297431,0.0,1.085254,1.5066395,1.1521438,0.97920024,1.1891073,1.2927269,1.3437163,1.3217888,0.0,1.4087925,0.8699814,1.1530367,1.388398,1.1067109,0.4001857,1.0851513,1.4961596,1.7635748,1.7391787,1.1510946,0.0,1.7129786,1.094496,1.6418918,1.0784914,1.957267,1.6635268,1.828519,1.6186208,1.1271386,1.1633708,1.515377,1.4590521
ENY2,0.0,0.0,0.85893154,1.0371139,0.87555254,0.8047989,0.9049818,1.0267226,0.0,0.7637583,0.7733425,0.8635058,1.4048783,0.0,0.0,0.0,0.0,0.0,0.0,0.0,0.0,0.0,1.0044795,0.2457521,0.821747,0.0,0.9045438,0.87008893,0.620669,0.0,0.0,0.0,0.0,0.0,0.0,0.0,0.0,0.0,0.0,0.0,0.0,0.79295367
PKHD1L1,0.0,0.0,0.0,0.0,0.0,0.0,0.0,0.0,0.0,0.0,0.0,0.0,0.0,0.0,0.0,0.0,0.0,0.0,0.0,0.0,0.0,0.0,0.0,0.0,0.17043604,0.0,0.0,0.0,0.0,0.0,0.0,0.0,0.0,0.0,0.0,0.0,0.0,0.0,0.0,0.0,0.0,0.0
EBAG9,0.0,0.0,0.0,0.0,0.0,0.0,0.0,0.0,0.0,0.18083665,0.0,0.0,0.0,0.0,0.0,0.0,0.0,0.0,0.0,0.0,0.0,0.0,0.0,0.0,0.27712843,0.0,0.0,0.0,0.0,0.0,0.0,0.0,0.0,0.0,0.0,0.0,0.0,0.0,0.0,0.0,0.0,0.0
TRPS1,0.0,0.0,0.0,0.0,0.0,0.3431283,0.3384496,0.0,0.0,0.0,0.0,0.0,0.44090223,0.0,0.0,0.0,0.0,0.0,0.0,0.0,0.0,0.0,0.0,0.0,0.0,0.0,0.0,0.0,0.0,0.0,0.0,0.0,0.0,0.0,0.0,0.0,0.0,0.0,0.0,0.0,0.0,0.0
EIF3H,1.2390066,0.6126078,1.1604285,1.1497924,1.1133945,1.5074463,1.5253742,1.4170103,0.0,1.0842395,1.2351879,1.054872,0.97920024,1.1198549,1.2104161,1.0863206,1.1395389,0.0,1.193346,1.0537146,1.157654,1.3020046,1.1898253,0.41517442,0.9461585,1.4522822,1.8076286,1.3482687,1.1676476,0.0,1.433137,1.0687304,1.2902399,1.0763197,1.668608,1.5062981,1.5870976,1.5236037,1.1022253,1.1442078,1.1596017,1.4244695
RAD21,0.0,0.0,0.49104035,1.2194638,1.4977514,0.52941227,0.49660182,0.8261445,0.0,0.9307638,0.72809076,0.0,0.0,0.0,0.6868571,0.0,0.78716564,0.0,0.0,0.0,0.0,0.0,0.56675816,0.0,0.80864537,0.0,0.99275464,0.7490809,0.3860283,0.0,0.0,0.87668425,0.0,1.0211964,0.0,0.0,0.0,0.89553505,0.0,0.0,0.0,0.49602446
MED30,0.0,0.0,0.0,0.0,0.3761833,0.329874,0.37992248,0.1951735,0.0,0.5471599,0.0,0.0,0.0,0.0,0.0,0.0,0.0,0.0,0.0,0.0,0.0,0.0,0.0,0.0,0.0,0.0,0.0,0.0,0.0,0.0,0.0,0.0,0.0,0.0,0.0,0.0,0.0,0.0,0.0,0.0,0.0,0.6182582
MRPL13,0.0,0.0,0.0,0.0,0.0,0.0,0.3865379,0.7041045,0.0,0.21446666,0.0,0.0,0.0,0.0,0.0,0.0,0.0,0.0,0.0,0.0,0.0,0.0,0.0,0.0,0.45104513,0.0,0.0,0.20354718,0.0,0.0,0.0,0.0,0.0,0.0,0.0,0.0,0.0,0.0,0.0,0.0,0.0,0.0
DERL1,0.0,0.0,0.0,0.0,0.53616965,0.0,0.0,0.0,0.0,0.0,0.0,0.0,0.0,0.0,0.0,0.0,0.0,0.0,0.0,0.0,0.0,0.0,0.0,0.616688,1.0852854,0.0,0.0,0.0,0.0,0.0,0.0,0.0,0.0,0.0,0.0,0.0,0.0,0.0,0.0,0.0,0.0,0.0
C8orf76,0.0,0.0,0.0,0.0,0.0,0.0,0.0,0.0,0.0,0.0,0.0,0.0,0.0,0.0,0.0,0.0,0.0,0.0,0.0,0.0,0.0,0.0,0.0,0.0,0.08575259,0.0,0.0,0.0,0.0,0.0,0.0,0.0,0.0,0.0,0.0,0.0,0.0,0.0,0.0,0.0,0.0,0.0
ZHX1,0.0,0.0,0.0,0.0,0.0,0.0,0.0,0.0,0.0,0.18083665,0.0,0.0,0.0,0.0,0.0,0.0,0.0,0.0,0.0,0.0,0.0,0.0,0.0,0.0,0.0,0.0,0.0,0.0,0.0,0.0,0.0,0.0,0.0,0.0,0.0,0.0,0.0,0.0,0.0,0.0,0.0,0.0
ATAD2,0.0,0.0,0.0,0.76348877,1.0575061,0.0,0.0,0.3399948,0.0,0.7380967,0.0,0.0,0.0,0.0,0.0,0.0,0.0,0.0,0.0,0.0,0.0,0.0,0.0,0.0,0.39370456,0.0,0.0,0.26221168,0.0,0.0,0.0,0.0,0.0,0.0,0.0,0.0,0.0,0.0,0.0,0.0,0.0,0.0
RNF139,0.0,0.0,0.0,0.0,0.0,0.0,0.27371624,0.0,0.0,0.0,0.0,0.0,0.0,0.0,0.0,0.0,0.0,0.0,0.0,0.0,0.0,0.0,0.0,0.0,0.0,0.0,0.0,0.0,0.0,0.0,0.0,0.0,0.0,0.0,0.0,0.0,0.0,0.0,0.0,0.0,0.0,0.0
TATDN1,0.0,0.0,0.0,0.0,0.0,0.0,0.0,0.0,0.0,0.0,0.0,0.0,0.0,0.0,0.0,0.0,0.0,0.0,0.0,0.0,0.0,0.0,0.0,0.0,0.12881172,0.0,0.0,0.0,0.0,0.0,0.0,0.0,0.0,0.0,0.0,0.0,0.0,0.0,0.0,0.0,0.0,0.0
NDUFB9,0.6719898,0.0,0.90978557,1.221395,0.96013916,0.5035982,0.77093077,1.5282513,0.0,0.7432592,0.77548546,0.72981226,0.7458428,0.0,0.7355936,0.4380953,0.9142392,1.1285176,0.0,0.0,0.0,0.0,0.6750635,0.28372514,0.8485188,0.0,0.76748186,1.1215302,0.58626527,0.0,0.8757838,0.0,0.86873424,0.0,0.8989773,0.87427986,0.8333729,0.9132119,0.0,0.6491481,0.0,0.54020274
MTSS1,0.9282145,0.0,0.0,0.0,0.0,0.0,0.0,0.0,0.0,0.47256014,0.0,0.79289067,0.44090223,0.0,0.0,0.0,0.0,0.0,0.0,0.0,0.0,0.0,1.0990825,0.0,0.0,1.08413,0.0,0.0,0.0,0.0,0.0,0.0,0.0,0.0,0.0,0.0,0.0,0.0,0.0,0.0,0.0,0.0
SQLE,0.0,0.0,0.0,0.0,0.0,0.0,0.0,0.0,0.0,0.18083665,0.0,0.0,0.0,0.0,0.0,0.0,0.0,0.0,0.0,0.0,0.0,0.0,0.0,0.0,0.14972688,0.0,0.0,0.0,0.0,0.0,0.0,0.0,0.0,0.0,0.0,0.0,0.0,0.0,0.0,0.0,0.0,0.0
NSMCE2,0.0,0.0,0.0,0.0,0.0,0.0,0.0,0.0,0.0,0.0,0.0,0.0,0.0,0.0,0.0,0.0,0.0,0.0,0.0,0.0,0.0,0.0,0.0,0.0,0.118237555,0.0,0.0,0.0,0.0,0.0,0.0,0.0,0.0,0.0,0.0,0.0,0.0,0.0,0.0,0.0,0.0,0.0
TRIB1,0.0,0.0,0.8690965,0.61062056,0.0,0.0,0.0,0.0,0.0,0.0,0.0,0.5104259,0.0,0.0,0.0,0.0,0.0,0.0,0.0,0.0,0.0,0.0,0.0,0.91267604,0.616397,0.0,0.0,0.0,0.0,0.0,0.0,0.0,0.0,0.0,0.0,0.0,0.0,0.0,0.0,0.0,0.0,0.0
LINC00861,0.0,0.0,0.0,0.0,0.0,0.0,0.0,0.0,0.0,0.0,0.0,0.0,0.0,0.0,0.0,0.0,0.0,0.0,0.0,0.0,0.0,0.0,0.0,0.0,0.0,0.0,0.0,0.0,0.0,0.0,0.0,0.0,0.0,0.0,0.87337995,0.0,0.0,0.60681844,0.0,0.0,0.0,0.0
MYC,0.0,0.0,0.0,0.0,0.0,0.0,0.0,1.3909193,0.0,0.23380059,0.0,0.0,0.0,0.0,0.77814996,0.0,0.0,0.0,0.0,0.0,0.0,0.0,0.0,0.0,0.0,0.0,0.0,0.0,0.0,0.0,0.0,0.0,0.0,0.0,0.95699084,0.0,0.0,0.0,0.0,0.0,0.0,0.0
PVT1,0.0,0.0,0.0,0.0,0.0,0.0,0.0,0.92845744,0.0,0.18083665,0.0,0.0,0.0,0.0,0.0,0.0,0.0,0.0,0.0,0.0,0.0,0.0,0.0,0.0,0.0,0.0,0.0,0.0,0.0,0.0,0.0,0.0,0.0,0.0,0.0,0.0,0.0,0.0,0.0,0.0,0.0,0.0
CYRIB,0.6760944,0.4832946,1.0655715,1.0050677,1.1335387,1.2536565,1.1564937,0.14745966,0.0,0.7637583,0.0,0.82655406,0.91374826,0.9004487,0.6868571,0.0,0.0,0.0,0.0,1.2083539,1.0393367,0.0,0.95746034,0.0,0.31600973,0.0,0.0,0.40709168,0.0,0.0,0.0,1.0163901,0.0,1.0209124,0.0,0.0,0.0,0.5936779,0.9423192,0.0,0.0,1.1347785
ASAP1,0.0,0.0,0.0,0.26448596,0.0,0.96476376,0.3689735,0.0,0.0,0.0,0.0,0.0,0.44090223,0.0,0.0,0.0,0.0,0.0,0.0,0.0,0.0,0.0,0.0,0.0,0.0,0.0,0.0,0.0,0.0,0.0,0.0,0.0,0.0,0.0,0.0,0.0,0.0,0.0,0.0,0.0,0.0,0.0
PHF20L1,0.0,0.0,0.43834412,0.5001725,0.53196263,0.0,0.47268915,0.19677243,0.0,0.0,0.0,0.0,0.0,0.0,0.0,0.0,0.0,0.0,0.0,0.0,0.0,0.0,0.0,0.0,0.22223727,0.0,0.0,0.0,0.0,0.0,0.0,0.0,0.0,0.0,0.0,0.0,0.0,0.0,0.0,0.0,0.0,0.5201159
SLA,0.0,0.0,1.128622,0.6347841,0.75346756,0.0,0.41995525,0.0,0.0,0.0,0.81907105,1.0348424,0.0,0.0,0.0,0.0,0.0,0.0,0.0,0.0,0.0,0.0,0.89140856,0.0,0.0,0.0,0.0,0.0,0.0,0.0,0.0,0.0,0.0,0.0,0.0,0.0,0.0,0.0,0.0,0.0,0.0,0.0
ST3GAL1,0.0,0.0,0.0,0.0,0.0,0.0,0.0,0.0,0.0,0.0,1.105459,0.0,0.0,0.0,0.0,0.0,0.0,0.0,0.0,0.0,0.0,0.0,0.0,0.0,0.0,0.0,0.0,0.0,0.0,0.0,0.0,0.0,0.0,0.0,0.0,0.0,0.0,0.0,0.0,0.0,0.9242541,0.0
ZFAT,0.0,0.0,0.0,0.0,0.0,0.0,0.0,0.0,0.0,0.0,0.0,0.0,0.0,0.0,0.0,0.0,0.0,0.0,0.0,0.0,0.0,0.0,0.0,0.0,0.0,0.0,0.0,0.0,0.0,0.0,0.0,0.0,0.0,0.0,0.0,0.0,0.0,0.0,0.0,0.0,0.0,0.8085091
CHRAC1,0.0,0.0,0.0,0.0,0.45098045,0.0,0.33295542,0.22824296,0.0,0.47349092,0.0,0.0,0.5578004,0.0,0.0,0.0,0.0,0.0,0.0,0.0,0.0,0.0,0.0,0.0,0.1597676,0.0,0.0,0.0,0.0,0.0,0.0,0.0,0.0,0.0,0.0,0.0,0.0,0.0,0.0,0.0,0.0,0.0
AGO2,0.0,0.0,0.0,0.0,0.0,0.0,0.0,0.28509733,0.0,0.0,0.0,0.0,0.0,0.0,0.0,0.0,0.0,0.0,0.0,0.0,0.0,0.0,0.0,0.0,0.0,0.0,0.0,0.0,0.0,0.0,0.0,0.0,0.0,0.0,0.0,0.0,0.0,0.0,0.0,0.0,0.0,0.0
PTK2,0.0,0.0,0.0,0.0,0.0,0.5072514,0.0,0.0,0.0,0.0,0.0,0.0,0.0,0.0,0.0,0.0,0.0,0.0,0.0,0.0,0.0,0.0,0.0,0.0,0.0,0.0,0.0,0.0,0.0,0.0,0.0,0.0,0.0,0.0,0.0,0.0,0.0,0.0,0.0,0.0,0.0,0.0
DENND3,0.0,0.0,0.0,0.0,0.0,0.0,0.3044914,0.0,0.0,0.0,0.0,0.0,0.0,0.0,0.0,0.0,0.0,0.0,0.0,0.0,0.0,0.0,0.5606337,0.0,0.0,0.0,0.0,0.0,0.0,0.0,0.0,0.0,0.0,0.0,0.0,0.0,0.0,0.0,0.0,0.0,0.0,0.0
LY6E,1.4688034,0.0,0.0,0.0,1.5222025,0.52941227,0.6596643,0.0,0.0,0.41463724,0.0,0.5104259,0.0,0.95907027,1.3681959,0.0,0.0,0.0,0.9741131,1.2766601,1.4120566,0.0,1.115729,0.0,0.43370068,0.0,0.0,0.5112393,0.67652607,0.0,0.94644785,1.1003486,0.7836017,1.0007901,0.8510872,0.8173531,0.8920358,0.95817786,1.0322366,1.0225624,1.0810587,0.0
TOP1MT,0.0,0.0,0.0,0.0,0.0,0.0,0.0,0.28863525,0.0,0.0,0.0,0.0,0.0,0.0,0.0,0.0,0.0,0.0,0.0,0.0,0.0,0.0,0.0,0.0,0.0,0.0,0.0,0.0,0.0,0.0,0.0,0.0,0.0,0.0,0.0,0.0,0.0,0.0,0.0,0.0,0.0,0.0
GSDMD,0.0,0.0,0.0,0.0,0.53703225,0.0,0.3988271,0.0,0.0,0.0,0.0,0.0,0.0,0.0,0.0,0.0,0.0,0.0,0.0,0.0,0.0,0.0,0.0,0.0,0.18095525,0.0,0.0,0.3562816,0.0,0.0,0.0,0.0,0.0,0.0,0.0,0.0,0.0,0.0,0.0,0.0,0.0,0.0
NAPRT,0.0,0.0,0.0,0.0,0.0,0.0,0.39810312,0.0,0.0,0.0,0.0,0.5046885,0.0,0.0,0.0,0.0,0.0,0.0,0.0,0.0,0.0,0.0,0.0,0.0,0.0,0.0,0.0,0.0,0.0,0.0,0.0,0.0,0.0,0.0,0.0,0.0,0.0,0.0,0.0,0.0,0.0,0.0
EEF1D,2.4218729,1.6155457,1.9255925,1.868526,2.1970787,1.9916118,2.0581882,2.0321517,1.7585323,1.881964,2.2964392,1.9966062,2.0346148,2.5435915,2.6419563,2.2206755,1.9084494,1.4778419,2.451913,2.2105436,2.332181,2.6152225,2.1134624,1.7054696,2.042701,2.364612,2.2505853,2.0080733,2.3839126,1.5518593,2.6690998,2.3368897,2.6282105,2.3408837,2.852585,2.7450078,2.669607,2.6007628,2.3730428,2.5303063,2.410325,2.2954485
GFUS,0.0,0.0,0.0,0.0,0.0,0.0,0.0,0.6357128,0.0,0.18083665,0.0,0.0,0.0,0.0,0.0,0.0,0.0,0.0,0.0,0.0,0.0,0.0,0.0,0.0,0.26461154,0.0,0.0,0.0,0.0,0.0,0.0,0.0,0.0,0.0,0.0,0.0,0.0,0.0,0.0,0.0,0.0,0.0
PUF60,0.0,0.0,0.0,0.0,0.7777054,0.3828968,0.44408643,0.72774744,0.0,0.6785321,0.0,0.0,0.0,0.0,0.0,0.0,0.0,0.0,0.0,0.0,0.0,0.0,0.0,0.11845069,0.6040523,0.0,0.0,0.4794091,0.0,0.0,0.0,0.0,0.0,0.0,0.0,0.0,0.0,0.0,0.0,0.0,0.0,0.0
PLEC,0.0,0.0,0.5963395,0.42613742,0.0,0.0,0.40606603,0.0,0.0,0.0,0.0,0.5073828,0.0,0.0,0.0,0.0,0.0,0.0,0.0,0.0,0.0,0.0,0.46148866,0.0,0.0,0.0,0.0,0.0,0.0,0.0,0.0,0.0,0.0,0.0,0.0,0.0,0.0,0.0,0.0,0.0,0.0,0.0
PARP10,0.0,0.0,0.0,0.0,0.0,0.0,0.0,0.0,0.0,0.0,0.0,0.0,0.0,0.0,0.0,0.0,0.0,0.0,0.0,0.0,0.0,0.0,0.0,0.0,0.0,0.0,0.0,0.0,0.0,0.0,0.0,0.0,0.0,0.0,0.0,0.0,0.0,0.0,0.0,0.0,0.0,0.6437855
GRINA,0.0,0.97172,0.88650566,0.0,0.0,0.49875098,0.44801056,0.0,0.0,0.18155362,0.0,1.8617182,1.5203841,0.0,0.0,0.0,0.0,0.0,0.0,0.0,0.0,0.0,1.3282349,0.11117859,0.0,0.0,0.9181548,0.0,0.0,0.0,0.0,0.0,0.0,0.0,0.0,0.0,0.0,0.0,0.0,0.0,0.0,0.5315299
EXOSC4,0.0,0.0,0.0,0.0,0.0,0.0,0.0,0.34219158,0.0,0.0,0.0,0.0,0.0,0.0,0.0,0.0,0.0,0.0,0.0,0.0,0.0,0.0,0.0,0.0,0.20178393,0.0,0.0,0.0,0.0,0.0,0.0,0.0,0.0,0.0,0.0,0.0,0.0,0.0,0.0,0.0,0.0,0.0
GPAA1,0.0,0.0,0.0,0.0,0.58826715,0.0,0.0,0.44391942,0.0,0.0,0.0,0.0,0.0,0.0,0.0,0.0,0.0,0.0,0.0,0.0,0.0,0.0,0.0,0.18200545,0.5257547,0.0,0.0,0.23051018,0.0,0.0,0.0,0.0,0.0,0.0,0.0,0.0,0.0,0.0,0.0,0.0,0.0,0.0
CYC1,0.0,0.0,0.0,0.6298225,0.8729365,0.6542072,0.857405,1.3358122,0.0,0.7637583,0.0,0.79289067,0.0,0.0,0.7355936,0.0,0.0,0.0,0.0,0.0,0.0,0.0,0.64616233,0.39061257,1.217906,0.0,0.0,0.62381876,0.0,0.0,0.0,0.0,0.0,0.0,0.0,0.0,0.0,0.0,0.0,0.0,0.0,0.7375804
SHARPIN,0.0,0.0,0.0,0.0,0.0,0.0,0.0,0.43321717,0.0,0.0,0.0,0.0,0.0,0.0,0.0,0.0,0.0,0.0,0.0,0.0,0.0,0.0,0.0,0.0,0.13528542,0.0,0.0,0.0,0.0,0.0,0.0,0.0,0.0,0.0,0.0,0.0,0.0,0.0,0.0,0.0,0.0,0.0
MAF1,0.0,0.0,0.0,0.0,0.5759027,0.48802102,0.5179113,0.70273316,0.0,0.21446666,0.0,0.0,0.0,0.0,0.0,0.0,0.0,0.48358423,0.0,0.0,0.0,0.0,0.0,0.14303318,0.3272435,0.0,0.0,0.45699903,0.0,0.0,0.0,0.0,0.0,0.0,0.0,0.0,0.0,0.0,0.0,0.0,0.0,0.57224125
HGH1,0.0,0.0,0.0,0.0,0.0,0.0,0.0,0.12864082,0.0,0.0,0.0,0.0,0.0,0.0,0.0,0.0,0.0,0.0,0.0,0.0,0.0,0.0,0.0,0.0,0.0,0.0,0.0,0.0,0.0,0.0,0.0,0.0,0.0,0.0,0.0,0.0,0.0,0.0,0.0,0.0,0.0,0.0
BOP1,0.0,0.0,0.0,0.0,0.0,0.0,0.0,0.7221045,0.0,0.0,0.0,0.0,0.0,0.0,0.0,0.0,0.0,0.0,0.0,0.0,0.0,0.0,0.0,0.0,0.25475153,0.0,0.0,0.0,0.0,0.0,0.0,0.0,0.0,0.0,0.0,0.0,0.0,0.0,0.0,0.0,0.0,0.0
HSF1,0.0,0.0,0.0,0.0,0.0,0.28305006,0.0,0.5277822,0.0,0.0,0.0,0.0,0.44090223,0.0,0.0,0.0,0.0,0.0,0.0,0.0,0.0,0.0,0.0,0.0,0.17694849,0.0,0.0,0.0,0.0,0.0,0.0,0.0,0.0,0.0,0.0,0.0,0.0,0.0,0.0,0.0,0.0,0.0
SLC52A2,0.0,0.0,0.0,0.0,0.0,0.0,0.0,0.0,0.0,0.0,0.0,0.0,0.0,0.0,0.0,0.0,0.0,0.0,0.0,0.0,0.0,0.0,0.0,0.0,0.28265542,0.0,0.0,0.0,0.0,0.0,0.0,0.0,0.0,0.0,0.0,0.0,0.0,0.0,0.0,0.0,0.0,0.0
CPSF1,0.0,0.0,0.0,0.0,0.0,0.0,0.0,0.16659243,0.0,0.0,0.0,0.0,0.0,0.0,0.0,0.0,0.0,0.0,0.0,0.0,0.0,0.0,0.0,0.0,0.0,0.0,0.0,0.0,0.0,0.0,0.0,0.0,0.0,0.0,0.0,0.0,0.0,0.0,0.0,0.0,0.0,0.0
SLC39A4,0.0,0.0,0.0,0.0,0.0,0.0,0.0,0.29705486,0.0,0.0,0.0,0.0,0.0,0.0,0.0,0.0,0.0,0.0,0.0,0.0,0.0,0.0,0.0,0.0,0.116415784,0.0,0.0,0.0,0.0,0.0,0.0,0.0,0.0,0.0,0.0,0.0,0.0,0.0,0.0,0.0,0.0,0.0
VPS28,0.78854465,0.0,0.6319579,0.6622701,0.7813803,0.88654757,0.85181856,0.5848419,0.0,0.82848537,0.0,0.72981226,0.44090223,0.0,0.7355936,0.0,0.281609,0.96221375,0.0,0.87734437,0.9298854,0.0,0.89140856,0.27811354,0.5966694,0.0,0.0,0.6801449,0.19488612,0.0,0.8010584,0.0,0.0,0.0,0.83296853,0.0,0.0,0.9125868,0.0,0.0,0.0,0.72058356
C8orf82,0.0,0.0,0.0,0.0,0.0,0.0,0.0,0.13137402,0.0,0.0,0.0,0.0,0.0,0.0,0.0,0.0,0.0,0.0,0.0,0.0,0.0,0.0,0.0,0.0,0.0,0.0,0.0,0.0,0.0,0.0,0.0,0.0,0.0,0.0,0.0,0.0,0.0,0.0,0.0,0.0,0.0,0.0
RPL8,3.3505073,2.947977,2.8720918,3.051785,2.6332989,3.5734043,3.446781,3.8412106,2.9200668,3.1440678,3.2243779,2.9711685,2.9404216,3.3596034,3.5924568,3.3133993,3.0699825,2.8328404,3.598805,2.707335,3.1881688,3.7703216,3.2968884,2.433631,3.2655158,2.9345455,3.086852,3.4281545,3.2257066,1.6841538,3.590655,2.8666232,3.4508665,3.0460324,3.7550468,3.463925,3.533913,3.4941127,3.0167606,3.2642188,3.431264,2.9011893
COMMD5,0.0,0.0,0.0,0.0,0.0,0.28951037,0.0,0.0,0.0,0.3960203,0.0,0.0,0.0,0.0,0.0,0.0,0.0,0.0,0.0,0.0,0.0,0.0,0.0,0.0,0.0,0.0,0.0,0.0,0.0,0.0,0.0,0.0,0.0,0.0,0.0,0.0,0.0,0.0,0.0,0.0,0.0,0.0
C8orf33,0.0,0.0,0.0,0.0,0.0,0.0,0.0,0.29783472,0.0,0.0,0.0,0.0,0.0,0.0,0.0,0.0,0.0,0.0,0.0,0.0,0.0,0.0,0.0,0.0,0.16462293,0.0,0.0,0.0,0.0,0.0,0.0,0.0,0.0,0.0,0.0,0.0,0.0,0.0,0.0,0.0,0.0,0.0
WASHC1,0.0,0.0,0.0,0.0,0.0,0.34115425,0.0,0.4513419,0.0,0.18083665,0.0,0.5367148,0.0,0.0,0.0,0.0,0.0,0.0,0.0,0.0,0.0,0.0,0.0,0.0,0.0,0.0,0.0,0.0,0.0,0.0,0.0,0.0,0.0,0.0,0.0,0.0,0.0,0.0,0.0,0.0,0.0,0.0
ZNG1A,0.0,0.0,0.0,0.0,0.0,0.0,0.0,0.0,0.0,0.0,0.0,0.0,0.0,0.0,0.0,0.0,0.0,0.0,0.0,0.0,0.0,0.0,0.0,0.0,0.11483783,0.0,0.0,0.0,0.0,0.0,0.0,0.0,0.0,0.0,0.0,0.0,0.0,0.0,0.0,0.0,0.0,0.0
DOCK8,0.53828317,0.0,0.7575671,0.7010281,0.73900586,0.329874,0.8060506,0.0,0.0,1.1636944,0.0,0.0,0.5578004,0.0,0.0,0.0,0.14267562,0.0,0.0,0.0,0.0,0.0,0.73559976,0.0,0.4261218,0.0,0.0,0.0,0.0,0.0,0.0,0.0,0.0,0.0,0.0,0.0,0.0,0.0,0.0,0.8462326,0.0,0.6615205
SMARCA2,0.0,0.0,0.0,0.47143492,0.66613686,0.4165121,0.5200598,0.0,0.0,0.18083665,1.0716889,0.0,0.44090223,0.0,0.0,0.0,0.60345167,0.0,0.0,0.0,0.0,0.0,0.0,0.0,0.20105934,0.0,0.0,0.5630467,0.0,0.0,0.0,0.0,0.0,0.0,0.0,0.0,0.0,0.0,0.0,0.0,0.0,0.53808117
PUM3,0.0,0.0,0.0,0.0,0.0,0.0,0.0,0.4195574,0.0,0.0,0.0,0.0,0.0,0.0,0.0,0.0,0.0,0.0,0.0,0.0,0.0,0.0,0.0,0.0,0.20406052,0.0,0.0,0.0,0.0,0.0,0.0,0.0,0.0,0.0,0.0,0.0,0.0,0.0,0.0,0.0,0.0,0.0
AK3,0.0,0.0,0.0,0.0,0.0,0.0,0.0,0.3546848,0.0,0.36239028,0.0,0.0,0.0,0.0,0.0,0.0,0.0,0.0,0.0,0.0,0.0,0.0,0.0,0.0,0.0,0.0,0.0,0.0,0.0,0.0,0.0,0.0,0.0,0.0,0.0,0.0,0.0,0.0,0.0,0.0,0.0,0.0
RCL1,0.0,0.0,0.0,0.0,0.0,0.0,0.0,0.46045524,0.0,0.0,0.0,0.0,0.0,0.0,0.0,0.0,0.0,0.0,0.0,0.0,0.0,0.0,0.0,0.0,0.0,0.0,0.0,0.0,0.0,0.0,0.0,0.0,0.0,0.0,0.0,0.0,0.0,0.0,0.0,0.0,0.0,0.0
JAK2,0.0,0.0,0.0,0.0,0.0,0.34549886,0.36171302,0.0,0.0,0.0,0.0,0.0,0.0,0.0,0.0,0.0,0.0,0.0,0.0,0.0,0.0,0.0,0.0,0.0,0.0,0.0,0.0,0.0,0.0,0.0,0.0,0.0,0.0,0.0,0.0,0.0,0.0,0.0,0.0,0.0,0.0,0.0
PLGRKT,0.0,0.0,0.0,0.0,0.0,0.0,0.0,0.0,0.0,0.0,0.0,0.0,0.0,0.0,0.0,0.0,0.0,0.0,0.0,0.0,0.0,0.0,0.0,0.0,0.13101205,0.0,0.0,0.0,0.0,0.0,0.0,0.0,0.0,0.0,0.0,0.0,0.0,0.0,0.0,0.0,0.0,0.0
UHRF2,0.0,0.0,0.0,0.0,0.0,0.0,0.0,0.0,0.0,0.23380059,0.0,0.0,0.0,0.0,0.0,0.0,0.0,0.0,0.0,0.0,0.0,0.0,0.0,0.0,0.0,0.0,0.9045438,0.0,0.0,0.0,0.0,0.0,0.0,0.0,0.0,0.0,0.0,0.0,0.0,0.0,0.0,0.0
KDM4C,0.0,0.0,0.0,0.0,0.0,0.0,0.0,0.0,0.0,0.18083665,0.0,0.0,0.0,0.0,0.0,0.0,0.0,0.0,0.0,0.0,0.0,0.0,0.0,0.0,0.0,0.0,0.0,0.0,0.0,0.0,0.0,0.0,0.0,0.0,0.0,0.0,0.0,0.0,0.0,0.0,0.0,0.0
DMAC1,0.0,0.0,0.0,0.0,0.0,0.0,0.0,0.41575667,0.0,0.18083665,0.0,0.0,0.0,0.0,0.0,0.0,0.0,0.0,0.0,0.0,0.0,0.0,0.0,0.0,0.21339111,0.0,0.0,0.40527385,0.0,0.0,0.0,0.0,0.0,0.0,0.0,0.0,0.0,0.0,0.0,0.0,0.0,0.0
PSIP1,0.6721774,0.0,0.0,0.0,1.3583643,0.41057968,0.39008018,1.0336349,0.0,0.83725244,0.61280143,0.0,0.0,0.0,0.77814996,0.0,0.0,0.0,0.7465749,0.0,0.0,0.0,0.0,0.0,0.39058423,0.0,0.0,0.74182796,0.0,0.0,0.86133045,0.0,0.959865,0.0,0.93965155,0.94146025,0.8349947,1.0035727,0.0,0.0,0.9293262,0.0
RRAGA,0.0,0.0,0.0,0.0,0.0,0.0,0.0,0.18934622,0.0,0.3960203,0.0,0.0,0.0,0.0,0.0,0.0,0.0,0.0,0.0,0.0,0.0,0.0,0.0,0.0,0.0,0.0,0.0,0.0,0.0,0.0,0.0,0.0,0.0,0.0,0.0,0.0,0.0,0.0,0.0,0.0,0.0,0.0
HAUS6,0.0,0.0,0.0,0.0,0.0,0.0,0.0,0.18598387,0.0,0.0,0.0,0.0,0.0,0.0,0.0,0.0,0.0,0.0,0.0,0.0,0.0,0.0,0.0,0.0,0.0,0.0,0.0,0.0,0.0,0.0,0.0,0.0,0.0,0.0,0.0,0.0,0.0,0.0,0.0,0.0,0.0,0.0
PLIN2,0.0,1.9303445,0.8394518,0.0,0.0,0.0,0.44636363,0.8202609,0.0,0.0,0.0,2.3329887,1.661052,0.0,0.0,0.0,1.7412062,0.0,0.0,0.0,0.0,0.0,0.95237774,0.0,0.0,0.0,0.0,0.0,0.0,0.0,0.0,0.0,0.0,0.0,0.0,0.0,0.0,0.0,0.0,0.0,0.0,0.0
RPS6,3.6359768,2.8611789,2.96656,3.3828511,2.799562,3.5558941,3.5527165,4.0009327,2.7566483,3.6722283,3.4060898,2.6633515,3.120511,3.4914784,3.6670618,3.3861647,3.383769,2.441506,3.7394295,2.9009032,3.2660985,3.5937827,2.825388,2.1828015,3.2203996,3.004458,3.2833502,4.026002,3.3691633,1.9734956,3.9112148,3.3511999,3.804658,3.3857105,4.0713983,3.8005176,4.065095,3.6663282,3.3683586,3.4283361,3.5132568,3.528489
MLLT3,0.0,0.0,0.0,0.0,0.0,0.0,0.0,0.33873123,0.0,0.0,0.0,0.0,0.0,0.0,0.0,0.0,0.0,0.0,0.0,0.0,0.0,0.0,0.0,0.0,0.0,0.0,0.0,0.0,0.0,0.0,0.0,0.0,0.0,0.0,0.0,0.0,0.0,0.0,0.0,0.0,0.0,0.0
HACD4,0.0,0.0,0.0,0.0,0.0,0.59331524,0.51747286,0.0,0.0,0.0,0.0,0.0,0.0,0.0,0.0,0.0,0.0,0.6226772,0.0,0.0,0.0,0.0,0.0,0.0,0.0,0.0,0.0,0.0,0.0,0.0,0.0,0.0,0.0,0.0,0.0,0.0,0.0,0.0,0.0,0.0,0.0,0.0
MTAP,0.0,0.0,0.0,0.0,0.0,0.0,0.0,0.21169974,0.0,0.0,0.0,0.0,0.0,0.0,0.0,0.0,0.0,0.0,0.0,0.0,0.0,0.0,0.0,0.0,0.0,0.0,0.0,0.0,0.0,0.0,0.0,0.0,0.0,0.0,0.0,0.0,0.0,0.0,0.0,0.0,0.0,0.0
CDKN2A,0.0,0.0,0.0,0.0,0.0,0.0,0.0,0.0,0.0,0.0,0.0,0.0,0.0,0.0,0.0,0.0,0.0,0.0,0.0,0.0,0.0,0.0,0.0,0.0,0.17849067,0.0,0.0,0.0,0.0,0.0,0.0,0.0,0.0,0.0,0.0,0.0,0.0,0.0,0.0,0.0,0.0,0.0
CAAP1,0.0,0.0,0.0,0.0,0.0,0.0,0.0,0.104327425,0.0,0.0,0.0,0.0,0.0,0.0,0.0,0.0,0.0,0.0,0.0,0.0,0.0,0.0,0.0,0.0,0.0,0.0,0.0,0.0,0.0,0.0,0.0,0.0,0.0,0.0,0.0,0.0,0.0,0.0,0.0,0.0,0.0,0.0
C9orf72,0.0,0.0,0.0,0.0,0.0,0.0,0.0,0.0,0.0,0.0,0.0,0.0,0.0,0.0,0.0,0.0,0.0,0.0,0.0,0.0,0.0,0.0,0.65787625,0.0,0.0,0.0,0.0,0.0,0.0,0.0,0.0,0.0,0.0,0.0,0.0,0.0,0.0,0.0,0.0,0.0,0.0,0.0
SMIM27,0.0,0.0,0.0,0.0,0.0,0.0,0.0,0.0,0.0,0.6069472,0.0,0.0,0.0,0.0,0.0,0.0,0.0,0.0,0.0,0.0,0.0,0.0,0.0,0.0,0.0,0.0,0.0,0.0,0.0,0.0,0.0,0.0,0.0,0.0,0.0,0.0,0.0,0.0,0.0,0.0,0.0,0.0
NDUFB6,0.0,0.0,0.0,0.0,0.634848,0.48126704,0.39040408,1.0809044,0.0,0.5734832,0.0,0.0,0.0,0.0,0.0,0.0,0.0,0.0,0.0,0.0,0.0,0.0,0.0,0.26971257,0.90888524,0.0,0.0,0.4126782,0.0,0.0,0.0,0.0,0.0,0.0,0.0,0.0,0.0,0.0,0.0,0.0,0.0,0.0
APTX,0.0,0.0,0.0,0.0,0.0,0.0,0.0,0.0,0.0,0.0,0.0,0.0,0.0,0.0,0.0,0.0,0.0,0.0,0.0,0.0,0.0,0.0,0.0,0.0,0.13131355,0.0,0.0,0.0,0.0,0.0,0.0,0.0,0.0,0.0,0.0,0.0,0.0,0.0,0.0,0.0,0.0,0.0
DNAJA1,0.9556099,0.0,0.8022113,0.9647894,1.1781404,0.9254782,0.9757192,1.1113732,0.0,1.3913765,1.3559539,0.47305363,1.3831153,1.2674183,1.2104161,0.80058503,0.0,0.0,0.9007544,1.1939749,1.2380495,0.0,1.0179868,0.42078912,0.7768259,0.0,0.9181548,0.86541843,1.0260687,0.0,0.980621,1.121108,1.0590374,1.2488484,0.8609756,2.073555,0.81190366,1.0674769,1.2559866,1.6257966,1.2047434,1.1959157
SMU1,0.0,0.0,0.0,0.36079717,0.0,0.0,0.41778326,0.2293312,0.0,0.18083665,0.0,0.0,0.0,0.0,0.0,0.0,0.0,0.0,0.0,0.0,0.0,0.0,0.0,0.0,0.14813367,0.0,0.0,0.0,0.0,0.0,0.0,0.0,0.0,0.0,0.0,0.0,0.0,0.0,0.0,0.0,0.0,0.49432418
B4GALT1,0.886296,0.0,0.0,0.0,0.0,0.0,0.47555205,0.0,0.0,0.0,0.0,0.0,0.0,0.0,0.77814996,0.0,0.0,0.0,0.0,0.0,0.0,0.0,0.0,0.0,0.30893314,0.0,0.0,0.0,0.0,0.0,0.0,0.0,0.0,0.0,0.0,0.0,0.0,0.0,0.0,0.0,0.0,1.2844634
BAG1,0.0,0.0,0.0,0.6263548,0.5700275,0.5457487,0.6820837,0.8685937,0.0,0.18155362,0.0,0.4254868,0.0,0.0,0.0,0.0,0.0,0.0,0.0,0.0,0.0,0.0,0.5738134,0.288091,0.5691326,0.0,0.0,0.6509098,0.0,0.0,0.0,0.0,0.0,0.0,0.0,0.0,0.0,0.0,0.0,0.0,0.0,1.0629921
CHMP5,0.0,0.0,0.0,0.0,0.0,0.37967432,0.4043847,0.20019104,0.0,0.5978737,0.0,0.0,0.44090223,0.0,0.0,0.0,0.0,0.0,0.0,0.0,0.0,0.0,0.0,0.0,0.0,0.0,0.0,0.0,0.0,0.0,0.0,0.0,0.0,0.0,0.0,0.0,0.0,0.0,0.0,0.0,0.0,0.35168177
NFX1,0.0,0.0,0.0,0.0,0.0,0.0,0.0,0.0,0.0,0.18083665,0.0,0.0,0.0,0.0,0.0,0.0,0.0,0.0,0.0,0.0,0.0,0.0,0.0,0.0,0.0,0.0,0.0,0.0,0.0,0.0,0.0,0.0,0.0,0.0,0.0,0.0,0.0,0.0,0.0,0.0,0.0,0.0
AQP3,0.0,0.0,0.0,0.0,0.0,0.0,0.0,0.0,0.0,0.0,0.5784484,0.0,0.0,0.0,0.0,0.0,0.0,0.0,0.0,0.0,0.0,0.0,0.0,0.358495,1.0476937,0.0,0.0,0.0,0.0,0.0,0.7805133,0.0,0.0,0.0,0.0,0.0,0.0,0.0,0.0,0.0,0.0,0.0
UBE2R2,0.0,0.0,0.69553065,0.5529173,0.51109314,0.37093928,0.71294373,0.0,0.0,0.21446666,0.0,0.8840804,0.0,0.0,0.6868571,0.0,0.0,0.0,0.0,0.0,0.0,0.0,0.91610384,0.0,0.1597676,0.0,0.0,0.44314623,0.0,0.0,0.0,0.0,0.0,0.0,0.0,0.0,0.0,0.0,0.0,0.0,0.0,0.0
UBAP2,0.0,0.0,0.0,0.0,0.0,0.0,0.0,0.1445576,0.0,0.0,0.0,0.0,0.0,0.0,0.0,0.0,0.0,0.0,0.0,0.0,0.0,0.0,0.0,0.0,0.17029929,0.0,0.0,0.0,0.0,0.0,0.0,0.0,0.0,0.0,0.0,0.0,0.0,0.0,0.0,0.0,0.0,0.0
DCAF12,0.0,0.0,0.0,0.0,0.0,0.0,0.0,0.18177983,0.0,0.0,0.0,0.0,0.0,0.0,0.0,0.0,0.0,0.0,0.0,0.0,0.0,0.0,0.0,0.0,0.0,0.0,0.0,0.0,0.0,0.0,0.0,0.0,0.0,0.0,0.0,0.0,0.0,0.0,0.0,0.0,0.0,0.0
NUDT2,0.0,0.0,0.0,0.0,0.0,0.0,0.0,0.0,0.0,0.0,0.0,0.0,0.0,0.0,0.0,0.0,0.0,0.0,0.0,0.0,0.0,0.0,0.0,0.0,0.20739445,0.0,0.0,0.0,0.0,0.0,0.0,0.0,0.0,0.0,0.0,0.0,0.0,0.0,0.0,0.0,0.0,0.0
DCTN3,0.0,0.0,0.0,0.6788678,1.1816198,0.48604932,0.5724241,0.58987784,0.0,0.21446666,0.48630244,0.5950968,0.0,0.0,0.0,0.0,0.0,0.0,0.0,0.0,0.0,0.0,0.5954983,0.17477192,0.75626326,0.0,0.0,0.40193278,0.0,0.0,0.0,0.0,0.0,0.0,0.0,0.0,0.0,0.0,0.0,0.0,0.0,0.6593263
SIGMAR1,0.0,0.0,0.0,0.0,0.0,0.0,0.0,0.67908335,0.0,0.0,0.0,0.0,0.0,0.0,0.0,0.0,0.0,0.0,0.0,0.0,0.0,0.0,0.0,0.0,0.16632998,0.0,0.0,0.0,0.0,0.0,0.0,0.0,0.0,0.0,0.0,0.0,0.0,0.0,0.0,0.0,0.0,0.0
VCP,0.6719898,0.0,0.0,0.8333553,0.8918234,0.5955348,0.6595515,0.90099096,0.0,0.5521189,0.0,0.5950968,1.4347595,0.0,0.7355936,0.0,0.0,0.75021964,0.0,0.0,0.0,0.0,0.0,0.6805881,1.2556813,0.0,0.0,0.72580624,0.7403772,0.0,0.0,0.0,0.0,0.0,0.0,0.0,0.0,0.0,0.0,0.0,0.0,0.72001594
STOML2,0.0,0.0,0.0,0.0,0.36229748,0.0,0.40606603,1.174667,0.0,0.5471599,0.0,0.0,0.0,0.0,0.0,0.0,0.0,0.0,0.0,0.0,0.0,0.0,0.0,0.2128804,0.8971493,0.0,0.0,0.69158214,0.0,0.0,0.0,0.0,0.0,0.0,0.0,0.0,0.0,0.0,0.0,0.0,0.0,0.53584635
CD72,0.8109302,0.0,0.0,0.0,0.0,0.27226898,0.0,0.0,0.0,0.49282485,0.0,0.0,0.5578004,0.0,0.0,0.0,0.0,0.0,0.0,0.0,0.0,0.0,0.0,0.0,0.0,1.7318181,0.0,0.0,0.0,0.0,0.0,0.0,0.0,0.0,0.0,0.0,0.0,0.0,0.0,0.0,0.0,0.0
CCDC107,0.6126078,0.0,0.0,0.0,0.0,0.0,0.3996023,0.0,0.0,0.18155362,0.0,0.0,0.0,0.77390856,0.0,0.0,0.0,0.0,0.0,0.0,0.0,0.0,0.0,0.0,0.14103276,0.0,0.0,0.0,0.0,0.0,0.0,0.0,0.0,0.0,0.0,0.0,0.0,0.0,0.0,0.0,0.0,0.5399058
TPM2,0.0,0.0,0.0,0.0,0.0,0.0,0.0,0.0,0.0,0.0,0.0,0.0,0.0,0.0,0.0,0.0,0.0,0.0,0.0,0.0,0.0,0.0,0.0,0.0,0.0,0.0,0.0,0.0,0.0,0.0,0.0,0.0,0.0,0.0,0.0,0.0,0.0,0.0,0.0,0.0,0.0,1.506918
TLN1,0.84913063,0.90542024,1.313519,1.1668179,1.3186634,0.7185833,1.2832521,0.7418975,0.0,0.81903785,1.1428969,1.3458667,1.5203841,0.0,0.6868571,0.0,0.7718679,2.5674028,0.0,1.2879539,1.3119369,0.0,1.3387697,0.0,0.42941025,0.0,0.0,0.6686181,0.3510092,0.0,0.0,1.1071513,0.0,1.0982798,0.0,0.0,0.0,0.0,0.9636593,0.86617154,0.0,1.1630067
CREB3,0.0,0.0,0.0,0.0,0.0,0.0,0.0,0.0,0.0,0.0,0.0,0.0,0.0,0.0,0.0,0.0,0.0,0.0,0.0,0.0,0.0,0.0,0.0,0.14963485,0.1802879,0.0,0.0,0.0,0.0,0.0,0.0,0.0,0.0,0.0,0.0,0.0,0.0,0.0,0.0,0.0,0.0,0.0
HINT2,0.0,0.0,0.0,0.0,0.7388061,0.0,0.367315,0.440422,0.0,0.47349092,0.0,0.0,0.0,0.0,0.0,0.0,0.0,0.0,0.0,0.0,0.0,0.0,0.0,0.21866085,0.50724477,0.0,0.0,0.0,0.0,0.0,0.0,0.0,0.0,0.0,0.0,0.0,0.0,0.0,0.0,0.0,0.0,0.5065454
GLIPR2,0.0,0.8459288,0.94746196,0.9158561,0.75690556,0.55245733,0.82669866,0.0,0.0,0.0,0.0,0.90413547,0.44090223,0.0,0.0,0.0,0.0,0.0,0.0,0.0,0.0,0.0,0.0,0.0,0.0,0.0,0.0,0.0,0.0,0.0,0.0,0.0,0.0,0.0,0.0,0.0,0.0,0.0,0.0,0.0,0.0,0.0
CLTA,0.0,1.3726877,0.89865375,1.1380229,0.9539404,0.67467314,0.94709146,1.1612335,1.8160099,1.0843573,0.0,1.1472063,0.7458428,0.0,0.0,0.0,0.0,1.3911651,0.0,0.0,0.0,0.0,0.9463514,0.0,0.8193549,0.0,0.0,1.0128734,0.0,0.0,0.0,0.0,0.0,0.0,0.0,0.0,0.0,0.0,0.0,0.0,0.0,0.6533436
PAX5,0.7233591,0.0,0.0,0.0,0.0,0.0,0.0,0.0,0.0,0.65677464,0.0,0.0,0.0,0.0,0.7355936,0.0,0.0,0.0,0.0,0.0,0.0,0.0,0.0,0.0,0.0,1.3239954,0.0,0.0,0.0,0.0,0.0,0.0,0.0,0.0,0.0,0.0,0.0,0.0,0.0,0.0,0.0,0.0
EBLN3P,0.565376,0.0,0.0,0.0,0.0,0.0,0.0,0.0,0.0,0.18083665,0.0,0.0,0.0,0.0,0.0,0.0,0.0,0.0,0.0,0.0,0.0,0.0,0.0,0.0,0.0,0.5162929,1.1540726,0.0,0.0,0.0,0.0,0.0,0.0,0.0,0.0,0.0,0.0,0.0,0.0,0.0,0.0,0.4790024
ZCCHC7,0.0,0.0,0.0,0.0,0.0,0.0,0.0,0.1445576,0.0,0.7432592,0.0,0.0,0.0,0.0,0.0,0.0,0.0,0.0,0.0,0.0,0.0,0.0,0.0,0.0,0.14103276,1.2905264,1.515377,0.0,0.0,0.0,0.0,0.0,0.0,0.0,0.0,0.0,0.0,0.0,0.0,0.0,0.0,0.0
GRHPR,0.0,0.0,0.0,0.0,0.0,0.0,0.41995525,0.5188181,0.0,0.21446666,0.0,0.0,0.0,0.0,0.0,0.0,0.0,0.0,0.0,0.0,0.0,0.0,0.0,0.0,0.14045735,0.0,0.0,0.36646172,0.0,0.0,0.0,0.0,0.0,0.0,0.0,0.0,0.0,0.0,0.0,0.0,0.0,0.0
TOMM5,0.8109302,0.0,0.0,0.5377792,0.89339805,0.5035982,0.48666447,1.3724266,0.0,0.78208816,0.0,0.0,0.7257168,0.0,1.1548164,0.0,0.0,1.1539654,0.6157246,0.0,0.0,0.0,0.0,0.3995214,1.0496309,0.0,0.0,0.7684186,0.0,0.0,0.5745196,0.0,0.0,0.0,0.0,0.0,0.0,0.0,0.0,0.0,0.0,0.6491313
EXOSC3,0.0,0.0,0.0,0.0,0.0,0.0,0.0,0.31401363,0.0,0.0,0.0,0.0,0.0,0.0,0.0,0.0,0.0,0.0,0.0,0.0,0.0,0.0,0.0,0.0,0.0,0.0,0.0,0.0,0.0,0.0,0.0,0.0,0.0,0.0,0.0,0.0,0.0,0.0,0.0,0.0,0.0,0.0
FAM27C,0.0,0.0,0.0,0.0,0.0,0.0,0.0,0.0,0.0,0.0,0.0,0.0,0.0,0.0,0.0,0.0,0.0,0.0,0.0,0.0,0.0,0.0,0.0,0.0,0.1146783,0.0,0.0,0.0,0.0,0.0,0.0,0.0,0.0,0.0,0.0,0.0,0.0,0.0,0.0,0.0,0.0,0.0
ZNG1E,0.0,0.0,0.0,0.0,0.0,0.0,0.0,0.0,0.0,0.0,0.0,0.0,0.0,0.0,0.0,0.0,0.0,0.0,0.0,0.0,0.0,0.0,0.0,0.0,0.16899817,0.0,0.0,0.0,0.0,0.0,0.0,0.0,0.0,0.0,0.0,0.0,0.0,0.0,0.0,0.0,0.0,0.0
PIP5K1B,0.0,0.0,0.0,0.0,0.0,0.0,0.0,0.33433178,0.0,0.0,0.0,0.0,0.0,0.0,0.0,0.0,0.0,0.0,0.0,0.0,0.0,0.0,0.0,0.0,0.0,0.0,0.0,0.0,0.0,0.0,0.0,0.0,0.0,0.0,0.0,0.0,0.0,0.0,0.0,0.0,0.0,0.0
FXN,0.0,0.0,0.0,0.0,0.0,0.0,0.0,0.80644274,0.0,0.0,0.0,0.0,0.0,0.0,0.0,0.0,0.0,0.0,0.0,0.0,0.0,0.0,0.0,0.0,0.20105934,0.0,0.0,0.0,0.0,0.0,0.0,0.0,0.0,0.0,0.0,0.0,0.0,0.0,0.0,0.0,0.0,0.0
TJP2,0.0,0.0,0.0,0.0,0.0,0.3139043,0.0,0.0,0.0,0.0,0.0,0.0,0.0,0.0,0.0,0.0,0.0,0.0,0.0,0.0,0.0,0.0,0.0,0.0,0.0,0.0,0.0,0.0,0.0,0.0,0.0,0.0,0.0,0.0,0.0,0.0,0.0,0.0,0.0,0.0,0.0,0.0
SMC5,0.0,0.0,0.0,0.0,0.63432187,0.0,0.42475292,0.13319653,0.0,0.0,0.0,0.0,0.0,0.0,0.0,0.0,0.0,0.0,0.0,0.0,0.0,0.0,0.0,0.0,0.18766053,0.0,0.0,0.18623635,0.0,0.0,0.0,0.0,0.0,0.0,0.0,0.0,0.0,0.0,0.0,0.0,0.0,0.0
KLF9,0.0,0.0,0.0,0.0,0.0,0.0,0.63536197,0.0,0.0,0.0,0.0,0.0,0.0,0.0,0.0,0.0,0.0,0.0,0.0,0.0,0.0,0.0,0.0,0.0,0.0,0.0,0.0,0.0,0.0,0.0,0.77064997,0.0,0.9752388,0.0,0.9303478,0.0,0.0,0.0,0.0,0.0,0.0,0.0
CEMIP2,0.6535427,0.0,0.0,0.0,0.79974145,0.0,0.0,0.0,0.0,0.0,0.0,0.0,0.5578004,0.0,1.1810663,0.0,0.0,0.0,0.0,1.3122282,1.0560323,0.0,0.0,0.0,0.0,0.0,0.0,0.0,0.0,1.6315598,0.0,1.1501484,0.0,1.6182168,0.0,0.0,0.0,0.0,1.1566056,0.0,0.0,0.0
ABHD17B,0.0,0.0,0.0,0.0,0.0,0.0,0.0,0.0,0.0,0.18155362,0.0,0.0,0.0,0.0,0.0,0.0,0.0,0.0,0.0,0.0,0.0,0.0,0.0,0.0,0.0,0.0,0.0,0.0,0.0,0.0,0.0,0.0,0.0,0.0,0.0,0.0,0.0,0.0,0.0,0.0,0.0,0.0
ZFAND5,0.8425265,1.1356167,1.5113267,1.1337297,0.7215615,0.74492157,1.0038465,0.20214821,0.0,0.21446666,1.553327,1.5155156,1.3831153,0.86441886,0.0,0.0,0.0,0.0,0.0,0.0,0.76931036,0.0,1.710317,0.27354294,0.23725653,0.0,0.0,0.689682,0.0,0.0,0.6472772,0.0,0.8252188,0.0,0.0,0.0,0.0,0.0,0.0,0.92719793,1.0810587,0.6289192
ALDH1A1,0.0,0.0,0.0,0.0,0.0,0.0,0.0,0.9406976,0.0,0.0,0.0,0.0,0.0,0.0,0.0,0.0,0.0,0.0,0.0,0.0,0.0,0.0,0.0,0.0,0.0,0.0,0.0,0.0,0.0,0.0,0.0,0.0,0.0,0.0,0.0,0.0,0.0,0.0,0.0,0.0,0.0,0.0
ANXA1,0.0,1.5149615,2.1753867,2.0978723,1.501874,0.4580726,2.329749,0.0,0.5369518,0.0,1.4086025,1.889313,2.1363251,1.7546871,0.0,2.0628207,2.2762957,0.0,0.0,1.5044568,0.9682659,0.0,0.9705386,0.0,0.0,0.0,0.0,1.2081823,0.0,0.0,1.705014,1.7524498,1.4097708,1.1152179,0.709885,1.2718391,0.0,0.0,1.5231826,2.0676317,1.7605777,0.0
C9orf40,0.0,0.0,0.0,0.0,0.0,0.0,0.0,0.2043325,0.0,0.0,0.0,0.0,0.0,0.0,0.0,0.0,0.0,0.0,0.0,0.0,0.0,0.0,0.0,0.0,0.0,0.0,0.0,0.0,0.0,0.0,0.0,0.0,0.0,0.0,0.0,0.0,0.0,0.0,0.0,0.0,0.0,0.0
NMRK1,0.0,0.0,0.0,0.0,0.0,0.0,0.0,0.0,0.0,0.0,0.0,0.0,0.0,0.0,0.0,0.0,0.0,0.0,0.0,0.0,0.0,0.0,0.0,0.25752866,0.17900646,0.0,0.0,0.0,0.0,0.0,0.0,0.0,0.0,0.0,0.0,0.0,0.0,0.0,0.0,0.0,0.0,0.0
OSTF1,0.7109612,0.0,0.66754377,0.5631577,1.0535727,0.836957,0.8698336,0.0,0.0,0.0,0.392094,0.8635058,0.7257168,0.92269826,0.0,0.0,0.0,0.29552293,0.0,1.0954227,0.9587733,0.0,0.90133846,0.0,0.4299821,0.0,0.0,0.0,0.0,0.0,0.0,0.0,0.0,0.0,0.0,0.0,0.0,0.0,0.0,0.0,0.0,0.722078
RFK,0.0,0.0,0.0,0.0,0.0,0.0,0.0,0.4426146,0.0,0.0,0.0,0.0,0.0,0.0,0.0,0.0,0.0,0.0,0.0,0.0,0.0,0.0,0.0,0.0,0.0,0.0,0.0,0.0,0.0,0.0,0.0,0.0,0.0,0.0,0.0,0.0,0.0,0.0,0.0,0.0,0.0,0.0
VPS13A,0.0,0.0,0.0,0.0,0.0,0.0,0.0,0.0,0.0,0.21446666,0.0,0.0,0.0,0.0,0.0,0.0,0.0,0.0,0.0,0.0,0.0,0.0,0.0,0.0,0.0,0.0,0.0,0.0,0.0,0.0,0.0,0.0,0.0,0.0,0.0,0.0,0.0,0.0,0.0,0.0,0.0,0.0
GNAQ,0.0,0.0,0.7492821,0.71429193,0.0,0.3431283,0.75615543,0.20543616,0.0,0.0,0.0,0.0,0.97920024,0.0,0.0,0.0,0.94864225,0.0,0.0,0.0,0.0,0.0,0.0,0.0,0.0,0.0,0.0,0.6396867,0.0,0.0,0.0,0.0,0.0,0.0,0.0,0.0,0.0,0.0,0.0,0.0,0.0,0.0
CEP78,0.0,0.0,0.0,0.0,0.9437337,0.0,0.0,0.0,0.0,0.18155362,0.0,0.0,0.0,0.0,0.0,0.0,0.0,0.0,0.0,1.0715625,0.0,0.0,0.0,0.0,0.0,0.0,0.0,0.0,0.0,0.0,0.0,0.0,0.0,0.0,0.0,0.0,0.0,0.0,0.0,0.0,0.0,0.0
PSAT1,0.0,0.0,0.0,0.0,0.0,0.0,0.0,0.0,0.0,0.0,0.0,0.0,0.0,0.0,0.0,0.0,0.0,0.0,0.0,0.0,0.0,0.0,0.0,0.0,0.16899817,0.0,0.0,0.0,0.0,0.0,0.0,0.0,0.0,0.0,0.0,0.0,0.0,0.0,0.0,0.0,0.0,0.0
TLE4,0.0,0.0,0.7064449,0.42708337,0.6479966,0.0,0.42475292,0.0,0.0,0.3953033,0.0,0.0,0.0,0.0,0.0,0.0,0.0,0.0,0.0,1.1374702,0.0,0.0,0.55783236,0.0,0.31577328,1.0976659,1.2402272,0.0,0.0,0.0,0.5452302,0.89759696,0.0,0.0,0.0,0.0,0.0,0.0,0.0,0.8565465,0.0,0.0
TLE1,0.0,0.0,0.0,0.0,0.0,0.0,0.0,0.0,0.0,0.21446666,1.2089031,0.0,0.0,0.0,0.0,0.0,0.0,0.0,0.0,0.0,0.0,0.0,0.0,0.0,0.20105934,1.0824742,0.0,0.0,0.0,0.0,0.0,0.0,0.0,0.0,0.0,0.0,0.0,0.0,0.0,0.0,0.0,0.0
UBQLN1,0.4650107,0.0,0.0,0.47409338,0.0,0.3556153,0.39008018,0.31554723,0.0,0.23380059,0.0,0.4254868,0.0,0.0,0.0,0.0,0.0,0.0,0.0,0.0,0.0,0.0,0.0,0.0,0.24795079,0.0,0.0,0.21357438,0.0,0.0,0.0,0.0,0.0,0.0,0.0,0.0,0.0,0.0,0.0,0.0,0.0,0.0
HNRNPK,1.3381929,1.3726877,1.5154002,1.6859076,1.6209283,1.3581164,1.4511809,1.791473,0.0,1.3490667,1.4775915,1.0348424,1.141807,1.1903797,1.3148127,1.3133202,1.5156054,1.700975,1.3351945,1.3984158,1.3791559,1.4456584,1.2061446,0.47224572,1.3710822,1.869109,1.641556,1.5863566,1.310714,0.0,1.200264,1.3053269,1.1993725,1.4210445,1.1883532,1.3762736,1.3029797,1.3303627,1.2983141,1.3188117,1.2559866,1.6129832
AGTPBP1,0.0,0.0,0.658134,0.4780128,0.0,0.0,0.34136593,0.0,0.0,0.0,0.0,0.0,0.0,0.0,0.0,0.0,0.0,0.0,0.0,0.0,0.0,0.0,0.0,0.0,0.0,0.0,0.0,0.0,0.0,0.0,0.0,0.0,0.0,0.0,0.0,0.0,0.0,0.0,0.0,0.0,0.0,0.0
ISCA1,0.0,0.0,0.0,0.0,0.0,0.0,0.0,0.47428232,0.0,0.0,0.0,0.0,0.0,0.0,0.0,0.0,0.0,1.0687287,0.0,0.0,0.0,0.0,0.0,0.0,0.24290843,0.0,0.0,0.0,0.0,0.0,0.0,0.0,0.0,0.0,0.0,0.0,0.0,0.0,0.0,0.0,0.0,0.0
TUT7,0.0,0.0,0.0,0.0,0.0,0.0,0.0,0.0,0.0,0.0,0.0,0.0,0.0,0.0,0.0,0.0,0.0,0.0,0.0,0.0,0.0,0.0,0.4414577,0.0,0.14780025,0.0,0.0,0.0,0.0,0.0,0.0,0.0,0.0,0.0,0.0,0.0,0.0,0.0,0.0,0.0,0.0,0.0
DAPK1,0.0,0.0,0.0,0.0,0.0,0.0,0.0,0.0,0.0,0.0,0.0,0.47305363,0.0,0.0,0.0,0.0,0.0,0.0,0.0,0.0,0.0,0.0,0.5392797,0.0,0.0,0.0,0.0,0.0,0.0,0.0,0.0,0.0,0.0,0.0,0.0,0.0,0.0,0.0,0.0,0.0,0.0,0.0
CTSL,0.0,0.90542024,0.0,0.0,0.0,0.0,0.0,0.0,0.0,0.0,0.0,1.5155156,2.6242728,0.0,0.0,0.0,0.0,0.0,0.0,0.0,0.0,0.0,0.7141999,0.0,0.0,0.0,0.0,0.0,0.0,0.0,0.0,0.0,0.0,0.0,0.0,0.0,0.0,0.0,0.0,0.0,0.0,0.0
CKS2,0.0,0.0,0.0,0.58644587,1.0151541,0.6542072,0.0,1.3961244,0.0,1.0598222,0.0,0.0,0.7257168,0.0,0.0,0.0,0.0,0.0,0.0,0.0,0.0,0.0,0.0,0.0,0.6870338,0.0,1.0024796,0.71749467,0.0,0.0,0.0,0.0,0.0,0.0,0.0,0.0,0.0,0.0,0.0,0.0,0.0,0.0
SECISBP2,0.57448566,0.0,0.0,0.0,0.0,0.0,0.37851083,0.0,0.0,0.4153542,0.0,0.0,0.0,0.0,0.7355936,0.0,0.0,0.0,0.0,0.0,0.0,0.0,0.0,0.0,0.18095525,0.0,0.0,0.0,0.0,0.0,0.0,0.0,0.0,0.0,0.0,0.0,0.0,0.0,0.0,0.0,0.0,0.5421033
SEMA4D,0.0,0.0,0.0,0.0,0.58484024,0.0,0.0,0.0,0.0,0.0,0.0,0.0,0.0,0.0,0.0,0.0,0.0,0.0,0.0,0.0,0.0,0.0,0.0,0.0,0.0,0.0,0.0,0.0,0.0,0.0,0.0,0.0,0.7257168,0.0,0.0,0.8828466,0.84913063,0.0,0.0,0.0,0.0,0.0
SYK,1.1365354,0.0,0.98796844,1.2373998,0.0,0.8145584,0.824463,0.0,0.0,0.42880017,0.0,0.5104259,0.0,0.0,0.0,0.0,0.0,0.0,0.0,0.0,0.0,0.0,0.5298511,0.0,0.36329395,1.6362027,1.2402272,0.5858148,0.0,0.0,0.0,0.0,0.0,0.0,0.0,0.0,0.0,0.0,0.0,0.0,0.0,0.9740695
NFIL3,0.0,0.0,0.9259535,0.6099583,0.0,0.0,0.49472123,0.0,0.0,0.0,0.0,0.6602513,0.0,0.0,0.0,0.0,0.0,0.0,0.0,0.0,0.0,0.0,0.0,0.0,0.0,0.0,0.0,0.0,0.0,0.0,0.0,0.0,0.0,0.0,0.0,0.0,0.0,0.0,0.0,0.0,0.0,0.0
SPTLC1,0.0,0.0,0.0,0.0,0.0,0.0,0.0,0.10743968,0.0,0.0,0.0,0.0,0.0,0.0,0.0,0.0,0.0,0.0,0.0,0.0,0.0,0.0,0.0,0.0,0.0,0.0,0.0,0.0,0.0,0.0,0.0,0.0,0.0,0.0,0.0,0.0,0.0,0.0,0.0,0.0,0.0,0.0
IARS1,0.0,0.0,0.0,0.0,0.0,0.0,0.0,0.77785903,0.0,0.0,0.0,0.0,0.0,0.0,0.0,0.0,0.0,0.0,0.0,0.0,0.0,0.0,0.0,0.0,0.37302485,0.0,0.0,0.2403221,0.0,0.0,0.0,0.0,0.0,0.0,0.0,0.0,0.0,0.0,0.0,0.0,0.0,0.0
NOL8,0.0,0.0,0.0,0.0,0.0,0.0,0.0,0.27165872,0.0,0.0,0.0,0.0,0.0,0.0,0.0,0.0,0.0,0.0,0.0,0.0,0.0,0.0,0.0,0.0,0.22759601,0.0,0.0,0.0,0.0,0.0,0.0,0.0,0.0,0.0,0.0,0.0,0.0,0.0,0.0,0.0,0.0,0.0
BICD2,0.0,0.0,0.0,0.0,0.0,0.0,0.30307323,0.0,0.0,0.0,0.0,0.0,0.0,0.0,0.0,0.0,0.0,0.0,0.0,0.0,0.0,0.0,0.0,0.0,0.0,0.0,0.0,0.0,0.0,0.0,0.0,0.0,0.0,0.0,0.0,0.0,0.0,0.0,0.0,0.0,0.0,0.0
CARD19,0.0,0.0,0.0,0.0,0.0,0.0,0.42581785,0.0,0.0,0.0,0.0,0.0,0.0,0.0,0.0,0.0,0.0,0.6968479,0.0,0.0,0.0,0.0,0.0,0.0,0.0,0.0,0.0,0.0,0.0,0.0,0.0,0.0,0.0,0.0,0.0,0.0,0.0,0.0,0.0,0.0,0.0,0.0
NINJ1,0.0,0.0,0.5682648,0.0,0.0,0.0,0.0,0.0,1.6334537,0.18155362,0.0,1.4059621,1.5203841,0.0,0.0,0.0,0.0,0.0,0.0,0.0,0.0,0.0,1.08828,0.0,0.0,0.0,0.0,0.0,0.0,0.0,0.0,0.0,0.0,0.0,0.0,0.0,0.0,0.0,0.0,0.0,0.0,0.0
FAM120AOS,0.0,0.0,0.0,0.0,0.0,0.0,0.0,0.19677243,0.0,0.0,0.0,0.0,0.0,0.0,0.0,0.0,0.0,0.0,0.0,0.0,0.0,0.0,0.0,0.0,0.17104095,0.0,0.0,0.0,0.0,0.0,0.0,0.0,0.0,0.0,0.0,0.0,0.0,0.0,0.0,0.0,0.0,0.0
FAM120A,0.0,0.0,0.81640303,0.9081489,0.0,0.0,0.62292796,0.40514868,0.0,0.0,0.0,0.0,0.0,0.0,0.0,0.0,0.0,0.0,0.0,0.0,0.0,0.0,0.4979903,0.0,0.24683121,0.0,0.0,0.39051512,0.0,0.0,0.0,0.0,0.0,0.0,0.0,0.0,0.0,0.0,0.0,0.0,0.0,0.0
MFSD14B,0.0,0.0,0.0,0.27575946,0.0,0.0,0.0,0.0,0.0,0.0,0.0,0.0,0.0,0.0,0.0,0.0,0.0,0.0,0.0,0.0,0.0,0.0,0.0,0.0,0.0,0.0,0.0,0.0,0.0,0.0,0.0,0.0,0.0,0.0,0.0,0.0,0.0,0.0,0.0,0.0,0.0,0.0
FBP1,0.0,0.0,0.0,0.60164404,0.0,0.0,0.48867783,0.0,0.0,0.0,0.0,0.838519,0.0,0.0,0.0,0.0,0.0,0.0,0.0,0.0,0.0,0.0,0.6509874,0.0,0.0,0.0,0.0,0.0,0.0,0.0,0.0,0.0,0.0,0.0,0.0,0.0,0.0,0.0,0.0,0.0,0.0,0.0
ERCC6L2,0.0,0.0,0.0,0.0,0.0,0.0,0.0,0.0,0.0,0.18083665,0.0,0.0,0.0,0.0,0.0,0.0,0.0,0.0,0.0,0.0,0.0,0.0,0.0,0.0,0.0,0.0,0.0,0.0,0.0,0.0,0.0,0.0,0.0,0.0,0.0,0.0,0.0,0.0,0.0,0.0,0.0,0.0
PRXL2C,0.0,0.0,0.0,0.0,0.0,0.28412688,0.0,0.0,0.0,0.0,0.0,0.0,0.0,0.0,0.0,0.0,0.0,0.0,0.0,0.0,0.0,0.0,0.0,0.0,0.0,0.0,0.0,0.0,0.0,0.0,0.0,0.0,0.0,0.0,0.0,0.0,0.0,0.0,0.0,0.0,0.0,0.0
ENSG00000196312,0.0,0.0,0.0,0.0,0.0,0.3139043,0.0,0.0,0.0,0.0,0.0,0.0,0.0,0.0,0.0,0.0,0.0,0.0,0.0,0.0,0.0,0.0,0.0,0.0,0.0,0.0,0.0,0.0,0.0,0.0,0.0,0.0,0.0,0.0,0.0,0.0,0.0,0.0,0.0,0.0,0.0,0.0
TDRD7,0.0,0.0,0.0,0.0,0.0,0.0,0.0,0.0,0.0,0.36239028,0.0,0.0,0.0,0.0,0.0,0.0,0.0,0.0,0.0,0.0,0.0,0.0,0.0,0.0,0.0,0.0,0.0,0.0,0.0,0.0,0.0,0.0,0.0,0.0,0.0,0.0,0.0,0.0,0.0,0.0,0.0,0.0
XPA,0.0,0.0,0.0,0.0,0.0,0.0,0.0,0.0,0.0,0.4153542,0.0,0.0,0.0,0.0,0.0,0.0,0.0,0.0,0.0,0.0,0.0,0.0,0.0,0.0,0.0,0.0,0.0,0.0,0.0,0.0,0.0,0.0,0.0,0.0,0.0,0.0,0.0,0.0,0.0,0.0,0.0,0.15234855
ENSG00000287070,0.0,0.0,0.0,0.0,0.0,0.0,0.0,0.0,0.0,0.0,0.0,0.0,0.0,0.0,0.0,0.0,0.0,0.0,0.0,0.0,0.0,0.0,0.0,0.0,0.0,0.0,0.0,0.0,0.0,0.0,0.0,0.0,0.85701454,0.0,0.0,0.0,0.0,0.0,0.0,0.0,0.0,0.0
ANP32B,1.226436,0.0,1.0162215,2.0191197,2.0396261,0.97191745,1.2825925,2.1649384,0.0,2.0245645,1.2193325,1.1174961,0.7257168,1.0937032,1.3148127,1.0931094,1.670761,1.9696224,1.1394591,0.0,0.8748887,1.0339851,1.1680255,0.37846246,1.7041628,0.0,1.031539,1.9303823,1.0608475,0.0,1.323445,1.0313067,1.2281411,0.0,1.4387527,1.4012923,1.3973836,1.3796563,0.98860353,1.0402153,1.3600663,1.1801703
NANS,0.0,0.0,0.0,0.38176364,0.0,0.0,0.49645084,0.36586088,0.0,0.18083665,0.0,0.4254868,0.5578004,0.0,0.0,0.0,0.0,0.0,0.0,0.0,0.0,0.0,0.5268331,0.5374929,0.86736345,0.0,0.0,0.38821775,0.0,0.0,0.0,0.0,0.0,0.0,0.0,0.0,0.0,0.0,0.0,0.0,0.0,0.50154823
TBC1D2,0.0,0.0,0.0,0.0,0.0,0.0,0.0,0.0,0.0,0.0,0.0,0.0,0.44090223,0.0,0.0,0.0,0.0,0.0,0.0,0.0,0.0,0.0,0.0,0.0,0.0,0.0,0.0,0.0,0.0,0.0,0.0,0.0,0.0,0.0,0.0,0.0,0.0,0.0,0.0,0.0,0.0,0.0
ALG2,0.0,0.0,0.0,0.0,0.0,0.0,0.0,0.0,0.0,0.0,0.0,0.0,0.0,0.0,0.0,0.0,0.0,0.0,0.0,0.0,0.0,0.0,0.0,0.0,0.11483783,0.0,0.0,0.0,0.0,0.0,0.0,0.0,0.0,0.0,0.0,0.0,0.0,0.0,0.0,0.0,0.0,0.0
SEC61B,1.2050706,0.90542024,1.1532929,1.3124598,1.1970563,1.158951,1.4650563,1.3894957,1.2427522,1.4592626,1.2542381,1.3198661,0.91374826,1.0531672,0.0,1.1441592,1.6016488,1.4979894,0.9059479,1.1816926,1.0472519,0.0,1.0136144,1.6160209,2.396607,1.2576432,0.9181548,1.3331437,0.98136467,0.0,0.95393884,1.0534105,0.7780863,1.0554215,0.0,0.0,0.0,0.90375656,1.0204014,0.94203264,0.980621,2.7132363
NR4A3,0.0,0.0,0.0,0.0,0.0,0.66070366,0.0,0.0,0.0,0.0,0.0,0.0,0.0,0.0,0.0,0.0,0.0,0.0,0.0,0.0,0.0,0.0,0.0,0.0,0.0,0.0,0.0,0.0,0.0,0.0,0.0,0.0,0.0,0.0,0.0,0.0,0.0,0.0,0.0,0.0,0.0,0.0
ERP44,0.0,0.0,0.0,0.33675575,0.3525089,0.3977822,0.44636363,0.0,0.0,0.4977838,0.0,0.5367148,0.0,0.0,0.0,0.0,0.0,0.0,0.0,0.0,0.0,0.0,0.5588264,0.30019924,0.5902984,0.0,0.0,0.2628951,0.0,0.0,0.0,0.0,0.0,0.0,0.0,0.0,0.0,0.0,0.0,0.0,0.0,0.0
MRPL50,0.0,0.0,0.0,0.0,0.0,0.0,0.0,0.3484845,0.0,0.0,0.0,0.0,0.0,0.0,0.0,0.0,0.0,0.0,0.0,0.0,0.0,0.0,0.0,0.0,0.17104095,0.0,0.0,0.0,0.0,0.0,0.0,0.0,0.0,0.0,0.0,0.0,0.0,0.0,0.0,0.0,0.0,0.0
SMC2,0.0,0.0,0.0,0.46034166,1.0264837,0.0,0.0,0.6585908,0.0,0.4153542,0.0,0.0,0.0,0.0,0.0,0.0,0.0,0.0,0.0,0.0,0.0,0.0,0.0,0.0,0.64408344,0.0,0.0,0.0,0.0,0.0,0.0,0.0,0.0,0.0,0.0,0.0,0.0,0.0,0.0,0.0,0.0,0.0
NIPSNAP3A,0.0,0.0,0.0,0.0,0.0,0.0,0.30505306,0.34375167,0.0,0.0,0.0,0.0,0.0,0.0,0.0,0.0,0.0,0.0,0.0,0.0,0.0,0.0,0.0,0.0,0.0,0.0,0.0,0.0,0.0,0.0,0.0,0.0,0.0,0.0,0.0,0.0,0.0,0.0,0.0,0.0,0.0,0.0
ABCA1,0.0,0.0,0.0,0.0,0.0,0.0,0.0,0.0,0.0,0.0,0.0,0.7063019,0.91374826,0.0,0.0,0.0,0.0,0.0,0.0,0.0,0.0,0.0,0.0,0.0,0.0,0.0,0.0,0.0,0.0,0.0,0.0,0.0,0.0,0.0,0.0,0.0,0.0,0.0,0.0,0.0,0.0,0.0
SLC44A1,0.0,0.0,0.0,0.9038222,0.0,0.0,0.0,0.0,0.0,0.0,0.0,0.0,0.0,0.0,0.0,0.0,0.0,0.0,0.0,0.0,0.0,0.0,0.0,0.0,0.30059022,0.0,0.9506155,0.16710505,0.0,0.0,0.0,0.0,0.0,0.0,0.0,0.0,0.0,0.0,0.0,0.0,0.0,0.0
RAD23B,0.0,0.0,0.53445435,0.6717089,0.57504797,0.4165121,0.53533906,0.7177143,0.0,0.7058399,0.0,0.0,0.5578004,0.0,0.0,0.0,0.0,0.19164154,0.0,0.0,0.0,0.0,0.43962413,0.0,0.46923244,0.0,0.0,0.5147165,0.0,0.0,0.0,0.0,0.0,0.0,0.0,0.0,0.0,0.0,0.0,0.0,0.0,0.0
KLF4,0.0,0.0,1.0693585,0.99651223,0.0,1.0655091,1.3621154,0.0,0.0,0.0,0.0,1.5379356,1.5848913,0.0,0.0,0.0,0.0,0.0,0.0,0.0,0.0,0.0,1.201076,0.0,0.0,0.0,0.0,0.0,0.0,0.0,0.0,0.0,0.0,0.0,0.0,0.0,0.0,0.0,0.0,0.0,0.0,0.0
CTNNAL1,0.0,0.0,0.0,0.0,0.0,0.0,0.0,0.2928719,0.0,0.18083665,0.0,0.0,0.0,0.0,0.0,0.0,0.0,0.0,0.0,0.0,0.0,0.0,0.0,0.0,0.17365827,0.0,0.0,0.0,0.0,0.0,0.0,0.0,0.0,0.0,0.0,0.0,0.0,0.0,0.0,0.0,0.0,0.0
PALM2AKAP2,0.0,0.0,0.0,0.0,0.0,0.0,0.0,0.0,0.0,0.0,0.0,0.0,0.0,0.0,0.0,0.0,0.168179,0.0,0.0,0.0,0.0,0.0,0.0,0.0,0.4866162,0.0,0.0,0.0,0.0,0.0,0.0,0.0,0.0,0.0,0.0,0.0,0.0,0.0,0.0,0.0,0.0,0.0
TXN,0.0,0.97172,1.0181375,1.4281349,1.1345278,1.5905099,1.0852811,1.7078642,2.0026302,0.8468152,0.0,0.8423759,0.0,0.0,0.0,1.0507423,1.1620989,1.4859812,0.0,0.0,0.0,0.0,0.677403,0.5610445,1.7459102,0.0,0.0,1.7129323,0.0,0.0,0.7283124,0.0,0.0,0.0,0.0,0.0,0.0,0.89553505,0.0,0.93211806,0.0,1.5799811
GNG10,0.0,0.0,0.7154329,0.36285475,0.0,0.96315825,0.6940484,0.08721489,1.6072533,0.0,0.0,0.68302804,0.0,0.0,0.0,0.0,0.0,0.0,0.0,0.0,0.0,0.0,0.5608859,0.0,0.0,0.0,0.0,0.0,0.0,0.0,0.0,0.0,0.0,0.0,0.0,0.0,0.0,0.0,0.0,0.0,0.0,0.0
UGCG,0.510213,0.0,0.0,0.0,0.0,0.4580726,0.5106391,0.0,0.0,0.3960203,0.0,0.0,0.0,0.0,0.0,0.0,0.0,0.0,0.0,0.0,0.0,0.0,0.0,0.0,0.0,0.0,0.0,0.0,0.0,0.0,0.0,0.0,0.0,0.0,0.0,0.0,0.0,0.0,0.0,0.0,0.0,2.337172
SUSD1,0.0,0.0,0.0,0.0,0.0,0.0,0.0,0.0,0.0,0.0,0.0,0.0,0.0,0.0,0.0,0.0,0.0,0.0,0.0,0.0,0.0,0.0,0.0,0.0,0.0,0.0,0.0,0.0,0.0,0.0,0.0,0.0,0.0,0.0,0.0,0.0,0.0,0.0,0.0,0.0,0.0,0.742728
PTBP3,0.0,0.0,0.8127749,0.902871,0.7383777,0.54746395,0.62200767,0.33012676,0.0,0.25902426,0.0,0.4963503,0.0,0.0,0.6868571,0.0,0.0,0.0,0.0,0.0,0.0,0.0,0.6629522,0.0,0.0,0.0,0.0,0.37323004,0.0,0.0,0.0,0.0,0.0,0.0,0.0,0.0,0.0,0.0,0.0,0.0,0.0,0.9565455
HSDL2,0.0,0.0,0.0,0.0,0.0,0.37967432,0.0,0.27045375,0.0,0.0,0.0,0.0,0.0,0.0,0.0,0.0,0.0,0.0,0.0,0.0,0.0,0.0,0.0,0.0,0.0,0.0,0.0,0.0,0.0,0.0,0.0,0.0,0.0,0.0,0.0,0.0,0.0,0.0,0.0,0.0,0.0,0.0
SLC31A2,0.0,0.0,0.0,0.0,0.0,0.0,0.0,0.0,0.0,0.0,0.0,0.79289067,0.0,0.0,0.0,0.0,0.0,0.0,0.0,0.0,0.0,0.0,0.61726606,0.0,0.0,0.0,0.0,0.0,0.0,0.0,0.0,0.0,0.0,0.0,0.0,0.0,0.0,0.0,0.0,0.0,0.0,0.0
FKBP15,0.0,0.0,0.0,0.0,0.0,0.34549886,0.2934634,0.0,0.0,0.0,0.0,0.0,0.7257168,0.0,0.0,0.0,0.0,0.0,0.0,0.0,0.0,0.0,0.0,0.0,0.0,0.0,0.0,0.0,0.0,0.0,0.0,0.0,0.0,0.0,0.0,0.0,0.0,0.0,0.0,0.0,0.0,0.0
CDC26,0.0,0.0,0.0,0.0,0.0,0.0,0.30307323,0.30914012,0.0,0.0,0.0,0.0,0.0,0.0,0.0,0.0,0.0,0.0,0.0,0.0,0.0,0.0,0.0,0.0,0.23451747,0.0,0.0,0.0,0.0,0.0,0.0,0.0,0.0,0.0,0.0,0.0,0.0,0.0,0.0,0.0,0.0,0.0
PRPF4,0.0,0.0,0.0,0.0,0.0,0.0,0.0,0.0,0.0,0.0,0.0,0.0,0.0,0.0,0.0,0.0,0.0,0.0,0.0,0.0,0.0,0.0,0.0,0.0,0.13148819,0.0,0.0,0.0,0.0,0.0,0.0,0.0,0.0,0.0,0.0,0.0,0.0,0.0,0.0,0.0,0.0,0.0
HDHD3,0.0,0.0,0.0,0.0,0.0,0.0,0.0,0.34274825,0.0,0.0,0.0,0.0,0.0,0.0,0.0,0.0,0.0,0.0,0.0,0.0,0.0,0.0,0.0,0.0,0.0,0.0,0.0,0.0,0.0,0.0,0.0,0.0,0.0,0.0,0.0,0.0,0.0,0.0,0.0,0.0,0.0,0.0
ALAD,0.0,0.0,0.0,0.0,0.0,0.0,0.0,0.59142935,0.0,0.0,0.0,0.0,0.0,0.0,0.0,0.0,0.0,0.0,0.0,0.0,0.0,0.0,0.0,0.0,0.0,0.0,0.0,0.0,0.0,0.0,0.0,0.0,0.0,0.0,0.0,0.0,0.0,0.0,0.0,0.0,0.0,0.0
POLE3,0.0,0.0,0.0,0.44568697,0.5788099,0.0,0.32453808,0.9799101,0.0,0.7650356,0.0,0.0,0.0,0.0,0.0,0.0,0.0,0.0,0.0,0.0,0.0,0.0,0.0,0.0,0.644377,0.0,0.0,0.52304506,0.0,0.0,0.0,0.0,0.0,0.0,0.0,0.0,0.0,0.0,0.0,0.0,0.0,0.0
AKNA,0.0,0.0,0.0,0.0,0.842924,0.50513124,0.50117546,0.0,0.0,0.63124,0.0,0.0,0.0,0.9058592,0.0,0.0,0.0,0.0,0.0,1.3010311,1.2187027,0.0,0.17070061,0.0,0.0,0.0,0.0,0.0,0.17714557,1.3404793,0.0,1.0664763,0.0,1.1677012,0.0,0.0,0.0,0.0,1.0659769,0.0,0.99532795,0.53584635
ATP6V1G1,1.3703829,0.9897175,1.0481791,1.0307024,0.87225795,0.8421878,1.1207249,0.7133505,1.680121,1.0573006,1.2266064,1.4059621,1.3831153,1.1074905,1.4930514,0.7321209,0.85989726,1.0629454,1.4487045,1.1403574,1.1749985,1.3617914,1.3384869,0.6195903,0.72134984,1.7958825,1.4336234,0.92288136,1.2106314,0.0,1.2669601,1.1742256,1.1257298,1.2324271,1.3489223,1.1078947,1.3855823,1.2565256,1.2018073,1.1095303,1.1596017,1.2353632
TLR4,0.0,0.0,0.69563144,0.0,0.0,0.0,0.0,0.0,0.0,0.0,0.0,0.0,1.141807,0.0,0.0,0.0,0.0,0.0,0.0,0.0,0.0,0.0,0.0,0.0,0.0,0.0,0.0,0.0,0.0,0.0,0.0,0.0,0.0,0.0,0.0,0.0,0.0,0.0,0.0,0.0,0.0,0.0
CDK5RAP2,0.0,0.0,0.0,0.0,0.0,0.0,0.0,0.0,0.0,0.0,0.0,0.0,0.0,0.0,0.0,0.0,0.0,0.0,0.0,0.0,0.0,0.0,0.0,0.0,0.14972688,0.0,0.0,0.0,0.0,0.0,0.0,0.0,0.0,0.0,0.0,0.0,0.0,0.0,0.0,0.0,0.0,0.0
MEGF9,0.0,0.0,1.1291176,0.7584412,0.0,0.0,0.35118595,0.0,0.0,0.0,0.0,0.3987304,0.0,0.0,0.0,0.0,0.0,0.0,0.0,0.0,0.0,0.0,0.0,0.0,0.0,0.0,0.0,0.0,0.0,0.0,0.0,0.0,0.0,0.0,0.0,0.0,0.0,0.0,0.0,0.0,0.0,0.0
PHF19,0.0,0.0,0.0,0.36616752,0.9150027,0.0,0.0,0.0,0.0,0.4398609,0.0,0.0,0.0,0.0,0.0,0.0,0.0,0.0,0.0,0.0,0.0,0.0,0.0,0.0,0.7042414,0.0,0.0,0.0,0.0,0.0,0.0,0.0,0.0,0.0,0.0,0.0,0.0,0.0,0.0,0.0,0.0,0.0
CNTRL,0.0,0.0,0.0,0.64618397,0.7826016,0.0,0.44790858,0.0,0.0,0.5482596,0.0,0.0,0.0,0.0,0.0,0.0,0.0,0.0,0.0,0.0,0.0,0.0,0.0,0.0,0.15349633,0.0,0.0,0.43418914,0.0,0.0,0.0,0.0,0.0,0.0,0.0,0.0,0.0,0.0,0.0,0.0,0.0,0.465179
RAB14,0.565376,0.0,0.0,0.66758925,0.596038,0.38395348,0.7097773,0.3584625,0.0,0.36239028,0.0,0.5073828,0.0,0.0,0.0,0.0,0.0,0.6658173,0.0,0.0,0.0,0.0,0.56102854,0.0,0.20615016,0.0,0.0,0.47673362,0.0,0.0,0.0,0.0,0.0,0.0,0.0,0.0,0.0,0.0,0.0,0.0,0.0,0.5657387
GSN,0.0,0.8188347,0.0,0.45391202,0.0,0.40020192,1.10322,0.0,0.0,0.0,0.0,0.72303134,0.0,0.0,0.0,0.0,0.0,1.8947957,0.0,0.0,0.0,0.0,0.0,0.0,0.0,0.0,0.0,0.0,0.0,0.0,0.0,0.0,0.0,0.0,0.0,0.0,0.0,0.0,0.0,0.0,0.0,1.0352862
STOM,0.0,0.0,0.0,0.0,0.39223617,0.0,0.0,0.34219158,0.0,0.0,0.0,0.4254868,0.7257168,0.0,0.0,0.0,0.0,1.8353945,0.0,0.0,0.0,0.0,0.0,0.0,0.0,0.0,0.0,0.24796027,0.0,0.0,0.0,0.0,0.0,0.0,0.0,0.0,0.0,0.0,0.0,0.92719793,0.74956125,0.0
NDUFA8,0.0,0.0,0.0,0.0,0.0,0.0,0.3832682,0.8092118,0.0,0.21446666,0.0,0.0,0.0,0.0,0.0,0.0,0.0,0.0,0.0,0.0,0.0,0.0,0.0,0.0,0.42770854,0.0,0.0,0.0,0.0,0.0,0.0,0.0,0.0,0.0,0.0,0.0,0.0,0.0,0.0,0.0,0.0,0.0
RBM18,0.0,0.0,0.0,0.0,0.0,0.0,0.0,0.0,0.0,0.0,0.0,0.0,0.0,0.0,0.0,0.0,0.0,0.0,0.0,0.0,0.0,0.0,0.0,0.0,0.118237555,0.0,0.0,0.0,0.0,0.0,0.0,0.0,0.0,0.0,0.0,0.0,0.0,0.0,0.0,0.0,0.0,0.0
MRRF,0.0,0.0,0.0,0.0,0.0,0.0,0.0,0.14544432,0.0,0.0,0.0,0.0,0.0,0.0,0.0,0.0,0.0,0.0,0.0,0.0,0.0,0.0,0.0,0.0,0.0,0.0,0.0,0.0,0.0,0.0,0.0,0.0,0.0,0.0,0.0,0.0,0.0,0.0,0.0,0.0,0.0,0.0
PTGS1,0.0,0.0,0.0,0.0,0.0,0.0,0.0,0.0,0.0,0.0,0.0,0.0,0.0,0.0,0.0,0.0,0.0,1.1396224,0.0,0.0,0.0,0.0,0.0,0.0,0.0,0.0,0.0,0.0,0.0,0.0,0.0,0.0,0.0,0.0,0.0,0.0,0.0,0.0,0.0,0.0,0.0,0.0
STRBP,0.0,0.0,0.0,0.0,0.0,0.0,0.0,0.24175769,0.0,0.49529564,0.0,0.0,0.0,0.0,0.0,0.0,0.0,0.0,0.0,0.0,0.0,0.0,0.0,0.0,0.22572826,0.0,0.0,0.0,0.0,0.0,0.0,0.0,0.0,0.0,0.0,0.0,0.0,0.0,0.0,0.0,0.0,0.0
PSMB7,0.0,0.0,0.0,0.50369346,0.6710763,0.40235615,0.49660182,0.8567521,0.0,0.65150476,0.0,0.0,0.0,0.0,0.0,0.0,0.0,0.0,0.0,0.0,0.0,0.0,0.0,0.17477192,0.77419186,0.0,0.0,0.6995696,0.0,0.0,0.0,0.0,0.0,0.0,0.0,0.0,0.0,0.0,0.0,0.0,0.0,0.54959285
RPL35,2.7858915,2.4764698,2.3040714,2.8153124,2.4521067,2.9250743,2.758931,3.3144724,2.371756,2.9107165,2.5392349,2.3023858,2.5438302,2.746592,2.9043448,2.7176223,2.6012535,2.4165814,2.918732,2.3496995,2.6318815,2.8371375,2.3151333,1.9727539,3.105805,2.035922,2.3283896,3.1501448,2.5680094,0.0,2.955024,2.8139415,2.773292,2.7939985,2.8657496,2.9242663,2.9589312,2.6997519,2.7571883,2.7666428,2.613365,2.6867352
ARPC5L,0.88428897,0.0,0.0,0.5757797,1.4168494,0.86117274,0.47555205,0.37444502,0.0,0.62309736,0.0,0.0,0.0,0.0,0.0,0.0,0.0,0.0,0.0,1.2216055,1.2049887,0.0,0.0,0.66345394,1.0867265,0.0,0.0,0.37280086,0.55776846,0.0,0.0,0.9896644,0.0,1.0644815,0.0,0.0,0.0,0.0,0.98302203,0.0,0.0,0.7788042
PPP6C,0.0,0.0,0.0,0.0,0.0,0.0,0.36171302,0.31817955,0.0,0.3960203,0.0,0.47305363,0.0,0.0,0.0,0.0,0.0,0.0,0.0,0.0,0.0,0.0,0.0,0.0,0.23451747,0.0,0.0,0.0,0.0,0.0,0.0,0.0,0.0,0.0,0.0,0.0,0.0,0.0,0.0,0.0,0.0,0.0
HSPA5,0.8779965,0.0,1.0981796,1.4093032,1.4039824,1.5388291,1.3963203,1.2737232,0.0,1.4340036,1.6844397,3.2607043,2.7275865,1.6239954,0.7355936,1.5004065,1.6428802,0.0,0.92508113,1.750973,1.7936022,0.0,1.1118596,1.8430091,2.4637895,0.0,1.0257652,1.6086451,1.1676476,0.0,1.2577856,1.5321977,1.1382626,1.8468773,1.0180244,1.4169594,1.02588,0.9928616,1.6848688,1.6223621,1.7748775,1.7038655
GAPVD1,0.0,0.0,0.0,0.0,0.0,0.0,0.0,0.13638774,0.0,0.0,0.0,0.0,0.7257168,0.0,0.0,0.0,0.0,0.0,0.0,0.0,0.0,0.0,0.0,0.0,0.0,0.0,0.0,0.0,0.0,0.0,0.0,0.0,0.0,0.0,0.0,0.0,0.0,0.0,0.0,0.0,0.0,0.0
MAPKAP1,0.0,0.0,0.0,0.0,0.0,0.0,0.0,0.19267997,0.0,0.44826725,0.0,0.0,0.0,0.0,0.0,0.0,0.0,0.0,0.0,0.0,0.0,0.0,0.0,0.0,0.17043604,0.0,0.0,0.0,0.0,0.0,0.0,0.0,0.0,0.0,0.0,0.0,0.0,0.0,0.0,0.0,0.0,0.0
ZBTB43,0.0,0.0,0.0,0.4855811,0.0,0.0,0.0,0.0,0.0,0.0,0.0,0.0,0.0,0.0,0.0,0.0,0.0,0.0,0.0,0.0,0.0,0.0,0.0,0.0,0.0,0.0,0.0,0.0,0.0,0.0,0.0,0.0,0.0,0.0,0.0,0.0,0.0,0.0,0.0,0.0,0.0,0.0
RPL12,3.710974,2.8407748,2.9775572,3.0735593,2.75664,3.3638334,3.3833184,3.7579076,3.1827033,3.4965215,3.4514945,3.0212517,3.4537857,3.4308956,3.6552732,3.4879427,3.3274946,2.6118484,3.65161,2.935343,3.267601,3.6484692,3.2163877,2.057047,3.0751266,2.731008,2.8113973,3.7592993,3.300239,1.6776334,3.7610781,3.1398015,3.6181276,3.1492124,3.9454303,3.634869,3.8403075,3.6107233,3.2123709,3.36037,3.4426155,3.29291
PTRH1,0.0,0.0,0.0,0.0,0.0,0.0,0.0,0.15944593,0.0,0.0,0.0,0.0,0.0,0.0,0.0,0.0,0.0,0.0,0.0,0.0,0.0,0.0,0.0,0.0,0.0,0.0,0.0,0.0,0.0,0.0,0.0,0.0,0.0,0.0,0.0,0.0,0.0,0.0,0.0,0.0,0.0,0.0
TOR2A,0.0,0.0,0.0,0.0,0.0,0.0,0.33295542,0.0,0.0,0.0,0.0,0.0,0.0,0.0,0.0,0.0,0.0,0.0,0.0,0.0,0.0,0.0,0.0,0.0,0.0,0.0,0.0,0.0,0.0,0.0,0.0,0.0,0.0,0.0,0.0,0.0,0.0,0.0,0.0,0.0,0.0,0.0
CDK9,0.0,0.0,0.0,0.0,0.0,0.0,0.0,0.0,0.0,0.4398609,0.0,0.0,0.0,0.0,0.0,0.0,0.0,0.0,0.0,0.0,0.0,0.0,0.0,0.0,0.0,0.0,0.0,0.0,0.0,0.0,0.0,0.0,0.0,0.0,0.0,0.0,0.0,0.0,0.0,0.0,0.0,0.0
FPGS,0.0,0.0,0.0,0.0,0.0,0.27226898,0.0,0.4960654,0.0,0.0,0.0,0.0,0.0,0.0,0.0,0.0,0.0,0.0,0.0,0.0,0.0,0.0,0.0,0.0,0.0,0.0,0.0,0.0,0.0,0.0,0.0,0.0,0.0,0.0,0.0,0.0,0.0,0.0,0.0,0.0,0.0,0.0
ENG,0.0,0.0,0.0,0.0,0.0,0.0,0.0,0.71179396,0.0,0.0,0.0,0.0,0.0,0.0,0.0,0.0,0.0,0.0,0.0,0.0,0.0,0.0,0.0,0.0,0.0,0.0,0.0,0.0,0.0,0.0,0.0,0.0,0.0,0.0,0.0,0.0,0.0,0.0,0.0,0.0,0.0,0.0
AK1,0.0,0.0,0.0,0.0,0.0,0.0,0.0,0.40198728,0.0,0.0,0.0,0.0,0.0,0.0,0.0,0.0,0.0,0.0,0.0,0.0,0.0,0.0,0.0,0.0,0.0,0.0,0.0,0.0,0.0,0.0,0.0,0.0,0.0,0.0,0.0,0.0,0.0,0.0,0.0,0.0,0.0,0.0
ST6GALNAC4,0.0,0.0,0.0,0.0,0.0,0.0,0.0,0.21744834,0.0,0.0,0.0,0.0,0.0,0.0,0.0,0.0,0.0,0.0,0.0,0.0,0.0,0.0,0.0,0.4320575,0.42453325,1.150518,0.0,0.0,0.0,0.0,0.0,0.0,0.0,0.0,0.0,0.0,0.0,0.0,0.0,0.0,0.0,0.9001318
DPM2,0.0,0.0,0.0,0.0,0.52272445,0.0,0.0,0.53059125,0.0,0.0,0.0,0.0,0.0,0.0,0.0,0.0,0.0,0.0,0.0,0.0,0.0,0.0,0.0,0.2007839,0.4101357,0.0,0.0,0.0,0.0,0.0,0.0,0.0,0.0,0.0,0.0,0.0,0.0,0.0,0.0,0.0,0.0,0.0
SLC25A25,0.0,0.0,0.0,0.0,0.0,0.3431283,0.0,0.0,0.0,0.3960203,0.0,0.0,0.0,0.0,0.0,0.0,0.0,0.0,0.0,0.0,0.0,0.0,0.0,0.0,0.0,0.0,0.0,0.0,0.0,0.0,0.0,0.0,0.0,0.0,0.0,0.0,0.0,0.0,0.0,0.0,0.0,0.0
PTGES2,0.0,0.0,0.0,0.0,0.0,0.4224942,0.27371624,0.21420786,0.0,0.0,0.0,0.0,0.0,0.0,0.0,0.0,0.0,0.0,0.0,0.0,0.0,0.0,0.0,0.0,0.23118974,0.0,0.0,0.0,0.0,0.0,0.0,0.0,0.0,0.0,0.0,0.0,0.0,0.0,0.0,0.0,0.0,0.0
LCN2,0.0,0.0,0.0,0.0,0.0,0.0,0.0,0.0,0.0,0.0,0.0,0.0,0.0,0.0,0.0,0.0,0.0,0.09309791,0.0,0.0,0.0,0.0,0.0,0.0,0.0,0.0,0.0,0.0,0.0,0.0,0.0,0.0,0.0,0.0,0.0,0.0,0.0,0.0,0.0,0.0,0.0,0.0
BBLN,0.7556761,0.0,0.47316855,0.6747918,1.1926137,0.7475655,0.85181856,0.73322463,0.0,0.83152956,1.064357,0.838519,1.1757209,0.9645628,0.0,0.53331447,0.7973174,1.7021043,0.6873163,1.2067097,1.1835767,0.0,0.6761191,0.358495,0.5404828,0.0,0.0,0.8995882,0.6650175,0.0,0.89579225,1.0586069,0.0,1.0135859,0.8606211,0.0,0.8620411,1.0134181,0.96607244,0.0,0.0,1.0304655
CIZ1,0.0,0.0,0.0,0.0,0.0,0.0,0.0,0.16600616,0.0,0.0,0.0,0.0,0.0,0.0,0.0,0.0,0.0,0.0,0.0,0.0,0.0,0.0,0.0,0.0,0.0,0.0,0.0,0.0,0.0,0.0,0.0,0.0,0.0,0.0,0.0,0.0,0.0,0.0,0.0,0.0,0.0,0.0
GOLGA2,0.0,0.0,0.0,0.0,0.0,0.0,0.0,0.0,0.0,0.0,0.0,0.0,0.0,0.0,0.0,0.0,0.0,0.0,0.0,0.0,0.0,0.0,0.0,0.0,0.09044729,0.0,0.0,0.0,0.0,0.0,0.0,0.0,0.0,0.0,0.0,0.0,0.0,0.0,0.0,0.0,0.0,0.0
SWI5,0.0,0.0,0.0,0.0,0.0,0.0,0.0,0.0,0.0,0.0,0.0,0.0,0.0,0.0,0.0,0.0,0.0,0.4504778,0.0,0.0,0.0,0.0,0.0,0.0,0.0,0.0,0.0,0.0,0.0,0.0,0.0,0.0,0.0,0.0,0.0,0.0,0.0,0.0,0.0,0.0,0.0,0.0
TRUB2,0.0,0.0,0.0,0.0,0.0,0.0,0.0,0.36461988,0.0,0.0,0.0,0.0,0.0,0.0,0.0,0.0,0.0,0.0,0.0,0.0,0.0,0.0,0.0,0.0,0.17029929,0.0,0.0,0.0,0.0,0.0,0.0,0.0,0.0,0.0,0.0,0.0,0.0,0.0,0.0,0.0,0.0,0.0
COQ4,0.0,0.0,0.0,0.0,0.0,0.0,0.0,0.3590349,0.0,0.0,0.0,0.0,0.0,0.0,0.0,0.0,0.0,0.0,0.0,0.0,0.0,0.0,0.0,0.0,0.20615016,0.0,0.0,0.0,0.0,0.0,0.0,0.0,0.0,0.0,0.0,0.0,0.0,0.0,0.0,0.0,0.0,0.0
URM1,0.0,0.0,0.0,0.0,0.0,0.0,0.3479272,0.5660991,0.0,0.18083665,0.0,0.0,0.0,0.0,0.0,0.0,0.0,0.0,0.0,0.0,0.0,0.0,0.0,0.0,0.17694849,0.0,0.0,0.0,0.0,0.0,0.0,0.0,0.0,0.0,0.0,0.0,0.0,0.0,0.0,0.0,0.0,0.0
ODF2,0.0,0.0,0.0,0.0,0.0,0.0,0.0,0.0,0.0,0.18083665,0.0,0.0,0.0,0.0,0.0,0.0,0.0,0.0,0.0,0.0,0.0,0.0,0.0,0.0,0.0,0.0,0.0,0.0,0.0,0.0,0.0,0.0,0.0,0.0,0.0,0.0,0.0,0.0,0.0,0.0,0.0,0.0
SPTAN1,0.0,0.0,0.0,0.0,0.7057071,0.0,0.0,0.0,0.0,0.49282485,0.0,0.0,0.0,0.0,0.7355936,0.0,0.0,0.0,0.0,0.0,0.0,0.0,0.0,0.0,0.30593717,0.0,0.0,0.0,0.0,0.0,0.0,0.0,0.0,0.0,0.0,0.7820188,0.0,0.0,0.0,0.0,0.0,0.0
DYNC2I2,0.0,0.0,0.0,0.0,0.0,0.0,0.0,0.43678296,0.0,0.0,0.0,0.0,0.0,0.0,0.0,0.0,0.0,0.0,0.0,0.0,0.0,0.0,0.0,0.0,0.27654222,0.0,0.0,0.0,0.0,0.0,0.0,0.0,0.0,0.0,0.0,0.0,0.0,0.0,0.0,0.0,0.0,0.0
SET,1.2390066,1.0522969,0.91227466,1.5414256,1.779331,1.119549,1.3913783,1.7081407,0.0,1.8583639,1.5042977,1.0337517,1.3272191,1.1434791,1.5993547,1.2006696,1.3392115,0.0,1.2864366,1.367596,1.4080852,1.3434023,0.846886,0.4065765,1.7381678,1.4955895,1.409537,1.8443379,1.3591616,0.0,1.2260957,1.3933291,1.2820907,1.3301582,1.2040899,1.0151029,1.3507739,1.2201732,1.2875737,1.2052343,1.1442078,1.4896504
ZDHHC12,0.0,0.0,0.0,0.0,0.31596115,0.0,0.0,0.0,0.0,0.18155362,0.0,0.0,0.0,0.0,0.0,0.0,0.0,0.0,0.0,0.0,0.0,0.0,0.0,0.0,0.3568915,0.0,0.0,0.0,0.0,0.0,0.0,0.0,0.0,0.0,0.0,0.0,0.0,0.0,0.0,0.0,0.0,0.0
SH3GLB2,0.0,0.0,0.0,0.0,0.0,0.0,0.0,0.23079851,0.0,0.0,0.0,0.0,0.0,0.0,0.0,0.0,0.0,0.0,0.0,0.0,0.0,0.0,0.0,0.0,0.21783592,0.0,0.0,0.0,0.0,0.0,0.0,0.0,0.0,0.0,0.0,0.0,0.0,0.0,0.0,0.0,0.0,0.0
PTPA,0.0,0.0,0.0,0.0,0.0,0.0,0.0,0.19298582,0.0,0.0,0.0,0.0,0.0,0.0,0.0,0.0,0.0,0.0,0.0,0.0,0.0,0.0,0.0,0.0,0.0,0.0,0.0,0.0,0.0,0.0,0.0,0.0,0.0,0.0,0.0,0.0,0.0,0.0,0.0,0.0,0.0,0.0
NTMT1,0.0,0.0,0.0,0.0,0.0,0.0,0.0,0.31307203,0.0,0.0,0.0,0.0,0.0,0.0,0.0,0.0,0.0,0.0,0.0,0.0,0.0,0.0,0.0,0.0,0.38135964,0.0,0.0,0.0,0.0,0.0,0.0,0.0,0.0,0.0,0.0,0.0,0.0,0.0,0.0,0.0,0.0,0.0
TOR1A,0.0,0.0,0.0,0.0,0.0,0.0,0.0,0.0,0.0,0.0,0.0,0.0,0.0,0.0,0.0,0.0,0.0,0.0,0.0,0.0,0.0,0.0,0.0,0.0,0.21754807,0.0,0.0,0.0,0.0,0.0,0.0,0.0,0.0,0.0,0.0,0.0,0.0,0.0,0.0,0.0,0.0,0.0
C9orf78,0.74198973,0.0,0.0,0.39791638,0.90210694,0.34115425,0.5179113,0.5926213,0.0,0.4532262,0.0,0.0,0.0,0.96406066,1.2104161,0.0,0.0,0.0,0.0,1.0597146,0.75855494,0.0,0.6391316,0.0,0.48392653,0.0,0.0,0.50595355,0.3510092,0.0,0.93235147,1.2277997,1.006758,1.1714524,0.92512596,0.884668,0.99468327,0.9373778,1.1743801,1.0190415,1.1051886,0.6635934
FNBP1,1.0128595,0.0,0.64690876,0.5758374,0.9214365,1.5797133,0.68434,0.0,0.0,0.9056965,1.1428969,0.47305363,0.0,1.096882,0.8421502,0.0,0.0,0.0,0.9922216,0.9478489,0.88467044,0.0,0.5513209,0.0,0.17393991,0.0,0.0,0.39441258,0.9406717,0.0,0.8972526,1.0334599,1.0377369,1.1598277,0.8221328,0.0,0.8379605,1.0657274,1.1415893,1.1332412,1.106406,0.7418591
NUP214,0.0,0.0,0.85965776,0.5439975,0.0,0.0,0.4043847,0.0,0.0,0.18155362,0.0,0.6449004,0.0,0.0,0.0,0.0,0.0,0.0,0.0,0.0,0.0,0.0,0.5859099,0.0,0.113108404,0.0,0.0,0.0,0.0,0.0,0.0,0.0,0.0,0.0,0.0,0.0,0.0,0.0,0.0,0.0,0.0,0.0
RAPGEF1,0.0,0.0,0.0,0.0,0.0,0.0,0.47691563,0.0,0.0,0.36239028,0.0,0.72981226,0.0,0.0,0.0,0.0,0.0,0.0,0.0,0.0,0.0,0.0,0.0,0.0,0.1720261,0.0,0.0,0.0,0.0,0.0,0.0,0.0,0.0,0.0,0.0,0.0,0.0,0.0,0.0,0.0,0.0,0.0
SETX,0.7109612,0.0,0.46843877,0.3774287,0.5018247,0.0,0.49004585,0.0,0.0,0.0,0.0,0.0,0.0,0.0,0.7355936,0.0,0.0,0.0,0.0,0.0,0.0,0.0,0.5554649,0.0,0.0,0.0,0.0,0.0,0.0,0.0,0.0,0.0,0.0,0.0,0.0,0.0,0.0,0.0,0.0,0.0,0.0,0.53808117
GFI1B,0.0,0.0,0.0,0.0,0.0,0.0,0.0,0.75868225,0.0,0.0,0.0,0.0,0.0,0.0,0.0,0.0,0.0,0.87634766,0.0,0.0,0.0,0.0,0.0,0.0,0.0,0.0,0.0,0.0,0.0,0.0,0.0,0.0,0.0,0.0,0.0,0.0,0.0,0.0,0.0,0.0,0.0,0.0
GTF3C5,0.0,0.0,0.0,0.0,0.0,0.0,0.0,0.3023484,0.0,0.44826725,0.0,0.0,0.0,0.0,0.0,0.0,0.0,0.0,0.0,0.0,0.0,0.0,0.0,0.0,0.0,0.0,0.0,0.0,0.0,0.0,0.0,0.0,0.0,0.0,0.0,0.0,0.0,0.0,0.0,0.0,0.0,0.0
GBGT1,0.0,0.0,0.0,0.0,0.0,0.0,0.0,0.16892378,0.0,0.0,0.0,0.0,0.0,0.0,0.0,0.0,0.0,0.0,0.0,0.0,0.0,0.0,0.0,0.0,0.0,0.0,0.0,0.0,0.0,0.0,0.0,0.0,0.0,0.0,0.0,0.0,0.0,0.0,0.0,0.0,0.0,0.0
SURF6,0.0,0.0,0.0,0.0,0.0,0.0,0.0,0.23031795,0.0,0.0,0.0,0.0,0.0,0.0,0.0,0.0,0.0,0.0,0.0,0.0,0.0,0.0,0.0,0.0,0.0,0.0,0.0,0.0,0.0,0.0,0.0,0.0,0.0,0.0,0.0,0.0,0.0,0.0,0.0,0.0,0.0,0.0
RPL7A,3.4542422,2.9069579,2.766861,2.9238982,2.898703,3.4305649,3.4638863,3.9656467,2.9916658,3.4762673,3.4498274,2.9585364,3.3949664,3.403052,3.527355,3.2911303,3.2494087,2.6795683,3.5628319,3.0659637,3.3788757,3.5673728,3.0303576,2.4753225,3.5256083,3.031265,3.2907152,3.6991224,3.3438325,1.5399476,3.6566634,3.231802,3.4710987,3.1090326,3.7229934,3.5016437,3.6383705,3.4183497,3.2271967,3.3556604,3.4316916,3.516192
SURF1,0.0,0.0,0.0,0.0,0.0,0.0,0.42269358,0.16873805,0.0,0.18083665,0.0,0.0,0.44090223,0.0,0.0,0.0,0.0,0.0,0.0,0.0,0.0,0.0,0.0,0.25724223,0.3117829,0.0,0.0,0.0,0.0,0.0,0.0,0.0,0.0,0.0,0.0,0.0,0.0,0.0,0.0,0.0,0.0,0.4537066
SURF2,0.0,0.0,0.0,0.0,0.0,0.0,0.0,0.0,0.0,0.0,0.0,0.0,0.0,0.0,0.0,0.0,0.0,0.0,0.0,0.0,0.0,0.0,0.0,0.0,0.12957723,0.0,0.0,0.0,0.0,0.0,0.0,0.0,0.0,0.0,0.0,0.0,0.0,0.0,0.0,0.0,0.0,0.0
SURF4,0.0,0.0,0.0,0.79536635,0.0,0.0,0.0,0.29783472,0.0,0.0,0.0,0.0,0.5578004,0.0,0.0,0.0,0.0,0.0,0.0,0.0,0.0,0.0,0.0,0.30739683,0.5733938,0.0,0.0,0.42256615,0.0,0.0,0.0,0.0,0.0,0.0,0.0,0.0,0.0,0.0,0.0,0.0,0.0,0.0
REXO4,0.0,0.0,0.0,0.0,0.0,0.0,0.0,0.0,0.0,0.0,0.0,0.0,0.0,0.0,0.0,0.0,0.0,0.0,0.0,0.0,0.0,0.0,0.0,0.0,0.15349633,0.0,0.0,0.0,0.0,0.0,0.0,0.0,0.0,0.0,0.0,0.0,0.0,0.0,0.0,0.0,0.0,0.0
SLC2A6,0.0,0.0,0.0,0.0,0.0,0.0,0.0,0.0,0.0,0.0,0.0,0.0,0.0,0.0,0.0,0.0,0.0,0.0,0.0,0.0,0.0,0.0,0.15976906,0.0,0.0,0.0,0.0,0.0,0.0,0.0,0.0,0.0,0.0,0.0,0.0,0.0,0.0,0.0,0.0,0.0,0.0,0.0
BRD3,0.0,0.0,0.0,0.0,0.0,0.0,0.30505306,0.25649914,0.0,0.49282485,0.0,0.0,0.0,0.0,0.0,0.0,0.0,0.0,0.0,0.0,0.0,0.0,0.0,0.0,0.0,0.0,0.0,0.0,0.0,0.0,0.0,0.0,0.0,0.0,0.0,0.0,0.0,0.0,0.0,0.0,0.0,0.0
WDR5,0.0,0.0,0.0,0.0,0.0,0.0,0.0,0.30914012,0.0,0.0,0.0,0.0,0.0,0.0,0.0,0.0,0.0,0.0,0.0,0.0,0.0,0.0,0.0,0.0,0.17104095,0.0,0.0,0.0,0.0,0.0,0.0,0.0,0.0,0.0,0.0,0.0,0.0,0.0,0.0,0.0,0.0,0.0
RXRA,0.0,0.0,0.0,0.0,0.0,0.0,0.0,0.0,0.0,0.0,0.0,0.0,0.0,0.0,0.0,0.0,0.0,0.0,0.0,0.0,0.0,0.0,0.65704936,0.0,0.0,0.0,0.0,0.0,0.0,0.0,0.0,0.0,0.0,0.0,0.0,0.0,0.0,0.0,0.0,0.0,0.0,0.0
FCN1,0.0,0.0,2.719573,1.7620754,0.0,0.0,0.42269358,0.0,0.0,0.0,0.0,2.6383302,0.91374826,0.0,0.0,1.1647345,0.0,0.0,0.0,0.0,0.0,0.0,2.2848573,0.0,0.0,0.0,0.0,0.0,0.0,0.0,0.0,0.0,0.0,0.0,0.0,0.0,0.0,0.0,0.0,0.0,0.0,0.0
MRPS2,0.0,0.0,0.0,0.0,0.0,0.0,0.0,0.74836636,0.0,0.0,0.0,0.0,0.0,0.0,0.0,0.0,0.0,0.0,0.0,0.0,0.0,0.0,0.0,0.14278156,0.37302485,0.0,0.0,0.0,0.0,0.0,0.0,0.0,0.0,0.0,0.0,0.0,0.0,0.0,0.0,0.0,0.0,0.0
UBAC1,0.0,0.0,0.0,0.0,0.0,0.0,0.35860544,1.3299024,0.0,0.0,0.0,0.4254868,0.0,0.0,0.0,0.0,0.0,0.0,0.0,0.0,0.0,0.0,0.0,0.0,0.1802879,0.0,0.0,0.0,0.0,0.0,0.0,0.0,0.0,0.0,0.0,0.0,0.0,0.0,0.0,0.0,0.0,0.0
PMPCA,0.0,0.0,0.0,0.0,0.0,0.0,0.0,0.27569824,0.0,0.0,0.0,0.0,0.0,0.0,0.0,0.0,0.0,0.0,0.0,0.0,0.0,0.0,0.0,0.0,0.24788901,0.0,0.0,0.0,0.0,0.0,0.0,0.0,0.0,0.0,0.0,0.0,0.0,0.0,0.0,0.0,0.0,0.0
EGFL7,0.0,0.0,0.0,0.0,0.0,0.0,0.0,0.5277822,0.0,0.0,0.0,0.0,0.0,0.0,0.0,0.0,0.0,0.55880845,0.0,0.0,0.0,0.0,0.0,0.0,0.0,0.0,0.0,0.40597793,0.0,0.0,0.0,0.0,0.0,0.0,0.0,0.0,0.0,0.0,0.0,0.0,0.0,0.0
AGPAT2,0.0,0.0,0.0,0.4847638,0.0,0.0,0.0,0.0,0.0,0.3953033,0.0,0.0,0.0,0.0,0.0,0.0,0.0,0.0,0.0,0.0,0.0,0.0,0.0,0.0,0.0,0.0,0.0,0.18039742,0.0,0.0,0.0,0.0,0.0,0.0,0.0,0.0,0.0,0.0,0.0,0.0,0.0,0.0
SNHG7,0.8548738,0.0,0.0,0.0,0.33760232,0.442071,0.47396737,0.7918985,0.0,0.3924805,0.77548546,0.0,0.0,0.0,1.3681959,0.0,0.0,0.0,1.0283058,0.0,0.0,1.2556274,0.0,0.0,0.44637376,2.3047051,2.1766331,0.8398361,0.660602,0.0,0.7612269,0.0,0.88654757,0.0,0.9659717,0.82579887,0.91996646,0.6165049,0.0,0.0,0.0,1.0843518
TMEM141,0.0,0.0,0.0,0.0,0.47227076,0.0,0.0,0.8032302,0.0,0.18083665,0.0,0.0,0.0,0.0,0.0,0.0,0.0,0.0,0.0,0.0,0.0,0.0,0.0,0.0,0.14813367,0.0,0.0,0.0,0.0,0.0,0.0,0.0,0.0,0.0,0.0,0.0,0.0,0.0,0.0,0.0,0.0,0.54527617
RABL6,0.0,0.0,0.0,0.6327639,0.61181587,0.34115425,0.42593443,0.73322463,0.0,0.25902426,0.0,0.0,0.0,0.0,0.0,0.0,0.0,0.0,0.0,0.0,0.0,0.0,0.0,0.0,0.64047617,0.0,0.0,0.43813488,0.0,0.0,0.0,0.0,0.0,0.0,0.0,0.0,0.0,0.0,0.0,0.0,0.0,0.0
PHPT1,0.0,0.0,0.0,0.8130022,0.6786715,0.40578204,0.6605679,0.8494752,0.0,0.41935268,0.48630244,0.5046885,0.7257168,0.0,0.0,0.0,0.0,0.0,0.0,0.0,0.0,0.0,0.6016665,0.69976217,0.83541703,0.0,0.0,0.79315567,0.0,0.0,0.0,0.0,0.0,0.0,0.0,0.0,0.0,0.0,0.0,0.0,0.0,0.6587198
EDF1,1.2050706,1.1356167,1.1203421,1.2442213,1.3984444,1.3649307,1.3913783,1.3461295,0.56683487,0.9721905,1.3675416,1.2382755,1.8290203,1.1496322,0.6868571,1.0692954,0.9370445,1.3266566,1.1458879,1.3465502,1.3978422,1.1444995,1.1966372,1.123662,1.7030027,1.1193751,0.9506155,1.2235919,1.039108,0.0,1.2486709,1.2365735,1.1993725,1.1709149,1.1358893,1.0371331,1.1042438,1.2396166,1.2093427,1.1030318,1.1326704,1.5212917
FBXW5,0.0,0.0,0.0,0.27748412,0.6421543,0.38905048,0.4089112,0.24480283,0.0,0.5482596,0.0,0.5104259,0.44090223,0.0,0.0,0.0,0.0,0.0,0.0,0.0,0.0,0.0,0.0,0.21425852,0.3453101,0.0,0.0,0.0,0.0,0.0,0.0,0.0,0.0,0.0,0.0,0.0,0.0,0.0,0.0,0.0,0.0,0.67924356
PTGDS,0.0,0.0,0.0,0.0,0.0,0.0,0.0,0.0,0.0,0.0,0.0,0.0,0.0,0.0,0.0,0.0,0.0,0.0,0.0,0.0,0.0,0.0,0.0,0.0,0.0,0.0,0.0,0.0,0.0,0.0,0.0,0.0,0.0,0.0,0.0,0.0,0.0,0.0,0.0,0.0,0.0,0.942863
PAXX,0.0,0.0,0.0,0.0,1.3977854,0.442071,0.43283626,0.3536518,0.0,0.18083665,0.0,0.0,0.0,1.0425875,0.0,0.0,0.0,0.0,0.0,1.1091897,1.1207597,0.0,0.0,0.0,0.14780025,0.0,0.0,0.18311955,0.5405417,0.0,0.0,1.1596768,0.0,1.0996135,0.0,0.0,0.6986929,0.0,1.012971,0.8469932,1.106406,1.3060673
CLIC3,0.0,0.0,0.0,0.0,0.60980695,0.0,0.0,0.0,0.0,0.0,0.0,0.0,0.0,0.0,0.0,0.0,0.0,0.0,0.0,1.7996149,1.5308485,0.0,0.0,0.0,0.0,0.0,0.0,0.0,0.0,0.0,0.0,0.0,0.0,0.0,0.0,0.0,0.0,0.0,0.0,0.0,0.0,1.7940164
DPP7,0.7278692,0.0,0.0,0.48671287,0.637504,0.4165121,0.6256453,0.7155782,0.0,0.42031318,0.0,0.7063019,0.5578004,0.0,0.7355936,0.0,0.0,0.0,0.0,0.0,0.0,0.0,0.52297926,0.65277654,0.3215746,0.0,0.0,0.68161875,0.0,0.0,0.0,0.0,0.0,0.0,0.0,0.0,0.0,0.70906883,0.0,0.0,0.0,0.9045876
LRRC26,0.0,0.0,0.0,0.0,0.0,0.0,0.0,0.0,0.0,0.0,0.0,0.0,0.0,0.0,0.0,0.0,0.0,0.0,0.0,0.0,0.0,0.0,0.0,0.0,0.0,0.0,0.0,0.0,0.0,0.0,0.0,0.0,0.0,0.0,0.0,0.0,0.0,0.0,0.0,0.0,0.0,1.1442161
SSNA1,0.0,0.0,0.0,0.3452584,0.92627573,0.37913528,0.43283626,0.87881076,0.0,0.4977838,0.0,0.3987304,0.0,0.0,0.0,0.0,0.0,0.0,0.0,0.0,0.0,0.0,0.57699263,0.2128804,0.6857026,0.0,0.0,0.35938707,0.0,0.0,0.0,0.0,0.0,0.0,0.0,0.0,0.0,0.0,0.0,0.0,0.0,0.6687738
TUBB4B,0.0,0.0,0.0,1.1529775,1.8762438,0.59331524,0.7601645,1.8428015,0.0,1.2831098,0.3526248,0.5950968,0.7257168,0.0,0.77814996,0.0,0.0,1.7592411,0.0,0.90236175,0.87221014,0.0,0.6203145,0.24069932,1.2112708,0.0,0.0,0.69091344,0.3861463,0.0,0.5396819,0.0,0.0,0.8614859,0.0,0.0,0.0,0.0,0.0,0.8985454,0.0,0.0
NELFB,0.0,0.0,0.0,0.0,0.0,0.0,0.0,0.0,0.0,0.0,0.0,0.0,0.0,0.0,0.0,0.0,0.0,0.0,0.0,0.0,0.0,0.0,0.0,0.0,0.16683619,0.0,0.0,0.0,0.0,0.0,0.0,0.0,0.0,0.0,0.0,0.0,0.0,0.0,0.0,0.0,0.0,0.0
MRPL41,0.0,0.0,0.0,0.76443875,0.74982625,0.329874,0.5200598,0.8805102,0.0,0.81937075,0.0,0.5367148,0.0,0.0,0.0,0.0,0.0,0.0,0.0,0.0,0.0,0.0,0.5447748,0.32645133,0.8963758,0.0,0.0,0.5644598,0.5715369,0.0,0.0,0.0,0.0,0.0,0.0,0.0,0.0,0.0,0.0,0.0,0.0,0.33954623
ARRDC1,0.0,0.0,0.0,0.0,0.0,0.40020192,0.3988271,0.0,0.0,0.3960203,0.0,0.0,0.0,0.0,0.0,0.0,0.0,0.0,0.0,0.0,0.0,0.0,0.0,0.0,0.0,0.0,0.0,0.0,0.0,0.0,0.0,0.0,0.0,0.0,0.0,0.0,0.0,0.0,0.0,0.0,0.0,0.0
EHMT1,0.0,0.0,0.0,0.0,0.0,0.0,0.0,0.18598387,0.0,0.3953033,0.0,0.0,0.0,0.0,0.0,0.0,0.0,0.0,0.0,0.0,0.0,0.0,0.0,0.0,0.30367142,0.0,0.0,0.0,0.0,0.0,0.0,0.0,0.0,0.0,0.0,0.0,0.0,0.0,0.0,0.0,0.0,0.0
LARP4B,0.0,0.0,0.0,0.0,0.0,0.0,0.0,0.0,0.0,0.18155362,0.0,0.0,0.0,0.0,0.0,0.0,0.0,0.0,0.0,0.0,0.0,0.0,0.0,0.0,0.0,0.0,0.0,0.0,0.0,0.0,0.0,0.0,0.0,0.0,0.0,0.0,0.0,0.0,0.0,0.0,0.0,0.0
GTPBP4,0.0,0.0,0.0,0.0,0.0,0.0,0.33851904,0.48976022,0.0,0.0,0.0,0.0,0.0,0.0,0.0,0.0,0.0,0.0,0.0,0.0,0.0,0.0,0.0,0.0,0.37066114,0.0,0.0,0.31530774,0.0,0.0,0.0,0.0,0.0,0.0,0.0,0.0,0.0,0.0,0.0,0.0,0.0,0.0
IDI1,1.1386954,0.0,0.0,0.4902175,0.7052908,0.3828968,0.53160185,0.0,0.0,0.314459,0.0,0.0,0.0,0.0,0.0,0.0,0.0,0.0,0.84009147,0.8486717,0.8146999,0.0,0.0,0.0,0.25475153,0.0,1.031539,0.34987968,0.6647142,0.0,0.0,0.0,0.0,1.0535929,0.79279137,0.8108597,0.0,0.9261837,0.8399002,0.7684728,0.0,0.0
PFKP,0.0,0.0,0.0,0.0,0.0,0.0,0.0,0.0,0.0,0.18155362,0.0,0.0,0.0,0.0,0.0,0.0,0.0,0.0,0.0,0.0,0.0,0.0,0.0,0.0,0.11483783,0.0,0.0,0.0,0.0,0.0,0.0,0.0,0.0,0.0,0.0,0.0,0.0,0.0,0.0,0.0,0.0,0.0
PITRM1,0.0,0.0,0.0,0.0,0.0,0.0,0.0,0.0,0.0,0.18155362,0.0,0.0,0.0,0.0,0.0,0.0,0.0,0.0,0.0,0.0,0.0,0.0,0.0,0.0,0.0,0.0,0.0,0.0,0.0,0.0,0.0,0.0,0.0,0.0,0.0,0.0,0.0,0.0,0.0,0.0,0.0,0.0
KLF6,2.3834753,1.9687096,2.4195971,2.0974221,1.4588184,1.9866258,1.6631281,0.0,0.0,1.572434,2.6285357,2.9643006,2.5016317,2.5835586,2.82134,2.3635495,2.0366688,0.0,2.5918458,1.8807054,1.9242413,2.2041285,2.2019014,1.5876822,0.6870338,2.0087352,1.9945923,1.2357213,2.1032357,2.185927,2.719907,2.1644151,3.0309973,2.2017713,1.9365742,2.8109593,1.7900947,2.5525906,2.4419932,3.1311285,3.297969,2.27098
AKR1C3,0.0,0.0,0.0,0.0,0.7215615,0.0,0.0,1.0221065,0.0,0.0,0.0,0.0,0.0,0.0,0.0,0.0,0.0,0.0,0.0,0.0,0.0,0.0,0.0,0.0,0.0,0.0,0.0,0.0,0.0,0.0,0.0,0.0,0.0,0.0,0.0,0.0,0.0,0.0,0.0,0.0,0.0,0.0
NET1,0.0,0.0,0.0,0.0,0.0,0.8421878,0.0,0.39559793,0.0,0.0,0.0,0.0,0.0,0.0,0.0,0.0,0.0,0.0,0.0,0.0,0.0,0.0,0.0,0.0,0.0,0.0,0.0,0.0,0.0,0.0,0.0,0.0,0.0,0.0,0.0,0.0,0.0,0.0,0.0,0.0,0.0,0.0
TASOR2,0.0,0.0,0.0,0.0,0.0,0.0,0.0,0.0,0.0,0.0,0.0,0.0,0.44090223,0.0,0.0,0.0,0.0,0.0,0.0,0.0,0.0,0.0,0.0,0.0,0.0,0.0,0.0,0.0,0.0,0.0,0.0,0.0,0.0,0.0,0.0,0.0,0.0,0.0,0.0,0.0,0.0,0.0
GDI2,1.2397038,0.0,1.0613807,1.2841017,0.8057985,1.2060863,1.425985,1.1382482,0.0,0.8970875,0.0,1.0393877,1.1757209,0.0,1.1810663,0.0,0.0,0.0,0.7671442,0.0,0.0,0.0,1.1763005,0.24449907,0.8327428,1.4382361,1.515377,1.1828167,0.0,0.0,0.0,0.0,0.0,0.0,0.0,0.0,0.0,0.0,0.0,0.0,0.0,1.0706193
FBH1,0.0,0.0,0.0,0.0,0.0,0.0,0.0,0.22834241,0.0,0.0,0.0,0.0,0.0,0.0,0.0,0.0,0.0,0.0,0.0,0.0,0.0,0.0,0.0,0.0,0.3150944,0.0,0.0,0.0,0.0,0.0,0.0,0.0,0.0,0.0,0.0,0.0,0.0,0.0,0.0,0.0,0.0,0.0
RBM17,0.0,0.0,0.0,0.73324,0.7622925,0.4165121,0.5586959,0.970904,0.0,0.94058704,0.48630244,0.47305363,0.7257168,0.0,0.0,0.0,0.0,0.0,0.0,0.0,0.0,0.0,0.48689526,0.0,0.78561,0.0,0.0,0.62520695,0.0,0.0,0.0,0.0,0.0,0.0,0.0,0.0,0.0,0.0,0.0,0.0,0.0,0.6567476
PFKFB3,0.0,0.0,0.0,0.0,0.0,0.87529373,0.0,0.0,0.0,0.0,0.0,0.8423759,0.91374826,0.0,0.0,0.0,0.0,0.0,0.0,0.0,0.0,0.0,0.6112592,0.0,0.0,0.0,0.0,0.0,0.0,0.0,0.0,0.0,0.0,0.0,0.0,0.0,0.0,0.0,0.0,0.0,0.0,0.0
PRKCQ-AS1,0.0,0.0,0.0,0.0,0.0,0.0,0.0,0.0,0.0,0.0,0.0,0.0,0.0,0.0,0.0,0.0,0.0,0.0,0.0,0.0,0.0,0.0,0.0,0.0,0.0,0.0,0.0,0.0,0.0,0.0,0.87635636,0.0,0.0,0.0,1.3423045,0.90542465,0.9911536,0.0,0.0,0.0,0.0,0.0
ATP5F1C,0.0,0.0,0.7575671,0.92597234,1.1006498,0.81171227,1.1796988,1.3678905,0.0,1.18947,0.0,1.0850972,0.5578004,0.0,0.0,0.0,0.24983346,1.0891366,0.0,0.0,0.91009593,0.0,0.8796432,0.26770046,1.1828688,1.3122462,1.0581769,1.1325816,0.0,0.0,0.72792464,0.0,0.0,0.0,0.78916717,0.0,0.0,0.81106913,0.0,0.0,0.0,1.1891079
TAF3,0.0,0.0,0.0,0.0,0.0,0.0,0.0,0.0,0.0,0.0,0.0,0.0,0.0,0.0,0.0,0.0,0.0,0.0,0.0,0.0,0.0,0.0,0.0,0.0,0.18984015,0.0,0.0,0.0,0.0,0.0,0.0,0.0,0.0,0.0,0.0,0.0,0.0,0.0,0.0,0.0,0.0,0.0
GATA3,0.0,0.0,0.0,0.0,0.0,0.0,0.0,0.0,0.0,0.0,1.2572453,0.0,0.0,0.0,0.0,0.0,0.0,0.0,0.0,0.0,0.0,0.0,0.0,0.0,0.0,0.0,0.0,0.0,0.0,0.0,0.68996245,0.0,0.0,0.0,0.0,0.0,0.0,0.0,0.0,0.0,0.0,0.0
CELF2,0.9881799,0.0,1.0426768,1.1049523,1.1925411,0.54746395,1.234194,0.0,0.0,0.55321854,1.3838991,0.965619,0.7257168,1.0930434,0.0,0.0,0.91591287,0.53482294,0.7883816,1.2676016,1.0911355,0.9424148,1.1015726,0.0,0.22458787,0.0,0.0,0.9754276,0.4410104,0.0,0.98691136,1.157054,1.0831224,1.126786,0.988127,0.93492866,1.0227904,1.0276052,1.092648,1.0334016,1.3714793,1.0093024
UPF2,0.6535427,0.0,0.0,0.0,0.4002191,0.8469932,0.42475292,0.40514868,0.0,0.82128066,0.0,0.0,0.0,0.0,0.0,0.0,0.0,0.0,0.8134384,0.0,0.0,0.0,0.0,0.1973412,0.3823041,0.0,0.0,0.23291343,0.0,0.0,0.0,0.0,0.0,0.0,0.0,0.0,0.0,0.0,0.0,0.0,0.0,0.0
NUDT5,0.0,0.0,0.0,0.0,0.0,0.0,0.36097383,0.29704893,0.0,0.0,0.0,0.0,0.0,0.0,0.0,0.0,0.0,0.0,0.0,0.0,0.0,0.0,0.0,0.0,0.6121693,0.0,0.0,0.19246778,0.0,0.0,0.0,0.0,0.0,0.0,0.0,0.0,0.0,0.0,0.0,0.0,0.0,0.64020824
CDC123,0.0,0.0,0.0,0.0,0.0,0.0,0.4089112,0.48506352,0.0,0.47256014,0.0,0.0,0.0,0.0,0.0,0.0,0.0,0.0,0.0,0.0,0.0,0.0,0.0,0.0,0.52284104,0.0,0.0,0.26445386,0.0,0.0,0.0,0.0,0.0,0.0,0.0,0.0,0.0,0.0,0.0,0.0,0.0,0.0
CAMK1D,0.79675174,0.0,0.0,0.0,0.0,0.0,0.0,0.0,0.0,0.0,0.0,0.0,0.0,0.0,0.0,0.0,0.0,0.0,0.0,0.0,0.0,0.0,0.0,0.0,0.0,0.0,0.0,0.0,0.0,0.0,0.0,0.0,0.0,0.0,0.0,0.0,0.0,0.0,0.0,0.0,0.0,0.0
OPTN,0.0,0.0,0.0,0.0,0.7754223,0.0,0.0,0.0,0.0,0.18083665,0.0,0.0,0.0,0.0,0.0,0.0,0.0,0.0,0.0,0.0,0.0,0.0,0.0,0.0,0.0,0.0,0.0,0.0,0.0,0.0,0.0,0.0,0.0,0.0,0.0,0.0,0.0,0.786716,0.0,0.0,0.0,0.0
SEPHS1,0.0,0.0,0.0,0.0,0.0,0.0,0.0,0.0,0.0,0.314459,0.0,0.0,0.0,0.0,0.0,0.0,0.0,0.0,0.0,0.0,0.0,0.0,0.0,0.0,0.3220604,0.0,0.0,0.0,0.0,0.0,0.0,0.0,0.0,0.0,0.0,0.0,0.0,0.0,0.0,0.0,0.0,0.0
FAM107B,0.58264226,0.0,0.0,0.7639426,0.8354382,0.0,0.0,0.0,0.0,0.18083665,0.0,0.3987304,0.0,0.97565055,0.0,0.0,0.0,0.0,0.85332704,0.0,0.8360081,0.0,0.0,0.0,0.4570872,0.0,0.0,0.0,0.0,0.0,1.0003006,1.0291632,0.94442666,0.9166353,0.92046595,0.9417947,0.98041284,1.1062706,1.0424687,0.9821855,0.0,0.0
RPP38,0.0,0.0,0.0,0.0,0.0,0.0,0.0,0.0,0.0,0.18083665,0.0,0.0,0.0,0.0,0.0,0.0,0.0,0.0,0.0,0.0,0.0,0.0,0.0,0.0,0.0,0.0,0.0,0.0,0.0,0.0,0.0,0.0,0.0,0.0,0.0,0.0,0.0,0.0,0.0,0.0,0.0,0.0
RSU1,0.0,0.0,0.0,0.0,0.0,0.0,0.3689735,0.33873123,0.0,0.0,0.0,0.0,0.0,0.0,0.0,0.0,0.0,1.9234548,0.0,0.0,0.0,0.0,0.0,0.0,0.1146783,0.0,0.0,0.0,0.0,0.0,0.0,0.0,0.0,0.0,0.0,0.0,0.0,0.0,0.0,0.0,0.0,0.0
VIM,1.8757756,3.6969926,3.4802432,3.4011812,2.9388285,3.2503664,3.413035,0.0,2.980816,2.7344408,2.1179671,3.5664325,2.9375684,2.2492187,2.0684078,2.8591888,2.658329,0.0,1.8424158,1.2348421,1.0542018,1.3238497,2.8372498,1.6830826,2.2114859,1.4994307,0.76748186,1.965378,2.2671432,1.3404793,2.7612247,1.9737625,2.3275123,1.8803142,2.1653028,2.219735,2.2869723,2.3673275,2.0202518,2.668098,2.5137157,2.8265352
ENSG00000234961,0.0,0.0,0.0,0.0,0.0,0.0,0.0,0.0,0.0,0.0,0.0,0.5950968,0.0,0.0,0.0,0.0,0.0,0.0,0.0,0.0,0.0,0.0,0.0,0.0,0.0,0.0,0.0,0.0,0.0,0.0,0.0,0.0,0.0,0.0,0.0,0.0,0.0,0.0,0.0,0.0,0.0,0.0
STAM,0.0,0.0,0.0,0.0,0.0,0.0,0.0,0.14261837,0.0,0.0,0.0,0.0,0.0,0.0,0.0,0.0,0.0,0.0,0.0,0.0,0.0,0.0,0.0,0.0,0.0,0.0,0.0,0.0,0.0,0.0,0.0,0.0,0.0,0.0,0.0,0.0,0.0,0.0,0.0,0.0,0.0,0.0
MRC1,0.0,1.6075206,0.0,0.0,0.0,0.0,0.33851904,0.0,0.0,0.0,0.0,0.0,0.97920024,0.0,0.0,0.0,0.0,0.0,0.0,0.0,0.0,0.0,0.0,0.0,0.0,0.0,0.0,0.0,0.0,0.0,0.0,0.0,0.0,0.0,0.0,0.0,0.0,0.0,0.0,0.0,0.0,0.0
ARL5B,0.0,0.0,0.0,0.0,0.0,0.27226898,0.0,0.0,0.0,0.0,0.0,0.0,0.0,0.0,0.0,0.0,0.0,0.0,0.0,0.0,0.0,0.0,0.0,0.0,0.0,0.0,0.0,0.0,0.0,0.0,0.0,0.0,0.0,0.0,0.0,0.0,0.0,0.0,0.0,0.0,0.0,0.0
MALRD1-AS1,0.0,0.0,0.0,0.0,0.0,0.0,0.0,0.0,0.0,0.0,0.0,0.0,0.0,0.0,0.0,0.0,0.0,1.0203708,0.0,0.0,0.0,0.0,0.0,0.0,0.0,0.0,0.0,0.0,0.0,0.0,0.0,0.0,0.0,0.0,0.0,0.0,0.0,0.0,0.0,0.0,0.0,0.0
PLXDC2,0.0,0.35249922,0.76320827,0.0,0.0,0.0,0.7871941,0.0,0.0,0.0,0.0,0.7784047,0.0,0.0,0.0,0.0,0.0,0.0,0.0,0.0,0.0,0.0,0.36356336,0.0,0.0,0.0,0.0,0.0,0.0,0.0,0.0,0.0,0.0,0.0,0.0,0.0,0.0,0.0,0.0,0.0,0.0,0.0
MLLT10,0.0,0.0,0.0,0.0,0.0,0.0,0.0,0.18431313,0.0,0.21446666,0.0,0.0,0.0,0.0,0.0,0.0,0.0,0.0,0.0,0.0,0.0,0.0,0.0,0.0,0.0,0.0,0.0,0.0,0.0,0.0,0.0,0.0,0.0,0.0,0.0,0.0,0.0,0.0,0.0,0.0,0.0,0.0
DNAJC1,0.0,0.0,0.0,0.0,0.85635245,0.3139043,0.0,0.0,0.0,0.0,0.0,0.0,0.0,0.0,0.0,0.0,0.0,0.0,0.0,0.0,0.0,0.0,0.0,0.8466001,0.5902984,0.0,0.0,0.3715075,0.0,0.0,0.0,0.0,0.0,0.0,0.0,0.0,0.0,0.0,0.0,0.0,0.0,0.62525415
COMMD3,0.0,0.0,0.0,0.0,0.0,0.0,0.37992248,0.43617326,0.0,0.0,0.0,0.0,0.0,0.0,0.0,0.0,0.0,0.0,0.0,0.0,0.0,0.0,0.0,0.2719523,0.5574176,0.0,0.0,0.3176743,0.0,0.0,0.0,0.0,0.0,0.0,0.0,0.0,0.0,0.0,0.0,0.0,0.0,0.5657387
BMI1,0.0,0.0,0.0,0.0,0.0,0.0,0.0,0.0,0.0,0.18083665,0.0,0.0,0.0,0.0,0.0,0.0,0.0,0.0,0.0,0.0,0.0,0.0,0.0,0.0,0.0,0.0,0.0,0.0,0.0,0.0,0.0,0.0,0.0,0.0,0.0,0.0,0.0,0.0,0.0,0.0,0.0,0.0
PIP4K2A,0.0,0.0,0.0,0.0,0.9510491,0.0,0.69831187,0.15943319,0.0,0.0,0.0,0.0,0.0,0.9921136,0.0,0.0,0.0,0.0,0.0,1.1999396,1.143088,0.0,0.0,0.0,0.0,0.0,0.0,0.0,0.0,0.0,0.0,1.1021583,0.0,1.1608801,0.0,0.0,0.0,0.0,1.1232038,0.8469932,0.0,0.6660442
OTUD1,0.0,0.0,0.57116437,0.4179998,0.0,0.0,0.55155104,0.0,0.0,0.0,0.0,0.6602513,0.7257168,0.0,0.0,0.0,0.0,0.0,0.0,0.0,0.0,0.0,0.6020567,0.3651449,0.0,0.0,0.0,0.0,0.0,0.0,0.0,0.0,0.0,0.0,0.0,0.0,0.0,0.0,0.0,0.0,0.0,0.0
ARHGAP21,0.0,0.0,0.0,0.0,0.0,0.0,0.0,0.0,0.0,0.0,0.0,0.0,0.7458428,0.0,0.0,0.0,0.0,0.0,0.0,0.0,0.0,0.0,0.0,0.0,0.0,0.0,0.0,0.0,0.0,0.0,0.0,0.0,0.0,0.0,0.0,0.0,0.0,0.0,0.0,0.0,0.0,0.0
APBB1IP,0.8109302,0.0,0.7780868,0.63783693,0.7862301,0.47506863,0.6524383,0.15530933,0.0,0.49282485,0.0,0.5950968,0.0,0.0,0.0,0.0,0.0,0.0,0.0,0.0,0.0,0.0,0.77621996,0.0,0.116415784,0.45580325,1.0764471,0.19370562,0.0,0.0,0.0,0.9613091,0.0,0.0,0.0,0.0,0.0,0.8972526,0.0,0.0,0.9242541,1.1379418
ABI1,0.0,0.0,0.0,0.0,0.0,0.4165121,0.3520353,0.0,0.0,0.6334858,0.0,0.64906085,0.91374826,0.0,0.0,0.0,0.0,0.0,0.0,0.0,0.0,0.0,0.0,0.0,0.14598884,0.0,0.99275464,0.0,0.0,0.0,0.0,0.0,0.0,0.0,0.0,0.0,0.0,0.0,0.0,0.0,0.0,0.0
YME1L1,0.53828317,0.0,0.58787584,0.7526382,0.96178395,0.442071,0.50284827,0.46577153,0.0,1.0598222,1.064357,0.5046885,0.0,0.96155846,0.77814996,0.0,0.0,0.0,0.0,1.0266268,0.98606753,0.0,0.57460594,0.20044874,0.48780248,0.0,0.0,0.51897776,0.696363,0.0,0.84745026,0.0,0.9901957,0.8112702,0.80585974,0.84653735,0.0,0.9937179,0.0,0.9602629,0.0,0.7705269
MASTL,0.0,0.0,0.0,0.0,0.0,0.0,0.0,0.0,0.0,0.23875955,0.0,0.0,0.0,0.0,0.0,0.0,0.0,0.0,0.0,0.0,0.0,0.0,0.0,0.0,0.0,0.0,0.0,0.0,0.0,0.0,0.0,0.0,0.0,0.0,0.0,0.0,0.0,0.0,0.0,0.0,0.0,0.0
RAB18,0.0,0.0,0.0,0.0,0.0,0.0,0.0,0.16023965,0.0,0.0,0.0,0.0,0.0,0.0,0.0,0.0,0.0,0.0,0.0,0.0,0.0,0.0,0.0,0.0,0.21754807,0.0,0.0,0.0,0.0,0.0,0.0,0.0,0.0,0.0,0.0,0.0,0.0,0.0,0.0,0.0,0.0,0.0
ENSG00000254635,0.0,0.0,0.0,0.0,0.0,0.0,0.0,0.0,0.0,0.18083665,0.0,0.0,0.0,0.0,0.0,0.0,0.0,0.0,0.0,0.0,0.0,0.0,0.0,0.0,0.0,0.0,0.0,0.0,0.0,0.0,0.0,0.0,0.0,0.0,0.0,0.0,0.0,0.0,0.0,0.0,0.0,0.0
WAC,0.0,0.0,0.5002455,0.6747446,0.7184254,0.34146005,0.6651936,0.2581269,0.0,0.3960203,0.9341768,0.0,0.0,0.0,0.9916867,0.0,0.0,0.0,0.0,0.0,0.0,0.0,0.7274002,0.0,0.36960799,0.0,1.0257652,0.5313417,0.0,0.0,0.0,0.0,0.0,0.0,0.0,0.0,0.0,0.0,0.0,0.0,0.0,0.6649903
SVIL,0.0,0.0,0.0,0.0,0.0,0.0,0.0,0.0,0.0,0.0,0.3526248,0.0,0.0,0.0,0.0,0.0,0.0,0.0,0.0,0.0,0.0,0.0,0.0,0.0,0.0,0.0,0.0,0.0,0.0,0.0,0.0,0.0,0.0,0.0,0.0,0.0,0.0,0.0,0.0,0.0,0.0,0.0
MTPAP,0.0,0.0,0.0,0.0,0.0,0.0,0.0,0.0,0.0,0.18083665,0.0,0.0,0.0,0.0,0.0,0.0,0.0,0.0,0.0,0.0,0.0,0.0,0.0,0.0,0.0,0.0,0.0,0.0,0.0,0.0,0.0,0.0,0.0,0.0,0.0,0.0,0.0,0.0,0.0,0.0,0.0,0.0
MAP3K8,1.3102479,1.1600149,0.71048725,0.4118489,0.7301186,1.4320271,1.4086025,0.0,0.0,0.21446666,1.2572453,1.9966062,0.97920024,0.0,0.0,0.0,0.6633302,0.0,0.8046281,1.1648862,1.3796563,0.0,1.2539697,0.0,0.12525262,0.0,0.0,0.0,0.0,0.0,0.0,0.0,0.0,1.0411036,0.0,0.0,0.0,0.0,0.0,0.0,0.0,0.8462708
KIF5B,0.51613474,0.0,0.8118689,1.0104656,0.91321254,0.69288063,0.9341768,0.45140406,0.0,0.5734832,0.0,0.5950968,0.7458428,0.0,0.0,0.0,0.47658694,0.0,0.0,0.0,0.0,0.0,0.65821266,0.0,0.49953946,0.0,0.0,0.5561452,0.3510411,0.0,0.0,0.0,0.0,0.0,0.0,0.0,0.0,0.7100663,0.0,0.0,0.0,1.0523779
EPC1,0.886296,0.0,0.0,0.44568697,0.8049043,0.40578204,0.62200767,0.24494746,0.0,0.65181565,1.0716889,0.0,0.0,1.0884498,0.6868571,0.0,0.856983,0.0,1.0242198,1.2206784,1.2410134,1.2490256,0.6040611,0.21983844,0.42435497,1.5054904,1.515377,0.43538076,1.0270861,0.0,1.1209687,1.0893651,1.2257556,1.1510345,1.1188476,1.0157717,1.0386796,1.2461066,1.1536268,1.0246189,1.1338125,1.0441666
ITGB1,0.7611661,0.9897175,0.65146965,0.39196223,1.0030806,0.81162524,0.3869165,0.73561245,0.0,0.5521189,1.1892662,0.5367148,0.91374826,0.0,0.9916867,0.0,0.0,0.7541622,0.0,0.8715383,0.85031885,0.0,0.8441876,0.0,0.74078166,0.0,0.0,0.26448566,0.0,0.0,1.0383259,1.5479858,0.0,0.0,0.0,0.0,0.0,1.0263394,0.0,0.0,0.0,0.0
CREM,0.0,0.0,0.0,0.0,0.33119643,0.40235615,0.3865379,0.0,0.0,0.4977838,0.0,0.5073828,2.298769,0.81568164,0.0,0.0,0.0,0.0,0.0,0.8377,0.0,0.0,0.0,0.0,0.0,0.0,0.0,0.0,0.0,0.0,0.0,0.0,0.0,0.0,0.0,0.0,0.0,0.0,0.0,0.0,0.0,0.0
CCNY,0.0,0.0,0.0,0.0,0.0,0.0,0.42581785,0.0,0.0,0.0,0.0,0.0,0.0,0.0,0.0,0.0,0.0,0.0,0.0,0.0,0.0,0.0,0.0,0.0,0.0,0.0,0.0,0.0,0.0,0.0,0.0,0.0,0.0,0.0,0.0,0.0,0.0,0.0,0.0,0.0,0.0,0.0
ZNF33A,0.0,0.0,0.0,0.0,0.0,0.0,0.0,0.0,0.0,0.21446666,0.0,0.0,0.0,0.0,0.0,0.0,0.0,0.0,0.0,0.0,0.0,0.0,0.0,0.0,0.0,0.0,0.0,0.0,0.0,0.0,0.0,0.0,0.0,0.0,0.0,0.0,0.0,0.0,0.0,0.0,0.0,0.0
BMS1,0.0,0.0,0.0,0.0,0.0,0.0,0.0,0.17792389,0.0,0.0,0.0,0.0,0.0,0.0,0.0,0.0,0.0,0.0,0.0,0.0,0.0,0.0,0.0,0.0,0.16684455,0.0,0.0,0.0,0.0,0.0,0.0,0.0,0.0,0.0,0.0,0.0,0.0,0.0,0.0,0.0,0.0,0.0
CSGALNACT2,0.0,0.0,0.8009911,0.35082534,0.0,0.0,0.3865379,0.0,0.0,0.0,0.0,0.8635058,0.0,0.0,0.0,0.0,0.0,0.0,0.0,0.0,0.0,0.0,0.5423079,0.0,0.0,0.0,0.0,0.0,0.0,0.0,0.0,0.0,0.0,0.0,0.0,0.0,0.0,0.0,0.0,0.0,0.0,0.0
HNRNPF,0.845777,0.0,0.64529,1.0767453,1.5407162,0.6816006,0.95610255,1.5309899,0.0,1.3383994,0.6301467,1.0209692,0.7257168,0.93841845,1.0902166,0.0,0.66945195,1.4164973,0.8172362,0.9951667,0.88467044,0.0,0.7999945,0.20044874,0.9253046,0.0,0.935398,1.1007948,0.0,0.0,0.9004487,1.0544453,0.92627573,1.0532888,0.92914075,1.0158279,0.91267604,1.0365614,1.029221,1.0188154,0.9434675,0.7378372
RASSF4,0.0,0.0,0.0,0.45126146,0.0,0.0,0.5586959,0.0,0.0,0.0,0.0,0.0,0.5578004,0.0,0.0,0.0,0.0,0.0,0.0,0.0,0.0,0.0,0.0,0.0,0.0,0.0,0.0,0.0,0.0,0.0,0.0,0.0,0.0,0.0,0.0,0.0,0.0,0.0,0.0,0.0,0.0,0.0
ZNF22,0.0,0.0,0.0,0.0,0.0,0.0,0.0,0.5068705,0.0,0.4153542,0.0,0.0,0.0,0.0,0.0,0.0,0.0,0.0,0.0,0.0,0.0,0.0,0.0,0.0,0.0,0.0,1.0764471,0.570981,0.0,0.0,0.0,0.0,0.0,0.0,0.0,0.0,0.0,0.0,0.0,0.0,0.0,0.67729294
ALOX5,0.0,0.0,0.0,0.0,0.0,0.0,0.38319385,0.0,0.0,0.0,0.0,0.5104259,0.0,0.0,0.0,0.0,0.5581083,0.0,0.0,0.0,0.0,0.0,0.49472967,0.0,0.0,0.0,0.0,0.0,0.0,0.0,0.0,0.0,0.0,0.0,0.0,0.0,0.0,0.0,0.0,0.0,0.0,0.0
TIMM23,0.0,0.0,0.0,0.0,0.0,0.0,0.0,0.48130643,0.0,0.0,0.0,0.0,0.0,0.0,0.0,0.0,0.0,0.0,0.0,0.0,0.0,0.0,0.0,0.0,0.15106389,0.0,0.0,0.0,0.0,0.0,0.0,0.0,0.0,0.0,0.0,0.0,0.0,0.0,0.0,0.0,0.0,0.0
NCOA4,0.0,0.0,0.7410977,0.57446873,0.0,0.3431283,0.6605679,0.43769103,0.0,0.36239028,0.0,0.6449004,1.1757209,0.0,0.0,0.0,0.674896,0.90508676,0.0,0.0,0.0,0.0,0.7517195,0.0,0.15884948,0.0,0.0,0.5800419,0.0,0.0,0.0,0.0,0.0,0.0,0.0,0.0,0.0,0.0,0.0,0.0,0.0,0.53502727
WDFY4,0.0,0.0,0.0,0.0,0.0,1.5660875,0.0,0.0,0.0,0.0,0.0,0.0,0.0,0.0,0.0,0.0,0.0,0.0,0.0,0.0,0.0,0.0,0.0,0.0,0.0,0.0,0.0,0.0,0.0,0.0,0.0,0.0,0.0,0.0,0.0,0.0,0.0,0.0,0.0,0.0,0.0,0.66510546
CSTF2T,0.0,0.0,0.0,0.0,0.0,0.0,0.0,0.0,0.0,0.21446666,0.0,0.0,0.0,0.0,0.0,0.0,0.0,0.0,0.0,0.0,0.0,0.0,0.0,0.0,0.0,0.0,0.0,0.0,0.0,0.0,0.0,0.0,0.0,0.0,0.0,0.0,0.0,0.0,0.0,0.0,0.0,0.0
ZWINT,0.0,0.0,0.0,0.0,0.73795205,0.0,0.0,0.5779557,0.0,0.4153542,0.0,0.0,0.0,0.0,0.0,0.0,0.0,0.0,0.0,0.0,0.0,0.0,0.0,0.0,0.48658854,0.0,0.0,0.0,0.0,0.0,0.0,0.0,0.0,0.0,0.0,0.0,0.0,0.0,0.0,0.0,0.0,0.0
CISD1,0.0,0.0,0.0,0.0,0.0,0.0,0.0,0.19115049,0.0,0.0,0.0,0.0,0.0,0.0,0.0,0.0,0.0,0.0,0.0,0.0,0.0,0.0,0.0,0.0,0.30367142,0.0,0.0,0.0,0.0,0.0,0.0,0.0,0.0,0.0,0.0,0.0,0.0,0.0,0.0,0.0,0.0,0.0
UBE2D1,0.0,0.0,0.7075,0.5427746,0.0,0.0,0.3358107,0.0,0.0,0.0,0.0,0.5221987,0.0,0.0,0.0,0.0,0.0,0.0,0.0,0.0,0.0,0.0,0.59740925,0.0,0.0,0.0,0.0,0.0,0.0,0.0,0.0,0.0,0.0,0.0,0.0,0.0,0.0,0.0,0.0,0.0,0.0,0.0
TFAM,0.0,0.0,0.0,0.0,0.0,0.0,0.38106546,0.6482765,0.0,0.5978737,0.0,0.0,0.0,0.0,0.0,0.0,0.0,0.0,0.0,0.0,0.0,0.0,0.0,0.0,0.33078247,0.0,0.0,0.48819113,0.0,0.0,0.0,0.0,0.0,0.0,0.0,0.0,0.0,0.0,0.0,0.0,0.0,0.0
CCDC6,0.0,0.0,0.0,0.0,0.0,0.6017931,0.49004585,0.0,0.0,0.0,0.0,0.0,0.0,0.0,0.0,0.0,0.0,0.0,0.0,0.0,0.0,0.0,0.0,0.0,0.0,0.0,0.0,0.0,0.0,0.0,0.0,0.0,0.0,0.0,0.0,0.0,0.0,0.0,0.0,0.0,0.0,0.0
CDK1,0.0,0.0,0.0,0.0,0.59842217,0.0,0.0,0.37577614,0.0,0.0,0.0,0.0,0.0,0.0,0.0,0.0,0.0,0.0,0.0,0.0,0.0,0.0,0.0,0.0,0.29749107,0.0,0.0,0.0,0.0,0.0,0.0,0.0,0.0,0.0,0.0,0.0,0.0,0.0,0.0,0.0,0.0,0.0
ARID5B,1.1386954,0.0,0.0,0.0,0.0,0.0,0.0,0.0,0.0,0.5471599,0.0,0.0,0.0,0.0,1.4930514,0.0,0.0,0.0,1.0849366,0.0,0.0,0.0,0.0,0.37193012,0.2975178,0.0,0.0,0.0,0.66761357,0.0,0.8716366,0.0,0.7713369,0.9720096,1.0731431,0.9744171,0.0,1.4021002,0.0,0.0,0.0,0.0
NRBF2,0.0,0.0,0.0,0.0,0.0,0.0,0.3007177,0.0,0.0,0.0,0.0,0.0,0.0,0.0,0.0,0.0,0.0,0.0,0.0,0.0,0.0,0.0,0.0,0.0,0.15349633,0.0,0.0,0.0,0.0,0.0,0.0,0.0,0.0,0.0,0.0,0.0,0.0,0.0,0.0,0.0,0.0,0.0
JMJD1C,1.1722982,0.0,0.83603024,0.5660721,0.0,1.2011975,0.9150326,0.0,0.0,0.8481529,1.0021521,0.72303134,1.5203841,0.0,1.3768444,0.0,0.0,0.0,1.0169299,0.0,0.0,0.0,0.64903915,0.2366023,0.17043604,1.4268506,0.0,0.36255682,0.66761357,0.0,0.77548546,0.0,0.9794771,0.0,0.7515389,0.89678466,0.78606504,0.85846114,0.0,0.0,0.9242541,1.0743798
REEP3,0.0,0.0,0.0,0.0,0.0,0.34549886,0.0,0.0,0.0,0.0,0.0,0.0,0.0,0.0,0.0,0.0,0.0,0.0,0.0,0.0,0.0,0.0,0.0,0.0,0.124119386,0.0,0.0,0.0,0.0,0.0,0.0,0.0,0.0,0.0,0.0,0.0,0.0,0.0,0.0,0.0,0.0,0.0
HNRNPH3,0.7734053,0.0,0.0,0.747478,0.8998567,0.5072514,0.6159758,0.99650234,0.0,0.97953105,0.8185749,0.0,0.0,0.0,0.0,0.0,0.0,0.0,0.71443284,0.0,0.0,0.0,0.5049491,0.0,0.71879894,0.0,0.0,0.80821776,0.0,0.0,0.782183,0.9024042,0.8282567,1.0211395,0.87191993,0.88818705,0.80044985,0.8403492,0.9706323,0.9239791,0.0,0.7099743
CCAR1,0.0,0.0,0.0,0.37076944,0.5796915,0.0,0.38839248,0.5600125,0.0,0.3953033,0.0,0.0,0.0,0.0,0.0,0.0,0.0,0.0,0.0,0.0,0.0,0.0,0.0,0.0,0.41048285,0.0,0.0,0.49669835,0.0,0.0,0.0,0.0,0.0,0.0,0.0,0.0,0.0,0.0,0.0,0.0,0.0,0.54959285
DDX50,0.0,0.0,0.0,0.0,0.0,0.0,0.0,0.19298582,0.0,0.0,0.0,0.0,0.0,0.0,0.0,0.0,0.0,0.0,0.0,0.0,0.0,0.0,0.0,0.0,0.13528816,0.0,0.0,0.0,0.0,0.0,0.0,0.0,0.0,0.0,0.0,0.0,0.0,0.0,0.0,0.0,0.0,0.0
DDX21,1.3546724,0.0,1.0079168,1.1363561,0.64056516,0.83915305,1.0207987,1.2157942,0.0,0.8483838,0.9341768,1.0337517,1.1682736,1.0179114,0.6868571,0.0,0.1692653,0.0,1.1303953,0.0,0.0,0.0,1.0416985,0.34717074,1.0060041,0.0,0.0,1.1210637,1.0025449,0.0,1.0530457,0.90127337,1.0251915,1.0063751,1.067477,1.0026985,1.0034633,1.1593013,0.9749302,0.9485752,0.0,1.1551042
SRGN,1.2216899,2.620955,3.3419523,3.4429402,2.4836676,2.5054111,3.0432534,0.3579567,2.2120833,1.0187601,2.5620005,3.7917316,3.4999416,2.6591837,1.2104161,3.1110184,4.7824965,2.0929317,0.22960356,2.9587765,3.0242324,0.0,3.2232082,1.3060329,1.6022633,0.0,0.0,3.813562,1.9222121,0.0,2.1261816,2.5387692,2.3634663,2.905487,1.7889872,1.7387383,1.7391728,2.4472804,2.6858413,2.5923355,2.7381158,1.8897917
VPS26A,0.0,0.0,0.0,0.0,0.49589804,0.0,0.37851083,0.26079074,0.0,0.0,0.0,0.0,0.0,0.0,0.0,0.0,0.0,0.0,0.0,0.0,0.0,0.0,0.0,0.0,0.0,0.0,0.0,0.0,0.0,0.0,0.0,0.0,0.0,0.0,0.0,0.0,0.0,0.0,0.0,0.0,0.0,0.0
SUPV3L1,0.0,0.0,0.0,0.0,0.0,0.0,0.0,0.16127299,0.0,0.0,0.0,0.0,0.0,0.0,0.0,0.0,0.0,0.0,0.0,0.0,0.0,0.0,0.0,0.0,0.0,0.0,0.0,0.0,0.0,0.0,0.0,0.0,0.0,0.0,0.0,0.0,0.0,0.0,0.0,0.0,0.0,0.0
HK1,0.0,0.0,0.0,0.29700285,0.0,0.0,0.40317827,0.77002656,0.0,0.0,0.0,0.0,0.44090223,0.0,0.0,0.0,0.0,0.39829355,0.0,0.0,0.0,0.0,0.0,0.0,0.0,0.0,0.0,0.0,0.0,0.0,0.0,0.0,0.0,0.0,0.0,0.0,0.0,0.0,0.0,0.0,0.0,0.0
AIFM2,0.0,0.0,0.0,0.0,0.0,0.0,0.0,0.0,0.0,0.0,0.0,0.0,0.0,0.0,0.0,0.0,0.0,0.0,0.0,0.0,0.0,0.0,0.0,0.0,0.14557157,0.0,0.0,0.0,0.0,0.0,0.0,0.0,0.0,0.0,0.0,0.0,0.0,0.0,0.0,0.0,0.0,0.0
SAR1A,0.0,0.0,0.0,0.41159946,0.63006634,0.0,0.0,0.20903917,0.0,0.23875955,0.0,0.0,0.44090223,0.0,0.0,0.0,0.0,0.0,0.0,0.0,0.0,0.0,0.0,0.17901288,0.58235437,0.0,0.0,0.0,0.0,0.0,0.0,0.0,0.0,0.0,0.0,0.0,0.0,0.0,0.0,0.0,0.0,0.0
PPA1,0.74198973,0.0,0.0,0.80805904,0.5920676,1.7406111,1.4000709,1.4158405,0.0,0.7058399,0.0,0.0,0.0,0.0,0.0,0.0,0.0,0.0,0.0,0.0,0.0,0.0,0.0,0.42779678,1.4076966,0.0,0.0,1.1542478,0.47378632,0.0,0.90894425,0.0,0.83691984,0.0,0.98480487,0.86902785,0.88378865,0.86425996,0.0,0.0,0.0,0.5856801
EIF4EBP2,0.0,0.0,0.0,0.64376163,0.5524916,0.2875488,0.33295542,0.36461988,0.0,0.18155362,0.0,0.0,0.0,0.0,0.0,0.0,0.0,0.0,0.0,0.0,0.0,0.0,0.0,0.0,0.15349633,0.0,0.0,0.24833159,0.0,0.0,0.0,0.0,0.0,0.0,0.0,0.0,0.0,0.0,0.0,0.0,0.0,0.0
PRF1,0.0,0.0,0.0,0.0,2.2746754,0.0,0.0,0.0,0.0,0.0,0.0,0.0,0.0,1.1107582,0.0,0.0,0.0,0.0,0.0,2.7225113,1.5932951,0.0,0.0,0.0,0.0,0.0,0.0,0.0,0.0,0.0,0.0,1.6189723,0.0,1.0919241,0.0,0.0,0.0,0.0,0.0,0.0,0.0,0.0
PCBD1,0.0,0.0,0.0,0.0,0.0,0.34549886,0.37619096,0.24889365,0.0,0.18083665,0.0,0.0,0.0,0.0,0.0,0.0,0.0,0.0,0.0,0.0,0.0,0.0,0.0,0.0,0.0,0.0,0.0,0.14967309,0.0,0.0,0.0,0.0,0.0,0.0,0.0,0.0,0.0,0.0,0.0,0.0,0.0,0.0
VSIR,0.0,0.0,1.7297454,1.3334503,0.0,1.2414505,1.201035,0.0,0.0,0.0,0.0,1.2107468,0.7257168,0.0,0.0,0.0,0.0,0.0,0.0,0.0,0.0,0.0,1.8913302,0.3760049,0.2261846,0.0,0.0,0.0,0.0,0.0,0.0,0.0,0.0,0.0,0.0,0.0,0.73131853,0.0,0.0,0.0,0.0,0.61727905
PSAP,1.1543701,3.226588,2.7501566,2.1565135,0.78250504,2.0759711,1.6480775,0.75771755,2.045228,0.36239028,0.0,3.4294498,3.3949664,0.0,1.6022239,1.9654301,0.49365026,0.65000904,0.72509766,1.0402744,0.0,0.0,3.4030757,1.3624611,0.6831687,0.0,0.0,0.83682156,0.84433746,0.0,0.0,0.0,0.0,0.0,0.0,0.0,0.0,0.0,0.0,0.0,0.0,1.702043
SPOCK2,0.0,0.0,0.0,0.0,0.0,0.0,0.0,0.0,0.0,0.0,1.064357,0.0,0.0,1.7357,0.0,0.0,0.0,0.0,0.0,0.0,0.0,0.0,0.0,0.0,0.0,0.0,0.0,0.0,0.0,0.0,1.1299679,0.8832494,1.006758,0.0,0.91406155,1.07289,1.0505005,1.3181099,0.97575355,1.3261819,0.0,0.0
ANAPC16,1.2532096,0.0,0.6797708,0.71921265,1.1606582,0.6542072,0.93999994,0.6985682,0.0,1.2520843,1.2238884,0.82655406,0.5578004,1.1345277,0.7355936,0.0,0.0,0.0,1.2944577,1.1591511,1.2178648,1.4107074,0.7675184,0.5374929,0.78392494,0.0,1.0257652,0.6852158,0.90350205,0.0,1.2600727,1.1673961,1.3447642,1.1918163,1.3258772,1.0323611,1.3078805,1.2026212,1.2024583,1.1168044,1.270175,1.3463048
DDIT4,0.0,0.0,0.0,0.0,1.4217302,1.5048168,1.801907,0.0,0.0,0.59956867,1.2572453,0.0,1.5203841,1.6947771,0.0,0.0,0.0,0.0,0.8296881,1.3510919,1.1563332,0.0,0.664371,0.30905342,0.13101205,0.0,1.1965461,0.0,1.039108,0.0,1.8937747,1.389981,2.0790567,1.6344607,1.6307058,0.9596584,1.221184,1.5266984,1.5123363,1.5755452,1.1143222,1.1665366
DNAJB12,0.0,0.0,0.0,0.0,0.0,0.0,0.0,0.0,0.0,0.0,0.0,0.0,0.0,0.0,0.0,0.0,0.0,0.0,0.0,0.0,0.0,0.0,0.0,0.0,0.17849067,0.0,0.0,0.0,0.0,0.0,0.0,0.0,0.0,0.0,0.0,0.0,0.0,0.0,0.0,0.0,0.0,0.0
MICU1,0.0,0.0,0.0,0.0,0.0,0.0,0.0,0.0,0.0,0.0,0.0,0.0,0.0,0.0,0.0,0.0,0.0,0.22184354,0.0,0.0,0.0,0.0,0.0,0.0,0.0,0.0,0.0,0.0,0.0,0.0,0.0,0.0,0.0,0.0,0.0,0.0,0.0,0.0,0.0,0.0,0.0,0.0
P4HA1,0.0,0.0,0.0,0.0,0.0,0.0,0.0,0.0,0.0,0.0,0.0,0.0,0.5578004,0.0,0.0,0.0,0.0,0.0,0.0,0.0,0.0,0.0,0.0,0.0,0.0,0.0,0.0,0.0,0.0,0.0,0.0,0.0,0.0,0.0,0.0,0.0,0.0,0.0,0.0,0.0,0.0,0.0
ECD,0.0,0.0,0.0,0.0,0.0,0.0,0.0,0.0,0.0,0.36239028,0.0,0.0,0.0,0.0,0.0,0.0,0.0,0.0,0.0,0.0,0.0,0.0,0.0,0.0,0.0,0.0,0.0,0.0,0.0,0.0,0.0,0.0,0.0,0.0,0.0,0.0,0.0,0.0,0.0,0.0,0.0,0.0
DNAJC9,0.0,0.0,0.0,0.0,0.91608196,0.0,0.0,1.1549652,0.0,0.0,0.0,0.0,0.0,0.0,0.0,0.0,0.0,0.0,0.0,0.0,0.0,0.0,0.0,0.0,0.56612104,0.0,0.0,0.19011557,0.0,0.0,0.0,0.0,0.0,0.0,0.0,0.0,0.0,0.0,0.0,0.0,0.0,0.0
MRPS16,0.0,0.0,0.0,0.0,0.34841782,0.0,0.0,0.7127449,0.0,0.5521189,0.0,0.0,0.0,0.0,0.0,0.0,0.0,0.0,0.0,0.0,0.0,0.0,0.0,0.2007839,0.7940921,0.0,0.0,0.4323645,0.0,0.0,0.0,0.0,0.0,0.0,0.0,0.0,0.0,0.0,0.0,0.0,0.0,0.0
ANXA7,0.0,0.0,0.0,0.41188744,0.0,0.34549886,0.51181424,0.32494235,0.0,0.0,0.0,0.0,0.0,0.0,0.0,0.0,0.0,0.72216976,0.0,0.0,0.0,0.0,0.0,0.0,0.4866162,0.0,0.0,0.3763069,0.0,0.0,0.0,0.0,0.0,0.0,0.0,0.0,0.0,0.0,0.0,0.0,0.0,0.0
SEC24C,0.0,0.0,0.0,0.0,0.0,0.0,0.0,0.0,0.0,0.0,0.0,0.0,0.0,0.0,0.0,0.0,0.0,0.0,0.0,0.0,0.0,0.0,0.0,0.0,0.16634938,0.0,0.0,0.0,0.0,0.0,0.0,0.0,0.0,0.0,0.0,0.0,0.0,0.0,0.0,0.0,0.0,0.0
CHCHD1,0.0,0.0,0.0,0.26957214,0.0,0.0,0.3358107,0.5403691,0.0,0.18083665,0.0,0.0,0.0,0.0,0.0,0.0,0.0,0.0,0.0,0.0,0.0,0.0,0.0,0.0,0.5175687,0.0,0.0,0.3204139,0.0,0.0,0.0,0.0,0.0,0.0,0.0,0.0,0.0,0.0,0.0,0.0,0.0,0.0
NDST2,0.0,0.0,0.0,0.0,0.0,0.0,0.0,0.0,0.0,0.0,0.0,0.0,0.44090223,0.0,0.0,0.0,0.0,0.0,0.0,0.0,0.0,0.0,0.0,0.0,0.0,0.0,0.0,0.0,0.0,0.0,0.0,0.0,0.0,0.0,0.0,0.0,0.0,0.0,0.0,0.0,0.0,0.0
CAMK2G,0.0,0.0,0.0,0.0,0.0,0.28412688,0.0,0.0,0.0,0.0,0.0,0.0,0.0,0.0,0.0,0.0,0.0,0.0,0.0,0.0,0.0,0.0,0.0,0.0,0.0,0.0,0.0,0.0,0.0,0.0,0.0,0.0,0.0,0.0,0.0,0.0,0.0,0.0,0.0,0.0,0.0,0.0
VCL,0.0,0.0,0.0,0.47978598,0.0,0.0,0.528968,0.0,0.0,0.0,0.0,0.0,0.0,0.0,0.0,0.0,0.0,1.7878821,0.0,0.0,0.0,0.0,0.0,0.0,0.0,0.0,0.0,0.0,0.0,0.0,0.0,0.0,0.0,0.0,0.0,0.0,0.0,0.0,0.0,0.0,0.0,0.0
ADK,0.74891436,0.0,0.0,0.0,0.0,0.0,0.0,0.31008708,0.0,0.23875955,0.0,0.0,0.0,0.0,0.7355936,0.0,0.0,0.0,0.0,0.0,0.0,0.0,0.0,0.0,0.14813367,0.0,0.0,0.0,0.0,0.0,0.0,0.0,0.0,0.0,0.0,0.0,0.0,0.0,0.0,0.0,0.0,0.0
KAT6B,0.0,0.0,0.0,0.0,0.6378577,0.0,0.3606974,0.0,0.0,0.0,0.8185749,0.0,0.0,0.0,0.0,0.0,0.0,0.0,0.0,0.0,0.0,0.0,0.0,0.0,0.15884948,0.0,1.0943637,0.29568365,0.0,0.0,0.0,0.0,0.0,0.0,0.0,0.0,0.0,0.0,0.0,0.0,0.0,0.0
VDAC2,0.6721774,0.0,0.5777097,0.8315624,0.90940905,0.8968226,1.0038465,1.0722574,0.0,0.81897044,0.0,0.8840804,0.0,0.0,0.7355936,0.49112624,0.0,0.97406256,0.7164357,0.0,0.0,0.0,0.86729133,0.37193012,1.0012254,0.0,0.0,0.8284401,0.0,0.0,0.8003823,0.0,0.7173459,0.0,0.8776679,0.8504604,0.8197099,0.86961895,0.0,0.0,0.0,0.80041677
COMTD1,0.0,0.0,0.0,0.0,0.0,0.3139043,0.0,0.0,0.0,0.0,0.0,0.0,0.0,0.0,0.0,0.0,0.0,0.0,0.0,0.0,0.0,0.0,0.0,0.0,0.31081575,0.0,0.0,0.0,0.0,0.0,0.0,0.0,0.0,0.0,0.0,0.0,0.0,0.0,0.0,0.0,0.0,0.0
RPS24,3.319315,3.1630042,3.45436,3.4554193,3.0514903,3.9327574,3.874022,3.7379463,3.1584978,3.2501879,3.7671316,3.3276834,3.6966937,3.5272586,3.0596745,3.5370274,3.5790548,2.6629176,3.3958519,3.2902381,3.5660203,3.4138818,3.4193406,1.9380656,3.3975346,3.233918,3.389825,3.9167767,3.283566,0.0,3.516236,3.5491939,3.438413,3.302093,3.6455455,3.4090085,3.729769,3.3783681,3.4309402,3.4259741,3.2526183,3.6883743
ZMIZ1,0.0,0.0,0.0,0.0,0.0,0.40020192,0.39008018,0.0,0.0,0.0,0.0,0.5104259,0.0,0.0,0.0,0.0,0.0,0.0,0.0,0.0,0.0,0.0,0.0,0.0,0.0,0.0,1.0910696,0.0,0.0,0.0,0.0,0.0,0.0,0.0,0.0,0.0,0.0,0.0,0.0,0.0,0.0,0.0
PPIF,0.0,0.0,0.0,0.534992,0.0,0.7185833,0.50284827,0.7115592,0.0,0.18155362,0.0,0.7063019,0.7257168,0.0,0.0,0.0,0.0,1.6993449,0.0,0.0,0.0,0.0,0.0,0.0,0.35134384,0.0,0.0,0.43943194,0.0,0.0,0.0,0.0,0.0,0.0,0.0,0.0,0.0,0.0,0.0,0.0,0.0,0.0
NUTM2B-AS1,0.0,0.0,0.0,0.0,0.0,0.37521976,0.0,0.16784665,0.0,0.0,0.0,0.0,0.0,0.0,0.0,0.0,0.0,0.0,0.0,0.0,0.0,0.0,0.0,0.0,0.0,0.0,0.0,0.0,0.0,0.0,0.0,0.0,0.0,0.0,0.0,0.0,0.0,0.0,0.0,0.0,0.0,0.6495626
ANXA11,0.6262727,0.0,0.750962,0.68351424,0.81819236,0.82469076,0.71294373,0.1482855,0.0,1.133539,0.0,1.0393877,1.4643317,0.0,0.0,0.0,0.0,0.5296103,0.0,0.0,0.8577196,0.0,0.85772395,0.14963485,0.3400765,0.0,0.9181548,0.536855,0.0,0.0,0.79302317,0.0,0.0,0.96071154,0.0,0.7820188,0.0,0.91410637,0.0,0.0,0.0,0.84619486
TSPAN14,0.0,0.0,0.0,0.0,0.0,0.0,0.0,0.0,0.0,0.0,0.0,0.0,0.44090223,0.0,0.0,0.0,0.0,0.0,0.0,0.0,0.0,0.0,0.9027964,0.0,0.0,0.0,1.4311959,0.0,0.0,0.0,0.0,0.0,0.0,0.0,0.0,0.0,0.0,0.0,0.0,0.0,0.0,0.0
GHITM,0.0,0.6834405,0.573639,0.71974134,0.8584239,0.59506035,0.83815897,0.96601486,0.0,0.8468152,0.0,0.84672683,0.0,0.0,0.7355936,0.0,0.0,0.0,0.0,0.0,0.0,0.0,0.74176157,0.40204462,1.1092919,0.0,0.0,0.6357658,0.0,0.0,0.6510742,0.0,0.0,0.0,0.0,0.0,0.6511181,0.0,0.0,0.8462326,0.0,0.73863447
CCSER2,0.0,0.0,0.0,0.0,0.0,0.0,0.0,0.0,0.0,0.0,0.0,0.0,0.0,0.0,0.0,0.0,0.0,0.0,0.0,0.0,0.0,0.0,0.0,0.0,0.0,0.0,0.0,0.0,0.0,0.0,0.0,0.0,0.0,0.9056075,0.0,0.0,0.0,0.0,0.0,0.0,0.0,0.0
WAPL,0.0,0.0,0.0,0.0,0.0,0.0,0.4363086,0.395955,0.0,0.0,0.0,0.0,0.44090223,0.0,0.0,0.0,0.0,0.0,0.0,0.0,0.0,0.0,0.0,0.0,0.16683619,0.0,0.0,0.0,0.0,0.0,0.0,0.0,0.0,0.0,0.0,0.0,0.0,0.0,0.0,0.0,0.0,0.0
GLUD1,0.0,0.0,0.0,0.0,0.0,0.3977822,0.44636363,0.0,0.0,0.62781835,0.0,0.0,0.0,0.0,0.0,0.0,0.0,0.0,0.0,0.0,0.0,0.0,0.0,0.0,0.12207285,0.0,0.0,0.0,0.0,0.0,0.0,0.0,0.0,0.0,0.0,0.0,0.0,0.0,0.0,0.0,0.0,0.0
NUTM2A-AS1,0.0,0.0,0.0,0.0,0.0,0.34146005,0.0,0.27239582,0.0,0.0,0.0,0.0,0.0,0.0,0.0,0.0,0.0,0.520066,0.0,0.0,0.0,0.0,0.0,0.0,0.0,0.0,0.0,0.0,0.0,0.0,0.0,0.0,0.0,0.0,0.0,0.0,0.0,0.0,0.0,0.0,0.0,0.0
MINPP1,0.0,0.0,0.0,0.0,0.0,0.0,0.0,0.8224308,0.0,0.0,0.0,0.0,0.0,0.0,0.0,0.0,0.0,0.0,0.0,0.0,0.0,0.0,0.0,0.0,0.0,0.0,0.0,0.0,0.0,0.0,0.0,0.0,0.0,0.0,0.0,0.0,0.0,0.0,0.0,0.0,0.0,0.0
PTEN,0.0,0.0,0.7893967,0.5004464,0.0,0.6542072,0.792229,0.13217042,0.0,0.4977838,0.0,0.84672683,0.97920024,0.0,0.0,0.0,0.0,0.0,0.0,0.0,0.0,0.0,0.65461934,0.0,0.23792577,0.0,1.2824671,0.31410325,0.0,0.0,0.0,0.0,0.0,0.0,0.0,0.0,0.0,0.0,0.0,0.0,0.0,0.72448516
LIPA,0.0,2.0241854,0.0,0.0,0.0,0.0,0.3259039,0.0,1.4052632,0.0,0.0,0.5950968,1.4048783,0.0,0.0,0.0,0.0,0.0,0.0,0.0,0.0,0.0,0.5703952,0.0,0.0,0.0,0.0,0.0,0.0,0.0,0.0,0.0,0.0,0.0,0.0,0.0,0.0,0.0,0.0,0.0,0.0,0.0
KIF20B,0.0,0.0,0.0,0.0,0.90542114,0.0,0.0,0.40804836,0.0,0.0,0.0,0.0,0.0,0.0,0.0,0.0,0.0,0.0,0.0,0.0,0.0,0.0,0.0,0.0,0.4819765,0.0,0.0,0.0,0.0,0.0,0.0,0.0,0.0,0.0,0.0,0.0,0.0,0.0,0.0,0.0,0.0,0.0
RPP30,0.0,0.0,0.0,0.0,0.0,0.0,0.0,0.187809,0.0,0.18083665,0.0,0.0,0.0,0.0,0.0,0.0,0.0,0.0,0.0,0.0,0.0,0.0,0.0,0.0,0.19805485,0.0,0.0,0.0,0.0,0.0,0.0,0.0,0.0,0.0,0.0,0.0,0.0,0.0,0.0,0.0,0.0,0.0
PCGF5,0.0,0.0,0.0,0.0,0.0,0.4580726,0.3044914,0.1972709,0.0,0.0,0.0,0.0,0.0,0.0,0.6868571,0.0,0.0,0.0,0.0,0.0,0.0,0.0,0.6387731,0.0,0.24290843,0.0,0.0,0.0,0.0,0.0,0.0,0.0,0.0,0.0,0.0,0.0,0.0,0.0,0.0,0.0,0.0,0.0
TNKS2,0.0,0.0,0.0,0.0,0.0,0.4224942,0.42200556,0.0,0.0,0.18083665,0.0,0.0,0.0,0.0,0.0,0.0,0.0,0.0,0.0,0.0,0.0,0.0,0.0,0.0,0.0,0.0,0.0,0.0,0.0,0.0,0.0,0.0,0.0,0.0,0.0,0.0,0.0,0.0,0.0,0.0,0.0,0.0
BTAF1,0.0,0.0,0.0,0.0,0.0,0.3431283,0.0,0.0,0.0,0.0,0.0,0.0,0.0,0.0,0.0,0.0,0.0,0.0,0.0,0.0,0.0,0.0,0.0,0.0,0.1146783,0.0,0.0,0.0,0.0,0.0,0.0,0.0,0.0,0.0,0.0,0.0,0.0,0.0,0.0,0.0,0.0,0.0
MARCHF5,0.0,0.0,0.0,0.0,0.0,0.0,0.0,0.1951735,0.0,0.18155362,0.0,0.0,0.0,0.0,0.0,0.0,0.0,0.0,0.0,0.0,0.0,0.0,0.0,0.0,0.0,0.0,0.0,0.0,0.0,0.0,0.0,0.0,0.0,0.0,0.0,0.0,0.0,0.0,0.0,0.0,0.0,0.0
KIF11,0.0,0.0,0.0,0.0,0.7595303,0.0,0.0,0.0,0.0,0.0,0.0,0.0,0.0,0.0,0.0,0.0,0.0,0.0,0.0,0.0,0.0,0.0,0.0,0.0,0.22759601,0.0,0.0,0.0,0.0,0.0,0.0,0.0,0.0,0.0,0.0,0.0,0.0,0.0,0.0,0.0,0.0,0.0
NOC3L,0.0,0.0,0.0,0.0,0.0,0.0,0.0,0.22824296,0.0,0.0,0.0,0.0,0.0,0.0,0.0,0.0,0.0,0.0,0.0,0.0,0.0,0.0,0.0,0.0,0.0,0.0,0.0,0.0,0.0,0.0,0.0,0.0,0.0,0.0,0.0,0.0,0.0,0.0,0.0,0.0,0.0,0.0
HELLS,0.0,0.0,0.0,0.0,0.6947259,0.0,0.0,0.0,0.0,0.18155362,0.0,0.0,0.0,0.0,0.0,0.0,0.0,0.0,0.0,0.0,0.0,0.0,0.0,0.0,0.5089924,0.0,0.0,0.19350117,0.0,0.0,0.0,0.0,0.0,0.0,0.0,0.0,0.0,0.0,0.0,0.0,0.0,0.0
PDLIM1,0.6262727,0.0,0.0,0.0,0.0,0.0,0.30505306,0.1595173,0.0,0.7935314,0.0,0.0,0.0,0.0,0.6868571,0.0,0.0,2.5940068,0.7164357,0.0,0.0,0.0,0.0,0.0,0.7758649,0.0,0.0,0.0,0.0,0.0,0.0,0.0,0.0,0.0,0.0,0.0,0.0,0.0,0.0,0.0,0.0,0.0
ALDH18A1,0.0,0.0,0.0,0.0,0.0,0.0,0.0,0.12812422,0.0,0.0,0.0,0.0,0.0,0.0,0.0,0.0,0.0,0.0,0.0,0.0,0.0,0.0,0.0,0.0,0.15884948,0.0,0.0,0.0,0.0,0.0,0.0,0.0,0.0,0.0,0.0,0.0,0.0,0.0,0.0,0.0,0.0,0.0
ENTPD1,0.0,0.0,0.0,0.0,0.0,0.0,0.0,0.0,0.0,0.0,0.0,0.0,0.0,0.0,0.0,0.0,0.0,0.0,0.0,0.0,0.0,0.0,0.0,0.0,0.44274735,0.0,0.0,0.0,0.0,0.0,0.0,0.0,0.0,0.0,0.0,0.0,0.0,0.0,0.0,0.0,0.0,0.0
BLNK,0.78906876,0.0,0.0,0.0,0.0,0.0,0.0,0.0,0.0,0.5734832,0.0,0.0,0.0,0.0,0.0,0.0,0.0,0.0,0.0,0.0,0.0,0.0,0.0,0.26814458,0.37458456,0.36588305,1.031539,0.0,0.0,0.0,0.0,0.0,0.0,0.0,0.0,0.0,0.0,0.0,0.0,0.0,0.0,1.2132059
DNTT,0.0,0.0,0.0,0.0,0.0,0.0,0.0,0.0,0.0,0.0,0.0,0.0,0.0,0.0,0.0,0.0,0.0,0.0,0.0,0.0,0.0,0.0,0.0,0.0,0.0,0.0,3.1380484,0.0,0.0,0.0,0.0,0.0,0.0,0.0,0.0,0.0,0.0,0.0,0.0,0.0,0.0,0.0
TM9SF3,0.0,0.0,0.0,0.48641098,0.0,0.28951037,0.41449797,0.36510786,0.0,0.0,0.0,0.5046885,0.0,0.0,0.0,0.0,0.0,0.0,0.0,0.0,0.0,0.0,0.0,0.0,0.44305977,0.0,0.0,0.3747503,0.0,0.0,0.0,0.0,0.0,0.0,0.0,0.0,0.0,0.0,0.0,0.0,0.0,0.7078557
PIK3AP1,0.510213,0.0,0.58003545,0.20923227,0.0,0.0,0.3520353,0.0,0.0,0.6001893,0.0,0.0,1.1682736,0.0,0.0,0.0,0.0,0.0,0.0,0.0,0.0,0.0,0.87271047,0.0,0.0,1.31516,1.3518347,0.0,0.0,0.0,0.0,0.0,0.0,0.0,0.0,0.0,0.0,0.0,0.0,0.0,0.0,0.640251
FRAT2,0.0,0.0,0.0,0.0,0.0,0.0,0.0,0.2336039,0.0,0.0,0.0,0.0,0.0,0.0,0.0,0.0,0.0,0.0,0.0,0.0,0.0,0.0,0.0,0.0,0.0,0.0,0.0,0.0,0.0,0.0,0.0,0.0,0.0,0.0,0.0,0.0,0.0,0.0,0.0,0.0,0.0,0.0
RRP12,0.0,0.0,0.0,0.0,0.0,0.0,0.0,0.0,0.0,0.0,0.0,0.0,0.7257168,0.0,0.0,0.0,0.0,0.0,0.0,0.0,0.0,0.0,0.0,0.0,0.0,0.0,0.0,0.0,0.0,0.0,0.0,0.0,0.0,0.0,0.0,0.0,0.0,0.0,0.0,0.0,0.0,0.0
PGAM1,0.6535427,0.0,1.0474278,1.3106439,1.0766389,0.7185833,0.9383553,0.8361783,0.0,1.0343833,0.0,0.965619,0.5578004,0.0,1.2927269,0.0,0.0,0.87225306,0.0,0.0,0.0,0.0,0.9803971,0.32009172,1.1775982,0.0,0.0,0.768041,0.0,0.0,0.0,0.0,0.0,0.0,0.0,0.0,0.0,0.0,0.0,0.0,0.0,0.6101432
EXOSC1,0.0,0.0,0.0,0.0,0.0,0.0,0.0,0.20019104,0.0,0.0,0.0,0.0,0.0,0.0,0.0,0.0,0.0,0.0,0.0,0.0,0.0,0.0,0.0,0.0,0.31626165,0.0,0.0,0.0,0.0,0.0,0.0,0.0,0.0,0.0,0.0,0.0,0.0,0.0,0.0,0.0,0.0,0.0
ZDHHC16,0.0,0.0,0.0,0.0,0.0,0.0,0.0,0.0,0.0,0.0,0.0,0.0,0.0,0.0,0.0,0.0,0.0,0.0,0.0,0.0,0.0,0.0,0.0,0.0,0.12207285,0.0,0.0,0.0,0.0,0.0,0.0,0.0,0.0,0.0,0.0,0.0,0.0,0.0,0.0,0.0,0.0,0.0
HPS1,0.0,0.0,0.0,0.0,0.0,0.5072514,0.42818734,0.8968607,0.0,0.18083665,0.0,0.0,0.0,0.0,0.0,0.0,0.0,0.0,0.0,0.0,0.0,0.0,0.0,0.0,0.19805485,0.0,0.0,0.19101357,0.0,0.0,0.0,0.0,0.0,0.0,0.0,0.0,0.0,0.0,0.0,0.0,0.0,0.0
GOT1,0.0,0.0,0.0,0.0,0.0,0.0,0.0,0.0,0.0,0.0,0.0,0.0,0.0,0.0,0.0,0.0,0.0,0.0,0.0,0.0,0.0,0.0,0.0,0.0,0.17365827,0.0,0.0,0.0,0.0,0.0,0.0,0.0,0.0,0.0,0.0,0.0,0.0,0.0,0.0,0.0,0.0,0.0
CUTC,0.0,0.0,0.0,0.0,0.0,0.0,0.0,0.10743968,0.0,0.0,0.0,0.0,0.0,0.0,0.0,0.0,0.0,0.0,0.0,0.0,0.0,0.0,0.0,0.0,0.14598884,0.0,0.0,0.0,0.0,0.0,0.0,0.0,0.0,0.0,0.0,0.0,0.0,0.0,0.0,0.0,0.0,0.0
COX15,0.0,0.0,0.0,0.0,0.0,0.0,0.0,0.0,0.0,0.18155362,0.0,0.0,0.0,0.0,0.0,0.0,0.0,0.0,0.0,0.0,0.0,0.0,0.0,0.0,0.0,0.0,0.0,0.0,0.0,0.0,0.0,0.0,0.0,0.0,0.0,0.0,0.0,0.0,0.0,0.0,0.0,0.0
BLOC1S2,0.0,0.0,0.0,0.0,0.0,0.48126704,0.3832682,0.17570476,0.0,0.21446666,0.0,0.0,0.0,0.0,0.0,0.0,0.0,0.0,0.0,0.0,0.0,0.0,0.0,0.0,0.15978293,0.0,0.0,0.0,0.0,0.0,0.0,0.0,0.0,0.0,0.0,0.0,0.0,0.0,0.0,0.0,0.0,0.0
NDUFB8,0.8109302,0.0,0.0,0.81535155,1.1003962,0.8514719,0.8914837,1.2856139,0.0,1.0003068,0.0,0.8840804,0.7257168,0.9376614,0.77814996,0.0,0.0,0.9765836,0.77074575,1.0310745,0.9390605,0.0,0.8356279,0.5114531,1.365198,0.0,0.0,0.9826839,0.0,0.0,0.8803036,1.0078062,0.85701454,1.0085248,0.91865224,0.909793,0.91924083,1.0125246,0.9881799,0.9941467,0.9661733,0.99049723
MRPL43,0.0,0.0,0.0,0.0,0.0,0.27226898,0.3404857,0.571114,0.0,0.4532262,0.6301467,0.0,0.0,0.0,0.0,0.0,0.0,0.0,0.0,0.0,0.0,0.0,0.0,0.14963485,0.39370456,0.0,0.0,0.0,0.0,0.0,0.0,0.0,0.0,0.0,0.0,0.0,0.0,0.0,0.0,0.0,0.0,0.0
NPM3,0.0,0.0,0.0,0.0,0.0,0.0,0.0,0.35570475,0.0,0.0,0.0,0.0,0.0,0.0,0.0,0.0,0.0,0.0,0.0,0.0,0.0,0.0,0.0,0.0,0.16683619,0.0,0.0,0.0,0.0,0.0,0.0,0.0,0.0,0.0,0.0,0.0,0.0,0.0,0.0,0.0,0.0,0.0
OGA,0.6535427,0.0,0.0,0.0,0.69726896,0.0,0.38839248,0.0,0.0,0.4977838,0.392094,0.0,0.0,0.0,0.8421502,0.0,0.0,0.0,0.0,0.0,0.6922143,0.0,0.0,0.0,0.29982746,0.0,0.0,0.0,0.6158854,0.0,0.0,0.0,0.0,0.0,0.0,0.0,0.0,0.0,0.0,0.0,0.0,0.36404878
LDB1,0.0,0.0,0.0,0.0,0.0,0.0,0.0,0.3584625,0.0,0.0,0.0,0.0,0.0,0.0,0.0,0.0,0.0,0.0,0.0,0.0,0.0,0.0,0.0,0.0,0.0,0.0,0.0,0.0,0.0,0.0,0.0,0.0,0.0,0.0,0.0,0.0,0.0,0.0,0.0,0.0,0.0,0.0
NOLC1,0.0,0.0,0.0,0.0,0.0,0.0,0.0,0.8120429,0.0,0.36239028,0.0,0.0,0.0,0.0,0.0,0.0,0.0,0.0,0.0,0.0,0.0,0.0,0.0,0.0,0.37698022,0.0,0.0,0.30961555,0.0,0.0,0.0,0.0,0.0,0.0,0.0,0.0,0.0,0.0,0.0,0.0,0.0,0.0
GBF1,0.0,0.0,0.0,0.0,0.0,0.0,0.0,0.0,0.0,0.0,0.0,0.0,0.0,0.0,0.0,0.0,0.0,0.0,0.0,0.0,0.0,0.0,0.0,0.0,0.17878182,0.0,0.0,0.0,0.0,0.0,0.0,0.0,0.0,0.0,0.0,0.0,0.0,0.0,0.0,0.0,0.0,0.0
NFKB2,0.0,0.0,0.0,0.0,0.0,0.0,0.0,0.0,0.0,0.3960203,0.0,0.5950968,0.7257168,0.0,0.0,0.0,0.0,0.0,0.0,0.0,0.0,0.0,0.0,0.0,0.13167544,0.0,0.0,0.0,0.0,0.0,0.0,0.0,0.0,0.0,0.0,0.0,0.0,0.0,0.0,0.0,0.0,0.0
FBXL15,0.0,0.0,0.0,0.0,0.0,0.0,0.0,0.0,0.0,0.0,0.0,0.0,0.0,0.0,0.0,0.0,0.0,0.0,0.0,0.0,0.0,0.0,0.0,0.0,0.07294999,0.0,0.0,0.0,0.0,0.0,0.0,0.0,0.0,0.0,0.0,0.0,0.0,0.0,0.0,0.0,0.0,0.0
CUEDC2,0.0,0.0,0.0,0.0,0.0,0.329874,0.3259039,0.41411492,0.0,0.21446666,0.0,0.0,0.0,0.0,0.0,0.0,0.0,0.0,0.0,0.0,0.0,0.0,0.0,0.0,0.1931466,0.0,0.0,0.29308373,0.0,0.0,0.0,0.0,0.0,0.0,0.0,0.0,0.0,0.0,0.0,0.0,0.0,0.0
ACTR1A,0.0,0.0,0.0,0.0,0.0,0.0,0.30307323,0.21169974,0.0,0.0,0.0,0.0,0.0,0.0,0.0,0.0,0.0,0.0,0.0,0.0,0.0,0.0,0.0,0.0,0.23654889,0.0,0.0,0.0,0.0,0.0,0.0,0.0,0.0,0.0,0.0,0.0,0.0,0.0,0.0,0.0,0.0,0.0
TRIM8,0.0,0.0,0.0,0.0,0.0,0.0,0.47396737,0.0,0.0,0.0,0.0,0.0,0.0,0.0,0.0,0.0,0.0,0.0,0.0,0.0,0.0,0.0,0.540599,0.0,0.0,0.0,0.0,0.0,0.0,0.0,0.0,0.0,0.0,0.0,0.0,0.0,0.0,0.0,0.0,0.0,0.0,0.4299085
BORCS7,0.0,0.0,0.0,0.0,0.0,0.0,0.38106546,0.0,0.0,0.0,0.0,0.0,0.0,0.0,0.0,0.0,0.0,0.0,0.0,0.0,0.0,0.0,0.0,0.0,0.0,0.0,0.0,0.0,0.0,0.0,0.0,0.0,0.0,0.0,0.0,0.0,0.0,0.0,0.0,0.0,0.0,0.0
ATP5MK,0.78854465,0.8188347,0.89841604,1.0624728,0.9886044,1.083187,0.9914379,1.4532317,1.7165388,1.2986485,0.9013167,1.3130223,0.91374826,1.011744,0.77814996,0.8871072,0.60223836,1.3525488,0.72610104,1.0048882,0.6811528,0.0,1.278465,0.6320404,1.4760922,0.0,0.0,1.0803423,0.3345065,0.0,0.9231553,1.1478668,0.9234297,1.1010852,0.86665076,0.918607,0.87390834,0.8999288,1.1362482,1.0702388,0.9293262,1.1414828
SLK,0.0,0.0,0.0,0.0,0.0,0.0,0.3479272,0.0,0.0,0.0,0.0,0.0,0.0,0.0,0.0,0.0,0.0,0.0,0.0,0.0,0.0,0.0,0.0,0.0,0.0,0.0,0.0,0.0,0.0,0.0,0.0,0.0,0.0,0.0,0.0,0.0,0.0,0.0,0.0,0.0,0.0,0.0
GSTO1,0.0,0.0,1.0642018,1.1415194,0.7703704,0.47506863,1.0091059,0.9432075,1.0574996,0.5471599,0.0,1.3827797,1.4048783,0.0,0.0,0.0,0.0,1.6973276,0.0,0.0,0.0,0.0,1.139851,0.0,0.30907077,0.0,0.0,1.1042712,0.0,0.0,0.0,0.0,0.0,0.0,0.0,0.0,0.0,0.0,0.0,0.0,0.0,0.53099674
ITPRIP,0.0,0.0,0.0,0.0,0.0,0.0,0.0,0.0,0.0,0.0,0.0,0.0,0.44090223,0.0,0.0,0.0,0.0,0.0,0.0,0.0,0.0,0.0,0.0,0.0,0.0,0.0,0.0,0.0,0.0,0.0,0.0,0.0,0.0,0.0,0.0,0.0,0.0,0.0,0.0,0.0,0.0,0.0
XPNPEP1,0.0,0.0,0.0,0.0,0.0,0.0,0.0,0.0,0.0,0.0,0.0,0.0,0.0,0.0,0.0,0.0,0.0,0.2273123,0.0,0.0,0.0,0.0,0.0,0.0,0.0,0.0,0.0,0.0,0.0,0.0,0.0,0.0,0.0,0.0,0.0,0.0,0.0,0.0,0.0,0.0,0.0,0.0
ADD3,0.89837277,0.0,0.7307328,0.62586206,0.98517287,0.41900888,0.4363086,0.0,0.0,0.49282485,0.0,0.0,0.0,0.0,0.0,0.0,0.0,0.0,0.0,1.040985,0.0,0.0,0.45232376,0.0,0.20105934,0.0,0.9181548,0.0,0.0,0.0,0.84882456,0.0,0.0,0.0,0.87795544,0.91087615,0.0,0.92023885,0.0,0.0,0.0,0.0
MXI1,0.0,0.0,0.0,0.0,0.0,0.0,0.0,0.0,0.0,0.0,0.0,0.0,0.44090223,0.0,0.0,0.0,0.0,0.0,0.0,0.0,0.0,0.0,0.0,0.0,0.0,0.0,0.0,0.0,0.0,0.0,0.0,0.0,0.0,0.0,0.0,0.0,0.0,0.0,0.0,0.0,0.0,0.0
SMNDC1,0.0,0.0,0.0,0.0,0.0,0.0,0.3520353,0.19677243,0.0,0.49282485,0.0,0.0,0.0,0.0,0.0,0.0,0.0,0.0,0.0,0.0,0.0,0.0,0.0,0.0,0.0,0.0,0.0,0.0,0.0,0.0,0.0,0.0,0.0,0.0,0.0,0.0,0.0,0.0,0.0,0.0,0.0,0.0
DUSP5,0.0,0.0,0.0,0.0,0.0,0.4165121,0.0,0.0,0.0,0.0,0.0,0.0,0.0,0.0,0.0,0.0,0.0,0.0,0.0,0.0,0.0,0.0,0.0,0.0,0.0,0.0,0.0,0.0,0.0,0.0,0.0,0.0,0.0,0.0,0.0,0.0,0.0,0.0,0.0,0.0,0.0,1.1926323
SMC3,0.0,0.0,0.0,0.70044625,1.1710353,0.0,0.40982887,0.7121758,0.0,0.49282485,0.0,0.0,0.0,0.0,0.0,0.0,0.0,0.0,0.0,0.0,0.0,0.0,0.0,0.0,0.6642692,0.0,0.0,0.46856666,0.0,0.0,0.0,0.0,0.0,0.0,0.0,0.0,0.0,0.0,0.0,0.0,0.0,0.0
PDCD4,0.57448566,0.0,0.0,0.0,0.5401646,0.28305006,0.0,0.95143175,0.0,0.63381934,0.59476876,0.0,0.0,1.4232526,0.0,0.0,0.78988993,0.0,0.8055523,0.0,1.1758503,0.0,0.0,0.0,0.15978293,0.0,0.0,0.53390515,0.3720317,0.0,0.894166,0.6852497,1.0536537,1.4108831,0.9098741,0.65919733,0.9415553,0.0,1.2215213,0.99511296,1.2047434,0.67074984
BBIP1,0.0,0.0,0.0,0.0,0.0,0.0,0.0,0.0,0.0,0.0,0.0,0.0,0.0,0.0,0.0,0.0,0.0,0.0,0.0,0.0,0.0,0.0,0.0,0.0,0.116415784,0.0,0.0,0.0,0.0,0.0,0.0,0.0,0.0,0.0,0.0,0.0,0.0,0.0,0.0,0.0,0.0,0.0
SHOC2,0.51613474,0.0,0.0,0.41490084,0.0,0.0,0.36318722,0.0,0.0,0.23380059,0.0,0.4963503,0.0,0.0,0.0,0.0,0.0,0.0,0.0,0.0,0.0,0.0,0.40854844,0.0,0.0,0.0,0.0,0.0,0.0,0.0,0.0,0.0,0.0,0.0,0.0,0.0,0.0,0.0,0.0,0.0,0.0,0.0
ACSL5,0.0,0.0,0.0,0.0,0.0,0.40235615,0.0,0.0,0.0,0.0,0.0,0.0,0.0,0.0,0.0,0.0,0.0,0.0,0.0,0.0,0.0,0.0,0.0,0.0,0.0,0.0,0.0,0.0,0.0,0.0,0.0,0.0,0.0,0.0,0.0,0.0,0.0,0.0,0.0,0.0,0.0,0.0
ZDHHC6,0.0,0.0,0.0,0.0,0.0,0.0,0.0,0.0,0.0,0.4153542,0.0,0.0,0.0,0.0,0.0,0.0,0.0,0.0,0.0,0.0,0.0,0.0,0.0,0.0,0.0,0.0,0.0,0.0,0.0,0.0,0.0,0.0,0.0,0.0,0.0,0.0,0.0,0.0,0.0,0.0,0.0,0.0
TCF7L2,0.0,0.0,0.0,0.0,0.0,0.0,0.0,0.0,0.0,0.0,0.0,0.0,0.0,0.0,0.0,0.0,0.0,0.0,0.0,0.0,0.0,0.0,0.9351163,0.0,0.0,0.0,0.0,0.0,0.0,0.0,0.0,0.0,0.0,0.0,0.0,0.0,0.0,0.0,0.0,0.0,0.0,0.0
CCDC186,0.0,0.0,0.0,0.0,0.0,0.0,0.0,0.0,0.0,0.0,0.0,0.0,0.0,0.0,0.0,0.0,0.0,0.0,0.0,0.0,0.0,0.0,0.0,0.0,0.17393991,0.0,0.0,0.0,0.0,0.0,0.0,0.0,0.0,0.0,0.0,0.0,0.0,0.0,0.0,0.0,0.0,1.3523904
ABLIM1,0.0,0.0,0.0,0.0,0.0,0.0,0.0,0.0,0.0,0.0,0.0,0.0,0.0,0.0,0.0,0.0,0.0,0.0,0.0,0.0,0.0,0.0,0.0,0.0,0.0,0.0,0.0,0.0,0.0,0.0,0.0,0.0,0.0,0.0,0.0,0.89536464,0.0,0.0,0.0,0.0,0.0,0.0
SHTN1,0.0,0.0,0.0,0.0,0.0,1.532449,0.4004618,0.0,0.0,0.0,0.0,0.0,1.1757209,0.0,0.0,0.0,0.0,0.0,0.0,0.0,0.0,0.0,0.0,0.0,0.0,0.0,0.0,0.0,0.0,0.0,0.0,0.0,0.0,0.0,0.0,0.0,0.0,0.0,0.0,0.0,0.0,0.0
SLC18A2,0.0,0.0,0.0,0.0,0.0,0.0,0.0,0.0,0.0,0.0,0.0,0.0,0.0,0.0,0.0,0.0,0.14267562,0.0,0.0,0.0,0.0,0.0,0.0,0.0,0.0,0.0,0.0,0.0,0.0,0.0,0.0,0.0,0.0,0.0,0.0,0.0,0.0,0.0,0.0,0.0,0.0,0.0
PDZD8,0.0,0.0,0.0,0.0,0.0,0.0,0.0,0.46084404,0.0,0.3953033,0.0,0.0,0.0,0.0,0.0,0.0,0.0,0.0,0.0,0.0,0.0,0.0,0.0,0.0,0.0,0.0,0.0,0.31489098,0.0,0.0,0.0,0.0,0.0,0.0,0.0,0.0,0.0,0.0,0.0,0.0,0.0,0.0
FAM204A,0.0,0.0,0.0,0.0,0.3606225,0.28951037,0.42818734,0.23079851,0.0,0.3960203,0.0,0.0,0.0,0.0,0.0,0.0,0.0,0.0,0.0,0.0,0.0,0.0,0.0,0.0,0.33039644,0.0,0.0,0.19513237,0.0,0.0,0.0,0.0,0.0,0.0,0.0,0.0,0.0,0.0,0.0,0.0,0.0,0.0
CACUL1,0.0,0.0,0.0,0.0,0.0,0.0,0.36171302,0.13451539,0.0,0.0,0.0,0.0,0.0,0.0,0.0,0.0,0.0,0.0,0.0,0.0,0.0,0.0,0.4592561,0.0,0.0,0.0,0.0,0.0,0.0,0.0,0.0,0.0,0.0,0.0,0.0,0.0,0.0,0.0,0.0,0.0,0.0,0.0
EIF3A,0.9282145,0.0,1.2148559,1.3970208,1.1069489,0.85325944,1.2364,1.573791,0.0,0.9137148,0.0,0.0,0.7458428,0.0,0.6868571,0.56481856,0.9439038,0.0,0.0,0.0,0.0,0.0,0.93764114,0.5289537,1.2397038,1.0356917,0.0,1.5664881,0.6826863,0.0,0.85756123,1.0337517,0.7173459,0.0,0.0,0.7610611,0.0,1.0222205,0.0,0.0,0.0,1.0869224
DENND10,0.0,0.0,0.0,0.0,0.0,0.0,0.36097383,0.53493094,0.0,0.0,0.0,0.0,0.0,0.0,0.0,0.0,0.0,0.0,0.0,0.0,0.0,0.0,0.63653326,0.0,0.0,0.0,0.0,0.44799376,0.0,0.0,0.0,0.0,0.0,0.0,0.0,0.0,0.0,0.0,0.0,0.0,0.0,0.0
SFXN4,0.0,0.0,0.0,0.0,0.0,0.0,0.0,0.2336039,0.0,0.0,0.0,0.0,0.0,0.0,0.0,0.0,0.0,0.0,0.0,0.0,0.0,0.0,0.0,0.0,0.18095525,0.0,0.0,0.0,0.0,0.0,0.0,0.0,0.0,0.0,0.0,0.0,0.0,0.0,0.0,0.0,0.0,0.0
PRDX3,0.0,0.0,0.0,0.7190147,0.0,0.48126704,0.5467275,1.3200169,0.0,0.49282485,0.0,0.5073828,0.0,0.0,0.0,0.0,0.0,0.27963656,0.0,0.0,0.0,0.0,0.4453349,0.0,0.7540482,0.0,0.0,0.6639413,0.0,0.0,0.0,0.0,0.0,0.0,0.0,0.0,0.0,0.0,0.0,0.0,0.0,0.0
RGS10,0.0,0.97172,0.0,0.33187938,0.0,2.175525,1.0580132,0.49791437,0.0,0.18155362,0.0,0.79289067,0.0,0.0,0.0,0.0,0.0,2.1535363,0.0,0.0,0.0,0.0,0.7647705,0.0,0.21783592,0.0,0.0,0.30793136,0.0,0.0,0.8737457,0.0,0.858657,0.0,1.085779,0.93681246,1.3021995,1.0346864,0.0,0.9161707,0.0,0.6745617
TIAL1,0.0,0.0,0.0,0.0,0.6447342,0.34549886,0.4089112,0.5689707,0.0,0.36239028,0.48630244,0.0,0.0,0.0,0.0,0.0,0.0,0.0,0.0,0.0,0.0,0.0,0.0,0.16702053,0.4555881,0.0,0.0,0.39013034,0.0,0.0,0.0,0.0,0.0,0.0,0.0,0.0,0.0,0.0,0.0,0.0,0.0,0.43997532
BAG3,0.0,0.0,0.0,0.0,0.0,0.0,0.0,0.0,0.0,0.0,0.0,0.0,1.3831153,0.0,0.0,0.0,0.0,0.0,0.0,0.0,0.0,0.0,0.0,0.0,0.0,0.0,0.0,0.0,0.0,0.0,0.0,0.0,0.0,0.0,0.0,1.9748502,0.0,0.0,0.0,0.0,0.0,0.0
MCMBP,0.0,0.0,0.0,0.47038782,0.0,0.0,0.0,0.1118909,0.0,0.0,0.0,0.0,0.0,0.0,0.0,0.0,0.0,0.0,0.0,0.0,0.0,0.0,0.0,0.0,0.17029929,0.0,0.0,0.0,0.0,0.0,0.0,0.0,0.0,0.0,0.0,0.0,0.0,0.0,0.0,0.0,0.0,0.0
SEC23IP,0.0,0.0,0.0,0.0,0.0,0.0,0.0,0.0,0.0,0.18155362,0.0,0.0,0.0,0.0,0.0,0.0,0.0,0.0,0.0,0.0,0.0,0.0,0.0,0.0,0.0,0.0,0.0,0.0,0.0,0.0,0.0,0.0,0.0,0.0,0.0,0.0,0.0,0.0,0.0,0.0,0.0,0.0
WDR11,0.0,0.0,0.0,0.0,0.0,0.0,0.0,0.0,0.0,0.18083665,0.0,0.0,0.0,0.0,0.0,0.0,0.0,0.0,0.0,0.0,0.0,0.0,0.0,0.0,0.0,0.0,0.0,0.0,0.0,0.0,0.0,0.0,0.0,0.0,0.0,0.0,0.0,0.0,0.0,0.0,0.0,0.0
NSMCE4A,0.0,0.0,0.0,0.0,0.0,0.0,0.0,0.19677243,0.0,0.0,0.0,0.0,0.0,0.0,0.0,0.0,0.0,0.0,0.0,0.0,0.0,0.0,0.0,0.0,0.22458787,0.0,0.0,0.0,0.0,0.0,0.0,0.0,0.0,0.0,0.0,0.0,0.0,0.0,0.0,0.0,0.0,0.0
BUB3,0.0,0.0,0.0,0.5150893,1.4022734,0.38395348,0.0,0.66157997,0.0,1.085254,0.392094,0.0,0.0,0.0,0.0,0.0,0.0,0.0,0.0,0.0,0.0,0.0,0.0,0.0,0.86957866,0.0,0.0,0.4096048,0.13517354,0.0,0.0,0.98417485,0.0,1.1004825,0.0,0.0,0.0,0.89553505,1.0329353,0.94203264,0.9242541,0.0
CHST15,0.0,0.0,0.0,0.0,0.0,0.0,0.0,0.0,0.0,0.0,0.0,0.5104259,0.0,0.0,0.0,0.0,0.0,0.0,0.0,0.0,0.0,0.0,0.5459086,0.0,0.0,0.0,0.0,0.0,0.0,0.0,0.0,0.0,0.0,0.0,0.0,0.0,0.0,0.0,0.0,0.0,0.0,0.0
OAT,0.0,0.0,0.0,0.0,0.0,0.34549886,0.0,1.0168967,0.0,0.0,0.0,0.0,0.0,0.0,0.0,0.0,0.0,0.0,0.0,0.0,0.0,0.0,0.0,0.0,0.14045735,0.0,0.0,0.0,0.0,0.0,0.0,0.0,0.0,0.0,0.0,0.0,0.0,0.0,0.0,0.0,0.0,0.0
LHPP,0.0,0.0,0.0,0.0,0.0,0.0,0.0,0.14484286,0.0,0.18155362,0.0,0.0,0.0,0.0,0.0,0.0,0.0,0.0,0.0,0.0,0.0,0.0,0.0,0.0,0.0,1.6727251,1.2039261,0.0,0.0,0.0,0.0,0.0,0.0,0.0,0.0,0.0,0.0,0.0,0.0,0.0,0.0,0.0
CTBP2,0.0,0.0,0.0,0.0,0.6041447,0.0,0.0,0.12816697,0.0,0.0,0.0,0.0,0.0,0.0,0.0,0.0,0.0,0.0,0.0,0.0,0.0,0.0,0.0,0.0,0.0,0.0,0.0,0.0,0.0,0.0,0.0,0.0,0.0,0.0,0.0,0.0,0.0,0.0,0.0,0.0,0.0,0.0
UROS,0.0,0.0,0.0,0.0,0.0,0.0,0.0,0.9850151,0.0,0.0,0.0,0.0,0.0,0.0,0.0,0.0,0.0,0.0,0.0,0.0,0.0,0.0,0.0,0.0,0.118237555,0.0,0.0,0.23195788,0.0,0.0,0.0,0.0,0.0,0.0,0.0,0.0,0.0,0.0,0.0,0.0,0.0,0.0
BCCIP,0.0,0.0,0.0,0.0,0.0,0.0,0.0,0.7918985,0.0,0.0,0.0,0.0,0.0,0.0,0.0,0.0,0.0,0.0,0.0,0.0,0.0,0.0,0.0,0.0,0.28064317,0.0,0.0,0.0,0.0,0.0,0.0,0.0,0.0,0.0,0.0,0.0,0.0,0.0,0.0,0.0,0.0,0.0
PTPRE,0.0,0.0,1.4753113,0.82789385,0.0,1.5441836,1.0903871,0.0,0.0,0.47256014,0.0,1.4475837,2.2544127,0.0,0.0,0.0,0.0,0.0,0.0,0.0,0.0,0.0,1.0449734,0.0,0.0,0.0,1.2039261,0.0,0.0,0.0,0.0,0.0,0.0,0.0,0.0,0.0,0.0,0.0,0.0,0.0,0.0,1.3534678
MKI67,0.0,0.0,0.0,1.3538021,1.9497175,0.0,0.0,0.5332707,0.0,1.4545535,0.0,0.0,0.0,0.0,0.0,0.0,0.0,0.0,0.0,0.0,0.0,0.0,0.0,0.0,0.97508454,0.0,0.0,0.0,0.0,0.0,0.0,0.0,0.0,0.0,0.0,0.0,0.0,0.0,0.0,0.0,0.0,0.0
MGMT,0.0,0.0,0.0,0.0,0.0,0.0,0.0,0.0,0.0,0.0,0.0,0.0,0.0,0.0,0.0,0.0,0.0,0.0,0.0,0.0,0.0,0.0,0.0,0.0,0.1966314,0.0,0.0,0.23804827,0.0,0.0,0.0,0.0,0.0,0.0,0.0,0.0,0.0,0.0,0.0,0.0,0.0,0.0
GLRX3,0.0,0.0,0.0,0.0,0.0,0.28412688,0.36318722,0.6392689,0.0,0.0,0.0,0.0,0.0,0.0,0.0,0.0,0.0,0.0,0.0,0.0,0.0,0.0,0.0,0.0,0.3568915,0.0,0.0,0.0,0.0,0.0,0.0,0.0,0.0,0.0,0.0,0.0,0.0,0.0,0.0,0.0,0.0,0.0
BNIP3,0.0,0.0,0.0,0.0,0.0,0.0,0.0,0.26071894,0.0,0.0,0.0,0.0,0.0,0.0,0.0,0.0,0.0,0.0,0.0,0.0,0.0,0.0,0.0,0.0,0.0,0.0,0.0,0.0,0.0,0.0,0.0,0.0,0.0,0.0,0.0,0.0,0.0,0.0,0.0,0.0,0.0,0.0
ADAM8,0.0,0.0,0.0,0.0,0.0,0.0,0.723523,0.0,0.0,0.0,0.0,0.0,0.0,0.0,0.0,0.0,0.2854104,0.0,0.0,0.0,0.0,0.0,0.0,0.0,0.0,0.0,0.0,0.0,0.0,0.0,0.0,0.0,0.0,0.0,0.0,0.0,0.0,0.0,0.0,0.0,0.0,0.0
TUBGCP2,0.0,0.0,0.0,0.0,0.0,0.0,0.47396737,0.26499948,0.0,0.47256014,0.0,0.3987304,0.0,0.0,0.0,0.0,0.0,0.0,0.0,0.0,0.0,0.0,0.0,0.0,0.17900646,0.0,0.0,0.0,0.0,0.0,0.0,0.0,0.0,0.0,0.0,0.0,0.0,0.0,0.0,0.0,0.0,0.0
ZNF511,0.0,0.0,0.0,0.0,0.0,0.0,0.0,0.35156015,0.0,0.0,0.0,0.0,0.0,0.0,0.0,0.0,0.0,0.0,0.0,0.0,0.0,0.0,0.0,0.0,0.24767917,0.0,0.0,0.0,0.0,0.0,0.0,0.0,0.0,0.0,0.0,0.0,0.0,0.0,0.0,0.0,0.0,0.0
FUOM,0.0,0.0,0.0,0.0,0.0,0.37093928,0.0,0.0,0.0,0.0,0.0,0.0,0.7458428,0.0,0.0,0.0,0.0,0.0,0.0,0.0,0.0,0.0,0.0,0.0,0.0,0.0,0.0,0.0,0.0,0.0,0.0,0.0,0.0,0.0,0.0,0.0,0.0,0.0,0.0,0.0,0.0,0.0
ECHS1,0.0,0.0,0.0,0.0,0.28169906,0.2875488,0.47268915,0.71327966,0.0,0.0,0.0,0.0,0.0,0.0,0.0,0.0,0.0,0.0,0.0,0.0,0.0,0.0,0.0,0.0,0.4499066,0.0,0.0,0.5517541,0.0,0.0,0.0,0.0,0.0,0.0,0.0,0.0,0.0,0.0,0.0,0.0,0.0,0.0
MTG1,0.0,0.0,0.0,0.0,0.0,0.0,0.0,0.24348895,0.0,0.18155362,0.0,0.0,0.0,0.0,0.0,0.0,0.0,0.0,0.0,0.0,0.0,0.0,0.0,0.0,0.17517093,0.0,0.0,0.0,0.0,0.0,0.0,0.0,0.0,0.0,0.0,0.0,0.0,0.0,0.0,0.0,0.0,0.0
RIC8A,0.0,0.0,0.0,0.0,0.0,0.0,0.0,0.17712447,0.0,0.18083665,0.0,0.0,0.0,0.0,0.0,0.0,0.0,0.0,0.0,0.0,0.0,0.0,0.0,0.0,0.14103276,0.0,0.0,0.0,0.0,0.0,0.0,0.0,0.0,0.0,0.0,0.0,0.0,0.0,0.0,0.0,0.0,0.0
PSMD13,0.0,0.0,0.0,0.5884125,0.7646171,0.3431283,0.52855307,0.45484495,0.0,0.23380059,0.0,0.47305363,0.0,0.0,0.0,0.0,0.0,0.0,0.0,0.0,0.0,0.0,0.0,0.19522703,0.7297009,0.0,0.0,0.40589476,0.0,0.0,0.0,0.0,0.0,0.0,0.0,0.0,0.0,0.0,0.0,0.0,0.0,0.55708516
PGGHG,0.0,0.0,0.0,0.0,0.0,0.0,0.0,0.0,0.0,0.0,0.5784484,0.0,0.0,0.0,0.0,0.0,0.0,0.0,0.0,0.0,0.0,0.0,0.0,0.0,0.0,0.0,0.0,0.0,0.0,0.0,0.0,0.0,0.0,0.0,0.0,0.0,0.0,0.0,0.0,0.0,0.0,0.0
IFITM2,1.2397038,0.0,1.1680064,0.640736,2.1123257,0.442071,2.0126126,0.0,1.247623,0.75229645,1.6844397,2.448849,1.5203841,1.3863693,0.0,1.7368555,1.9006447,1.1005105,1.004669,2.337284,2.773773,1.0524385,3.209044,0.0,0.0,0.0,0.9181548,0.7910478,1.319301,0.0,1.6115211,1.4177768,1.3603895,1.3083832,1.4861336,1.3441577,1.440964,1.077596,0.98041284,1.6255233,1.3600663,0.7219151
IFITM1,0.0,0.0,0.0,0.0,0.93130314,0.0,0.0,0.0,0.0,0.0,1.2076957,0.0,0.0,1.3486582,0.0,0.0,0.0,0.0,0.0,1.5084186,1.6184592,0.0,0.5945152,0.0,0.0,0.0,0.0,0.0,0.56731653,0.0,1.2929186,1.8395661,1.0308424,1.6556373,0.9930756,2.3093882,1.7558745,0.9380398,1.2775927,1.7649109,1.2679685,0.0
IFITM3,0.0,0.0,0.0,0.0,0.0,0.0,0.99618894,0.0,2.2791896,0.0,0.0,1.6733403,2.900157,0.0,0.0,0.0,0.0,1.4557121,0.0,0.0,0.8537501,0.0,3.0417652,0.0,0.0,0.0,0.0,0.0,0.0,0.0,0.0,0.0,0.0,0.0,0.0,0.0,0.0,0.0,0.0,0.0,0.0,0.0
SIGIRR,0.0,0.0,0.0,0.0,0.815471,0.0,0.40606603,0.0,0.0,0.0,0.0,0.0,0.0,0.0,0.0,0.0,0.0,0.0,0.0,0.0,0.79025203,0.0,0.0,0.0,0.0,0.0,0.0,0.0,0.0,0.0,0.63986135,0.0,0.0,0.0,0.0,0.7299895,0.0,0.0,0.0,0.0,0.0,0.0
RNH1,0.6262727,0.0,0.75856256,0.9151374,0.5297115,1.2927748,1.372138,1.0079904,0.0,0.18083665,0.0,1.1174961,1.141807,0.0,0.0,0.0,0.0,0.114168584,0.0,0.0,0.0,0.0,1.2269573,0.27354294,0.62947714,0.0,0.0,0.3227036,0.0,0.0,0.0,0.0,0.0,0.0,0.0,0.0,0.0,0.0,0.0,0.0,0.0,0.5916046
HRAS,0.0,0.0,0.0,0.0,0.0,0.0,0.0,0.0,0.0,0.0,0.0,0.0,0.0,0.0,0.0,0.0,0.0,0.0,0.0,0.0,0.0,0.0,0.0,0.0,0.1802879,0.0,0.0,0.0,0.0,0.0,0.0,0.0,0.0,0.0,0.0,0.0,0.0,0.0,0.0,0.0,0.0,0.0
IRF7,0.0,0.0,0.0,0.0,0.0,0.49875098,0.367315,0.0,0.0,0.0,0.0,0.0,0.44090223,0.0,0.0,0.0,0.0,0.0,0.0,0.0,0.0,0.0,0.53447056,0.2007839,0.20380595,0.0,0.0,0.0,0.0,0.0,0.0,0.0,0.0,0.0,0.0,0.0,0.0,0.0,0.0,0.0,0.0,2.6762118
SCT,0.0,0.0,0.0,0.0,0.0,0.0,0.0,0.0,0.0,0.0,0.0,0.0,0.0,0.0,0.0,0.0,0.0,0.0,0.0,0.0,0.0,0.0,0.0,0.0,0.0,0.0,0.0,0.0,0.0,0.0,0.0,0.0,0.0,0.0,0.0,0.0,0.0,0.0,0.0,0.0,0.0,1.0708513
TALDO1,0.0,0.90542024,1.8114444,1.7500558,1.0465062,0.9662237,1.3970071,1.5643022,1.8645146,0.87008446,0.0,1.5116012,0.7257168,0.0,0.8421502,1.1502469,1.2958858,2.0133014,0.0,0.0,0.0,0.0,1.1465955,0.25047913,1.0071439,0.0,0.0,1.6812848,0.0,0.0,0.0,0.0,0.0,0.0,0.0,0.0,0.0,0.0,0.0,0.0,0.0,0.94781536
RPLP2,3.5627844,3.304933,3.1950607,3.4196758,2.8488793,3.3353968,3.300074,3.4809926,2.929533,3.3423762,3.2013102,3.1002684,2.9404216,3.451669,3.5430908,3.3741028,3.3118367,2.3676133,3.7253804,2.9168253,3.2083104,3.535619,2.9611392,2.178599,3.2460475,3.0358138,3.1086311,3.56291,3.3091683,1.8525949,3.7661495,3.3481007,3.6755764,3.4361186,3.8910544,3.6499739,3.839958,3.5105758,3.4349554,3.4132056,3.454533,3.2846143
PNPLA2,0.0,0.0,0.5683466,0.41147068,0.0,0.0,0.367315,0.0,0.0,0.5471599,0.0,0.5046885,0.0,0.0,0.0,0.0,0.0,0.0,0.0,0.0,0.0,0.0,0.0,0.0,0.0,0.0,1.031539,0.0,0.0,0.0,0.0,0.0,0.0,0.0,0.0,0.0,0.0,0.0,0.0,0.0,0.0,0.5445305
CD151,0.0,0.0,0.0,0.0,0.0,0.0,0.0,0.0,0.0,0.0,0.0,0.4254868,0.0,0.0,0.0,0.0,0.0,0.5922491,0.0,0.0,0.0,0.0,0.0,0.0,0.0,0.0,0.0,0.0,0.0,0.0,0.0,0.0,0.0,0.0,0.0,0.0,0.0,0.0,0.0,0.0,0.0,0.0
POLR2L,0.8401995,0.8459288,1.0934396,1.1918547,1.2187357,1.045139,1.0467676,1.6124957,1.995089,1.3183188,1.064357,1.4307922,1.3831153,1.010965,0.0,0.81903565,0.51145995,1.4816395,0.0,1.198806,1.1296847,0.0,0.900807,0.88430566,1.6083043,0.0,0.0,1.0966005,0.0,0.0,0.8486717,1.1755402,0.79209673,1.1716832,0.0,0.7763729,0.8837054,0.0,1.1202723,0.9573862,1.0495343,0.8570812
TSPAN4,0.0,0.0,0.0,0.0,0.0,0.0,0.0,0.0,0.0,0.0,0.0,0.0,0.7257168,0.0,0.0,0.0,0.0,0.0,0.0,0.0,0.0,0.0,0.0,0.0,0.0,0.0,0.0,0.0,0.0,0.0,0.0,0.0,0.0,0.0,0.0,0.0,0.0,0.0,0.0,0.0,0.0,0.0
CHID1,0.0,0.0,0.0,0.0,0.0,0.0,0.0,0.59724444,0.0,0.0,0.0,0.0,0.0,0.0,0.0,0.0,0.0,0.0,0.0,0.0,0.0,0.0,0.0,0.45453474,0.32989597,0.0,0.0,0.39449942,0.0,0.0,0.0,0.0,0.0,0.0,0.0,0.0,0.0,0.0,0.0,0.0,0.0,0.0
AP2A2,0.0,0.0,0.0,0.0,0.0,0.0,0.0,0.0,0.0,0.36239028,0.0,0.0,0.0,0.0,0.0,0.0,0.0,0.0,0.0,0.0,0.0,0.0,0.0,0.0,0.0,0.0,0.0,0.0,0.0,0.0,0.0,0.0,0.0,0.0,0.0,0.0,0.0,0.0,0.0,0.0,0.0,0.0
TOLLIP,0.0,0.0,0.0,0.0,0.0,0.0,0.0,0.14544432,0.0,0.0,0.0,0.0,0.0,0.0,0.0,0.0,0.0,0.0,0.0,0.0,0.0,0.0,0.0,0.0,0.0,0.0,0.0,0.0,0.0,0.0,0.0,0.0,0.0,0.0,0.0,0.0,0.0,0.0,0.0,0.0,0.0,0.0
CTSD,0.0,3.572404,2.6423097,2.2430177,1.347745,0.28412688,0.7264328,0.4221367,1.92592,0.18083665,1.3838991,2.2425704,2.5877733,0.0,0.0,1.7322443,0.97435236,0.0,0.0,1.5150306,1.4014657,0.0,1.5897994,0.4065765,0.48633862,0.0,0.0,1.003334,0.6650175,0.0,0.0,0.9922738,0.0,0.0,0.0,0.0,0.0,0.0,0.0,0.0,0.0,1.0451808
TNNI2,0.0,0.0,0.0,0.0,0.0,0.0,0.0,0.0,0.0,0.0,0.0,0.0,0.0,0.0,0.0,0.0,0.0,0.0,0.0,0.0,0.0,0.0,0.0,0.0,0.0,0.0,0.0,0.0,0.0,0.0,0.0,0.0,0.0,0.0,0.0,0.0,0.0,0.0,0.0,0.0,0.0,0.56769776
LSP1,1.6547761,0.0,1.1068124,0.0,1.5967333,2.5737245,2.0886734,0.0,0.0,0.50601137,1.064357,1.0928676,1.3831153,1.010965,1.9251993,0.7151511,0.0,0.0,1.4576232,1.5082815,1.5253602,1.16186,1.5292854,0.4081666,1.3729129,0.0,0.0,0.0,0.82415545,0.0,0.95384073,1.3702186,0.87521213,1.2446117,0.8894939,0.8929852,0.853672,1.2543725,1.2279704,1.1260114,1.2266064,2.0285306
MRPL23,0.0,0.0,0.0,0.4648208,0.0,0.28412688,0.3689735,0.1750664,0.0,0.0,0.0,0.0,0.0,0.0,0.0,0.0,0.0,0.0,0.0,0.0,0.0,0.0,0.0,0.0,0.24788901,0.0,0.0,0.3920979,0.0,0.0,0.0,0.0,0.0,0.0,0.0,0.0,0.0,0.0,0.0,0.0,0.0,0.0
IGF2,0.0,0.0,0.0,0.0,0.0,0.0,0.0,0.0,0.0,0.0,0.0,0.0,0.0,0.0,0.0,0.0,0.0,0.0,0.0,0.0,0.0,0.0,0.0,0.0,0.0,0.575628,0.0,0.0,0.0,0.0,0.0,0.0,0.0,0.0,0.0,0.0,0.0,0.0,0.0,0.0,0.0,0.0
CD81,0.5121089,2.1456003,0.0,0.32017577,1.2737973,0.57750386,0.44790858,0.0,0.0,0.49529564,1.3675416,1.0545062,1.141807,1.0850649,0.8421502,0.4380953,0.0,0.0,0.8883166,1.2710968,1.4715514,0.0,0.0,0.0,0.7720251,2.1606758,1.5883365,0.8113249,0.0,0.0,0.7935536,1.2288246,0.87840754,1.2780595,0.8405365,0.0,0.0,0.0,1.3287276,1.112263,0.0,0.7128396
TSSC4,0.0,0.0,0.0,0.0,0.0,0.0,0.3044914,0.0,0.0,0.18155362,0.0,0.0,0.0,0.0,0.0,0.0,0.0,0.0,0.0,0.0,0.0,0.0,0.0,0.0,0.22705108,0.0,0.0,0.0,0.0,0.0,0.0,0.0,0.0,0.0,0.0,0.0,0.0,0.0,0.0,0.0,0.0,0.0
CDKN1C,0.0,0.0,0.0,0.0,0.0,0.0,0.0,0.0,0.0,0.0,0.0,0.0,0.0,0.0,0.0,0.0,0.0,0.0,0.0,0.0,0.0,0.0,1.0818319,0.0,0.0,0.0,0.0,0.0,0.0,0.0,0.0,0.0,0.0,0.0,0.0,0.0,0.0,0.0,0.0,0.0,0.0,0.0
NAP1L4,0.0,0.0,0.0,0.32317966,0.96674824,0.0,0.32453808,0.9161438,0.0,0.70693946,0.0,0.0,0.0,0.0,0.0,0.0,0.0,0.11314371,0.0,0.0,0.96913695,0.0,0.0,0.0,0.5637845,0.0,0.0,0.56649494,0.0,0.0,0.56198317,0.0,0.0,0.9365284,0.0,0.0,0.82227576,0.9013167,0.0,0.0,0.0,0.0
CARS1,0.0,0.0,0.0,0.0,0.0,0.0,0.0,0.0,0.0,0.0,0.0,0.0,0.0,0.0,0.0,0.0,0.0,0.0,0.0,0.0,0.0,0.0,0.0,0.0,0.22572826,0.0,0.0,0.0,0.0,0.0,0.0,0.0,0.0,0.0,0.0,0.0,0.0,0.0,0.0,0.0,0.0,0.0
NUP98,0.0,0.0,0.0,0.0,0.0,0.28951037,0.0,0.16023965,0.0,0.36239028,0.0,0.0,0.7257168,0.0,0.0,0.0,0.0,0.0,0.0,0.0,0.0,0.0,0.0,0.0,0.0,0.0,0.0,0.0,0.0,0.0,0.0,0.0,0.0,0.0,0.0,0.0,0.0,0.0,0.0,0.0,0.0,0.0
RHOG,0.7556761,0.90542024,1.4838444,1.2895722,0.97877693,0.9168612,1.3551883,0.8023088,0.0,0.61415184,0.392094,1.3827797,1.1757209,0.0,0.77814996,0.69826955,0.95988894,0.0,0.0,0.8760292,0.0,0.0,1.7425194,0.0,0.26461154,0.0,0.0,0.72789204,0.0,0.0,0.7427397,0.0,0.0,0.0,0.0,0.0,0.0,0.9624077,0.0,0.0,0.0,0.637352
RRM1,0.0,0.0,0.0,0.5739385,0.7131293,0.0,0.0,0.6723025,0.0,0.0,0.0,0.0,0.0,0.0,0.0,0.0,0.0,0.0,0.0,0.0,0.0,0.0,0.0,0.0,0.3220604,0.0,0.0,0.2989841,0.0,0.0,0.0,0.0,0.0,0.0,0.0,0.0,0.0,0.0,0.0,0.0,0.0,0.0
HBB,1.1102121,0.0,0.0,0.0,0.0,0.96556866,0.0,5.7010393,2.361103,0.21446666,0.0,0.0,2.1357605,0.0,0.0,0.0,0.0,1.6569157,0.0,0.0,0.0,0.0,0.0,0.0,0.0,1.731318,2.0325463,0.0,0.0,0.0,0.0,0.0,0.0,0.0,0.0,0.9062779,0.0,0.0,0.0,0.0,0.0,0.0
HBD,0.0,0.0,0.0,0.0,0.0,0.0,0.0,2.2486904,0.0,0.0,0.0,0.0,0.0,0.0,0.0,0.0,0.0,0.0,0.0,0.0,0.0,0.0,0.0,0.0,0.0,0.0,0.0,0.0,0.0,0.0,0.0,0.0,0.0,0.0,0.0,0.0,0.0,0.0,0.0,0.0,0.0,0.0
TRIM22,0.0,0.0,0.0,0.0,0.0,0.59812146,0.6055493,0.0,0.0,0.0,0.0,0.0,0.0,0.0,0.8421502,0.0,0.0,0.0,0.0,0.0,0.0,0.0,0.4738873,0.0,0.0,0.0,0.9045438,0.0,0.0,0.0,0.0,0.0,0.0,0.0,0.0,0.0,0.0,0.0,0.0,0.0,0.0,0.7431487
ARFIP2,0.0,0.0,0.0,0.0,0.0,0.0,0.0,0.0,0.0,0.0,0.0,0.0,0.0,0.0,0.0,0.0,0.0,0.0,0.0,0.0,0.0,0.0,0.0,0.0,0.14045735,0.0,0.0,0.0,0.0,0.0,0.0,0.0,0.0,0.0,0.0,0.0,0.0,0.0,0.0,0.0,0.0,0.0
TIMM10B,0.0,0.0,0.0,0.0,0.0,0.0,0.0,0.08676134,0.0,0.0,0.0,0.0,0.0,0.0,0.0,0.0,0.0,0.0,0.0,0.0,0.0,0.0,0.0,0.0,0.0,0.0,0.0,0.0,0.0,0.0,0.0,0.0,0.0,0.0,0.0,0.0,0.0,0.0,0.0,0.0,0.0,0.0
ILK,0.0,0.0,0.0,0.0,0.62693816,0.4165121,0.39008018,0.12833168,0.0,0.0,0.0,0.0,0.0,0.0,0.0,0.0,0.0,2.0295286,0.0,0.0,0.0,0.0,0.0,0.0,0.0,0.0,0.0,0.0,0.0,0.0,0.0,0.0,0.0,0.0,0.0,0.0,0.0,0.0,0.0,0.0,0.0,0.0
TAF10,0.0,0.0,0.0,0.5880908,0.7553476,0.37521976,0.857405,0.37212613,0.0,0.6531533,0.0,1.0337517,0.0,0.0,0.0,0.0,0.0,0.0,0.0,0.0,0.0,0.0,0.97078514,0.0,0.58383787,0.0,0.0,0.46188945,0.0,0.0,0.0,0.0,0.0,0.0,0.0,0.88113475,0.0,0.0,0.0,0.0,0.0,0.75784117
TPP1,0.0,0.0,1.0742527,0.8897492,0.0,0.8772303,0.84653664,0.0,0.0,0.41463724,0.0,0.8840804,1.3831153,0.0,0.7355936,0.0,0.0,0.0,0.0,0.0,0.0,0.0,0.86087716,0.0,0.0,0.0,0.0,0.24023478,0.0,0.0,0.0,0.0,0.0,0.0,0.0,0.0,0.0,0.0,0.0,0.0,0.0,0.72102183
MRPL17,0.0,0.0,0.0,0.0,0.0,0.0,0.0,0.52558225,0.0,0.18155362,0.0,0.0,0.44090223,0.0,0.0,0.0,0.0,0.0,0.0,0.0,0.0,0.0,0.0,0.0,0.30059022,0.0,0.0,0.0,0.0,0.0,0.0,0.0,0.0,0.0,0.0,0.0,0.0,0.0,0.0,0.0,0.0,0.0
EIF3F,1.5687299,0.0,1.1394174,1.1867297,1.3680904,1.5908988,1.600673,1.583408,0.0,1.2631049,1.1892662,1.0545062,0.7458428,1.1982402,1.1810663,1.1647345,1.1862459,0.3173682,1.4756584,1.2685193,1.3351421,1.493319,1.334713,0.5114531,1.1310372,1.639425,1.9091167,1.4815853,1.3226672,0.0,1.6078398,1.1779459,1.4993699,1.1598285,1.6707656,1.432872,1.5714033,1.6250318,1.1849928,1.265588,1.3962387,1.7027161
RPL27A,2.338778,2.380176,2.3755834,2.7471774,1.8182864,2.4270344,2.8377426,2.600213,1.5386646,2.5442672,2.1356666,2.005142,1.8454674,2.336158,2.6962764,2.3656862,2.618207,1.3321989,2.6088517,1.9370484,2.1495419,2.1967506,2.0338807,1.5497807,2.6448226,1.6718482,1.9173207,3.0727277,2.2176807,0.0,2.9116588,2.4480686,2.8877208,2.491528,2.9745772,2.2514286,2.8971977,2.5907774,2.524001,2.3859808,2.410325,2.7717874
TMEM9B,0.0,0.0,0.0,0.0,0.0,0.38395348,0.39810312,0.22968036,0.0,0.21446666,0.0,0.0,0.0,0.0,0.0,0.0,0.0,0.0,0.0,0.0,0.0,0.0,0.0,0.0,0.16684455,0.0,0.0,0.0,0.0,0.0,0.0,0.0,0.0,0.0,0.0,0.0,0.0,0.0,0.0,0.0,0.0,0.0
DENND5A,0.0,0.0,0.0,0.0,0.0,0.0,0.0,0.0,0.0,0.0,0.0,0.5950968,0.0,0.0,0.0,0.0,0.0,0.0,0.0,0.0,0.0,0.0,0.0,0.0,0.0,0.0,0.0,0.0,0.0,0.0,0.0,0.0,0.0,0.0,0.0,0.0,0.0,0.0,0.0,0.0,0.0,0.0
TMEM41B,0.0,0.0,0.0,0.0,0.0,0.0,0.0,0.0,0.0,0.18155362,0.0,0.0,0.0,0.0,0.0,0.0,0.0,0.0,0.0,0.0,0.0,0.0,0.0,0.0,0.0,0.0,0.0,0.0,0.0,0.0,0.0,0.0,0.0,0.0,0.0,0.0,0.0,0.0,0.0,0.0,0.0,0.0
IPO7,0.0,0.0,0.0,0.0,0.0,0.28951037,0.36318722,0.40804836,0.0,0.36239028,0.0,0.0,0.7257168,0.0,0.0,0.0,0.0,0.0,0.0,0.0,0.0,0.0,0.0,0.0,0.18766053,0.0,0.0,0.348525,0.0,0.0,0.0,0.0,0.0,0.0,0.0,0.0,0.0,0.0,0.0,0.0,0.0,0.0
SWAP70,1.03034,0.0,0.0,0.0,0.0,0.0,0.3044914,0.0,0.0,0.72047806,0.0,0.0,0.44090223,0.0,0.77814996,0.0,0.0,0.0,1.081703,0.0,0.0,1.0524385,0.0,0.0,0.12957723,0.0,0.0,0.0,0.0,0.0,0.0,0.0,0.0,0.0,0.0,0.0,0.0,0.0,0.0,0.0,0.0,0.0
SBF2,0.0,0.0,0.0,0.0,0.0,0.0,0.0,0.0,0.0,0.0,0.0,0.0,0.5578004,0.0,0.0,0.0,0.0,0.0,0.0,0.0,0.0,0.0,0.0,0.0,0.0,0.0,0.0,0.0,0.0,0.0,0.0,0.0,0.0,0.0,0.0,0.0,0.0,0.0,0.0,0.0,0.0,0.0
ADM,0.0,0.0,0.0,0.0,0.0,0.0,0.0,0.0,0.0,0.0,0.0,0.5367148,0.0,0.0,0.0,0.0,0.0,0.0,0.0,0.0,0.0,0.0,0.0,0.0,0.0,0.0,0.0,0.0,0.0,0.0,0.0,0.0,0.0,0.0,0.0,0.0,0.0,0.0,0.0,0.0,0.0,0.0
LYVE1,0.0,0.0,0.0,0.0,0.0,0.0,0.0,0.0,0.0,0.0,0.0,0.0,1.3831153,0.0,0.0,0.0,0.0,0.0,0.0,0.0,0.0,0.0,0.0,0.0,0.0,0.0,0.0,0.0,0.0,0.0,0.0,0.0,0.0,0.0,0.0,0.0,0.0,0.0,0.0,0.0,0.0,0.0
CTR9,0.0,0.0,0.0,0.0,0.0,0.0,0.29905957,0.16659243,0.0,0.0,0.0,0.0,0.0,0.0,0.0,0.0,0.0,0.0,0.0,0.0,0.0,0.0,0.0,0.0,0.24801257,0.0,0.0,0.0,0.0,0.0,0.0,0.0,0.0,0.0,0.0,0.0,0.0,0.0,0.0,0.0,0.0,0.0
EIF4G2,1.2390066,0.90542024,1.3663145,1.4591231,1.1709435,0.9168612,1.1996155,1.1971638,0.0,1.5128145,1.3712598,1.1413958,0.44090223,1.1145974,1.2927269,0.46277606,1.2450752,1.6076095,1.0639876,1.1358175,1.2678769,1.2279704,1.2004275,0.5915085,1.2504463,1.6308994,1.6003798,1.1269995,0.9566443,0.0,0.9612592,1.1006832,1.0460484,1.1992106,0.8794782,1.1517003,0.8988044,1.0603927,1.1853081,1.1442078,1.2260957,1.4445021
USP47,0.0,0.0,0.0,0.0,0.0,0.0,0.0,0.0,0.0,0.0,0.0,0.0,0.0,0.0,0.0,0.0,0.0,0.0,0.0,0.0,0.0,0.0,0.0,0.0,0.17517093,0.0,0.0,0.0,0.0,0.0,0.0,0.0,0.0,0.0,0.0,0.0,0.0,0.0,0.0,0.0,0.0,0.0
FAR1,0.0,0.0,0.45272723,0.64344716,0.0,0.0,0.0,0.0,0.0,0.0,0.0,0.0,0.0,0.0,0.0,0.0,0.0,0.0,0.0,0.0,0.0,0.0,0.0,0.0,0.0,0.0,0.0,0.0,0.0,0.0,0.0,0.0,0.0,0.0,0.0,0.0,0.0,0.0,0.0,0.0,0.0,0.0
COPB1,0.0,0.0,0.0,0.4190966,0.45704502,0.34146005,0.41449797,0.23317982,0.0,0.4977838,0.0,0.0,0.0,0.0,0.0,0.0,0.0,0.0,0.0,0.0,0.0,0.0,0.0,0.11845069,0.52284104,0.0,0.0,0.24388899,0.0,0.0,0.0,0.0,0.0,0.0,0.0,0.0,0.0,0.0,0.0,0.0,0.0,0.0
PSMA1,0.53828317,0.0,0.6455039,0.81263614,0.946689,0.6620797,0.82148993,0.9684479,0.0,0.49282485,0.0,0.95204604,0.0,0.0,0.0,0.0,0.0,0.58636147,0.0,0.0,0.6745225,0.0,0.5390421,0.26374462,0.84802234,0.0,0.0,0.88941145,0.0,0.0,0.72792464,0.0,0.0,0.0,0.0,0.0,0.76841086,0.78424835,0.0,0.0,0.0,0.84548676
PDE3B,0.0,0.0,0.0,0.0,0.0,0.0,0.0,0.0,0.0,0.0,0.0,0.0,0.0,0.0,0.0,0.0,0.0,0.0,0.0,0.0,0.0,0.0,0.0,0.0,0.0,0.0,0.0,0.0,0.0,0.0,0.0,0.0,0.0,0.0,0.0,0.0,0.88520765,0.0,0.0,0.0,0.0,0.0
CYP2R1,0.0,0.0,0.0,0.0,0.0,0.0,0.0,0.0,0.0,0.0,0.0,0.0,0.5578004,0.0,0.0,0.0,0.0,0.0,0.0,0.0,0.0,0.0,0.0,0.0,0.0,0.0,0.0,0.0,0.0,0.0,0.0,0.0,0.0,0.0,0.0,0.0,0.0,0.0,0.0,0.0,0.0,0.0
C11orf58,0.9213302,0.4366376,0.7215606,0.9176731,1.0254711,0.6620797,0.95991474,1.0385526,0.0,0.7130445,1.2266064,0.5367148,0.5578004,1.0112988,0.0,0.0,0.8619323,0.97534275,0.92955816,1.0812519,1.0138096,0.8755387,0.746251,0.340474,0.9029926,0.0,1.3518347,0.9096941,0.0,0.0,0.9172969,1.0846109,1.0148737,1.0940999,0.94476295,0.8830563,0.9997575,1.0207419,1.083769,0.97246933,0.9661733,1.2485228
RPS13,3.5795774,3.1380484,3.1739469,3.1495483,2.662622,3.681898,3.5406966,3.6158843,3.2545214,3.355184,3.4291608,3.0727386,3.3375945,3.5930867,3.5949173,3.476551,3.1609664,2.5303283,3.7091227,2.8921673,3.1775749,3.7637534,3.2310379,2.0930166,3.1237662,3.3497686,3.5659802,3.5741477,3.38655,0.0,3.8467877,3.133724,3.7977545,3.2042766,4.141156,3.9700027,4.0549374,3.601257,3.247738,3.499512,3.6546235,3.6319904
NUCB2,0.0,0.0,0.0,0.8369942,1.5760128,0.0,0.0,1.1267155,0.0,0.0,0.0,0.0,0.0,0.0,0.0,0.0,1.4450206,0.0,0.0,0.0,0.0,0.0,0.0,1.1136005,0.5902984,0.0,0.0,1.7946308,0.0,0.0,0.0,0.0,0.0,0.0,0.0,0.0,0.97626895,0.0,0.0,0.0,0.0,1.414813
HPS5,0.0,0.0,0.0,0.0,0.0,0.50819945,0.0,0.0,0.0,0.0,0.0,0.0,0.0,0.0,0.0,0.0,0.0,0.0,0.0,0.0,0.0,0.0,0.0,0.0,0.0,0.0,0.0,0.0,0.0,0.0,0.0,0.0,0.0,0.0,0.0,0.0,0.0,0.0,0.0,0.0,0.0,0.0
LDHA,0.58264226,0.0,1.1635222,1.5705229,1.8506143,1.5666871,1.697192,1.2506243,0.0,1.0990571,1.206956,1.6444154,0.7257168,1.2952248,0.0,1.3039565,0.68139315,1.7451785,0.0,1.2861507,1.4056331,0.0,1.2026365,0.6521885,1.8891158,0.0,0.0,1.5685647,0.998415,0.0,1.7314786,1.1663299,1.6772795,1.122366,1.8740466,1.4124087,1.3652565,1.6461594,1.11916,1.3112372,1.2362267,1.2047862
TSG101,0.0,0.0,0.0,0.0,0.0,0.0,0.0,0.14603369,0.0,0.0,0.0,0.0,0.0,0.0,0.0,0.0,0.0,0.0,0.0,0.0,0.0,0.0,0.0,0.0,0.1966314,0.0,0.0,0.0,0.0,0.0,0.0,0.0,0.0,0.0,0.0,0.0,0.0,0.0,0.0,0.0,0.0,0.0
SPTY2D1,0.0,0.0,0.0,0.0,0.3599878,0.0,0.3259039,0.0,0.0,0.0,0.0,0.0,0.0,0.0,0.0,0.0,0.0,0.0,0.0,0.0,0.0,0.0,0.0,0.0,0.31600973,0.0,0.0,0.0,0.0,0.0,0.0,0.0,0.0,0.0,0.0,0.0,0.0,0.0,0.0,0.0,0.0,0.0
SVIP,0.0,0.0,0.0,0.0,0.0,0.0,0.0,0.469382,0.0,0.0,0.0,0.0,0.0,0.0,0.0,0.0,0.0,0.4695884,0.0,0.0,0.0,0.0,0.0,0.0,0.31243104,0.0,0.0,0.0,0.0,0.0,0.0,0.0,0.0,0.0,0.0,0.0,0.0,0.0,0.0,0.0,0.0,0.54018974
CCDC34,0.0,0.0,0.0,0.0,0.21094024,0.0,0.0,0.48311603,0.0,0.18083665,0.0,0.0,0.0,0.0,0.0,0.0,0.0,0.0,0.0,0.0,0.0,0.0,0.0,0.0,0.15978293,0.0,0.0,0.0,0.0,0.0,0.0,0.0,0.0,0.0,0.0,0.0,0.0,0.0,0.0,0.0,0.0,0.0
ARL14EP,0.0,0.0,0.0,0.0,0.0,0.0,0.0,0.0,0.0,0.21446666,0.0,0.0,0.0,0.0,0.0,0.0,0.0,0.0,0.0,0.0,0.0,0.0,0.0,0.0,0.0,0.0,0.0,0.0,0.0,0.0,0.0,0.0,0.0,0.0,0.0,0.0,0.0,0.0,0.0,0.0,0.0,0.0
IMMP1L,0.0,0.0,0.0,0.0,0.0,0.0,0.0,0.0,0.0,0.0,0.0,0.0,0.0,0.0,0.0,0.0,0.0,0.0,0.0,0.0,0.0,0.0,0.0,0.0,0.13397753,0.0,0.0,0.0,0.0,0.0,0.0,0.0,0.0,0.0,0.0,0.0,0.0,0.0,0.0,0.0,0.0,0.0
RCN1,0.0,0.0,0.0,0.0,0.0,0.0,0.0,0.0,0.0,0.0,0.0,0.0,0.0,0.0,0.0,0.0,0.0,0.0,0.0,0.0,0.0,0.0,0.0,0.0,0.0,0.0,0.0,0.18804018,0.0,0.0,0.0,0.0,0.0,0.0,0.0,0.0,0.0,0.0,0.0,0.0,0.0,0.0
EIF3M,0.65283537,0.0,0.78431314,0.8572335,0.750062,0.87529373,1.0562158,1.2616913,0.0,0.79216564,0.9341768,0.0,0.0,0.0,0.7355936,0.0,0.77479386,0.0,0.0,0.0,0.0,0.0,0.6495202,0.18200545,0.85747445,0.0,0.0,1.1551496,0.49196965,0.0,0.89889085,0.0,0.7780863,0.0,0.9707345,0.8746485,0.9566946,0.9493514,0.0,0.0,0.0,1.0948057
HIPK3,0.0,0.0,0.0,0.36727542,0.0,0.0,0.27371624,0.0,0.0,0.18083665,0.0,0.4254868,0.0,0.0,0.0,0.0,0.0,0.0,0.0,0.0,0.0,0.0,0.0,0.0,0.0,0.0,0.0,0.0,0.0,0.0,0.0,0.0,0.0,0.0,0.0,0.0,0.0,0.0,0.0,0.0,0.0,0.0
CD59,0.0,0.90542024,0.0,0.0,0.0,0.64742905,0.0,0.6482765,0.0,0.18083665,0.0,0.0,0.0,0.0,0.0,0.0,0.0,0.0,0.0,0.0,0.0,0.0,0.0,0.6971292,0.49671936,0.0,0.0,0.27637893,0.0,0.0,0.0,0.0,0.0,0.0,0.0,0.0,0.0,0.0,0.0,0.0,0.0,0.0
LMO2,0.0,0.0,0.0,0.0,0.0,0.0,0.5867574,0.8149792,0.0,0.0,0.0,0.0,0.0,0.0,0.0,0.0,0.0,0.0,0.0,0.0,0.0,0.0,0.5565487,0.0,0.0,0.0,0.0,0.50402856,0.0,0.0,0.0,0.0,0.0,0.0,0.0,0.0,0.0,0.0,0.0,0.0,0.0,0.0
CAPRIN1,0.0,0.0,0.0,0.6384035,0.0,0.48598903,0.51399225,0.8522965,0.0,0.5734832,0.0,0.0,0.91374826,0.0,0.0,0.0,0.0,0.0,0.0,0.0,0.0,0.0,0.0,0.0,0.38533148,0.0,0.0,0.65258205,0.0,0.0,0.0,0.0,0.0,0.0,0.0,0.0,0.0,0.0,0.0,0.0,0.0,0.6425201
NAT10,0.0,0.0,0.0,0.0,0.0,0.0,0.0,0.22153036,0.0,0.0,0.0,0.0,0.0,0.0,0.0,0.0,0.0,0.0,0.0,0.0,0.0,0.0,0.0,0.0,0.0,0.0,0.0,0.0,0.0,0.0,0.0,0.0,0.0,0.0,0.0,0.0,0.0,0.0,0.0,0.0,0.0,0.0
CAT,0.0,0.0,0.0,0.75686204,0.0,0.6936225,1.0468575,1.3921839,0.0,0.25902426,0.0,0.0,0.44090223,0.0,0.0,0.0,0.0,0.22854199,0.0,0.0,0.0,0.0,0.58107543,0.0,0.0,0.0,0.0,1.2864424,0.0,0.0,0.0,0.0,0.0,0.0,0.0,0.0,0.0,0.0,0.0,0.0,0.0,1.1089524
APIP,0.0,0.0,0.0,0.0,0.0,0.0,0.0,0.31401363,0.0,0.0,0.0,0.0,0.0,0.0,0.0,0.0,0.0,0.0,0.0,0.0,0.0,0.0,0.0,0.0,0.1759403,0.0,0.0,0.0,0.0,0.0,0.0,0.0,0.0,0.0,0.0,0.0,0.0,0.0,0.0,0.0,0.0,0.0
CD44,0.8650553,1.6155457,1.5754236,1.0912344,0.6804446,0.0,0.98874485,0.24555804,0.0,0.9193839,1.6834395,1.6552165,1.3831153,1.1998585,1.1548164,1.0959527,0.0,0.0,1.0910699,0.0,1.2778261,0.0,1.3694615,0.22176713,0.39824772,0.0,0.0,0.5989541,0.93048424,1.7026241,1.358776,1.2134829,1.2390066,1.216484,1.0176858,1.1763926,1.1795038,1.4280545,1.5109589,1.5623522,0.99532795,0.7211801
TRIM44,0.0,0.0,0.0,0.0,0.0,0.0,0.3546848,0.0,0.0,0.0,0.0,0.0,0.0,0.0,0.77814996,0.0,0.0,0.0,0.0,0.0,0.0,0.0,0.0,0.0,0.0,0.0,0.0,0.26402825,0.0,0.0,0.0,0.0,0.0,0.0,0.0,0.0,0.0,0.0,0.0,0.0,0.0,0.6228498
COMMD9,0.0,0.0,0.0,0.3500315,0.0,0.28305006,0.5586959,0.18598735,0.0,0.3960203,0.0,0.0,0.0,0.0,0.0,0.0,0.0,0.0,0.0,0.0,0.0,0.0,0.0,0.0,0.113108404,0.0,0.0,0.0,0.0,0.0,0.0,0.0,0.0,0.0,0.0,0.0,0.0,0.0,0.0,0.0,0.0,0.0
API5,0.0,0.0,0.0,0.0,0.0,0.0,0.0,0.30833784,0.0,0.0,0.0,0.0,0.0,0.0,0.0,0.0,0.0,0.0,0.0,0.0,0.0,0.0,0.0,0.0,0.16632998,0.0,0.0,0.0,0.0,0.0,0.0,0.0,0.0,0.0,0.0,0.0,0.0,0.0,0.0,0.0,0.0,0.0
TTC17,0.0,0.0,0.0,0.0,0.0,0.0,0.29905957,0.0,0.0,0.0,0.0,0.0,0.0,0.0,0.0,0.0,0.0,0.0,0.0,0.0,0.0,0.0,0.0,0.0,0.0,0.0,0.0,0.0,0.0,0.0,0.0,0.0,0.0,0.0,0.0,0.0,0.0,0.0,0.0,0.0,0.0,0.40146264
HSD17B12,0.0,0.0,0.0,0.0,0.0,0.0,0.0,0.1902604,0.0,0.0,0.0,0.0,0.0,0.0,0.0,0.0,0.0,0.0,0.0,0.0,0.0,0.0,0.0,0.0,0.23085202,0.0,0.0,0.23413518,0.0,0.0,0.0,0.0,0.0,0.0,0.0,0.0,0.0,0.0,0.0,0.0,0.0,0.0
CD82,0.8401995,0.0,0.0,0.0,0.0,0.0,0.0,0.9557576,0.0,0.0,0.0,0.0,0.0,0.0,0.0,0.0,0.94696575,0.0,0.94103885,0.0,0.0,0.0,0.0,0.0,0.0,0.0,0.0,0.37482134,0.0,0.0,0.0,0.0,0.0,0.0,0.0,0.0,0.0,0.0,0.0,0.0,0.0,0.0
PEX16,0.0,0.0,0.0,0.0,0.0,0.0,0.0,0.0,0.0,0.3953033,0.0,0.0,0.0,0.0,0.0,0.0,0.0,0.0,0.0,0.0,0.0,0.0,0.0,0.0,0.0,0.0,0.0,0.0,0.0,0.0,0.0,0.0,0.0,0.0,0.0,0.0,0.0,0.0,0.0,0.0,0.0,0.0
DGKZ,0.0,0.0,0.0,0.516135,0.7673603,0.28305006,0.36171302,0.0,0.0,0.0,0.0,0.0,0.0,0.0,0.0,0.0,0.0,0.0,0.0,0.0,0.86610234,0.0,0.0,0.0,0.0,0.0,0.0,0.3390875,0.0,0.0,0.0,0.0,0.0,0.0,0.0,0.0,0.0,0.0,0.0,0.0,0.0,0.6258739
AMBRA1,0.0,0.0,0.0,0.0,0.0,0.0,0.0,0.0,0.0,0.18083665,0.0,0.0,0.0,0.0,0.0,0.0,0.0,0.0,0.0,0.0,0.0,0.0,0.0,0.0,0.0,0.0,0.0,0.0,0.0,0.0,0.0,0.0,0.0,0.0,0.0,0.0,0.0,0.0,0.0,0.0,0.0,0.0
ATG13,0.0,0.0,0.0,0.0,0.0,0.0,0.0,0.0,0.0,0.0,0.0,0.0,0.0,0.0,0.0,0.0,0.0,0.0,0.0,0.0,0.0,0.0,0.0,0.0,0.124119386,0.0,0.0,0.0,0.0,0.0,0.0,0.0,0.0,0.0,0.0,0.0,0.0,0.0,0.0,0.0,0.0,0.0
CKAP5,0.0,0.0,0.0,0.0,0.459809,0.0,0.0,0.25638673,0.0,0.0,0.0,0.0,0.0,0.0,0.0,0.0,0.0,0.0,0.0,0.0,0.0,0.0,0.0,0.0,0.16632998,0.0,0.0,0.0,0.0,0.0,0.0,0.0,0.0,0.0,0.0,0.0,0.0,0.0,0.0,0.0,0.0,0.0
ARFGAP2,0.0,0.0,0.0,0.0,0.3189603,0.0,0.3689735,0.25967383,0.0,0.0,0.0,0.0,0.0,0.0,0.0,0.0,0.0,0.0,0.0,0.0,0.0,0.0,0.0,0.0,0.20406052,0.0,0.0,0.26543576,0.0,0.0,0.0,0.0,0.0,0.0,0.0,0.0,0.0,0.0,0.0,0.0,0.0,0.0
DDB2,0.0,0.0,0.0,0.0,0.3562052,0.0,0.0,0.0,0.0,0.0,0.0,0.0,0.0,0.0,0.0,0.0,0.0,0.0,0.0,0.0,0.0,0.0,0.0,0.0,0.13803001,0.0,0.0,0.0,0.0,0.0,0.0,0.0,0.0,0.0,0.0,0.0,0.0,0.0,0.0,0.0,0.0,0.0
ACP2,0.0,0.0,0.0,0.0,0.0,0.0,0.0,0.0,0.0,0.0,0.0,0.0,0.44090223,0.0,0.0,0.0,0.0,0.0,0.0,0.0,0.0,0.0,0.0,0.0,0.0,0.0,0.0,0.0,0.0,0.0,0.0,0.0,0.0,0.0,0.0,0.0,0.0,0.0,0.0,0.0,0.0,0.0
NR1H3,0.0,0.0,0.0,0.0,0.0,0.0,0.0,0.0,0.0,0.0,0.0,0.0,0.91374826,0.0,0.0,0.0,0.0,0.0,0.0,0.0,0.0,0.0,0.0,0.0,0.0,0.0,0.0,0.0,0.0,0.0,0.0,0.0,0.0,0.0,0.0,0.0,0.0,0.0,0.0,0.0,0.0,0.0
SPI1,0.7109612,1.5938617,1.7372975,1.4340923,0.0,1.8814646,1.6815144,0.0,1.9724298,0.954996,0.0,1.9009793,1.5203841,0.0,0.0,0.0,0.0,0.0,0.0,0.0,0.0,0.0,2.2063863,0.0,0.0,1.2858877,0.0,0.5133321,0.0,0.0,0.0,0.0,0.0,0.0,0.0,0.0,0.0,0.0,0.0,0.0,0.0,0.0
SLC39A13-AS1,0.0,0.0,0.0,0.0,0.0,0.0,0.0,0.0,0.0,0.0,0.0,0.0,0.0,0.0,0.0,0.0,0.0,0.0,0.0,0.0,0.0,0.0,0.74944353,0.0,0.0,0.0,0.0,0.0,0.0,0.0,0.0,0.0,0.0,0.0,0.0,0.0,0.0,0.0,0.0,0.0,0.0,0.0
PSMC3,0.0,0.0,0.0,0.4345663,0.89339805,0.329874,0.39040408,0.9285511,0.0,0.6785321,0.0,0.0,0.0,0.0,0.0,0.0,0.0,0.0,0.0,0.0,0.0,0.0,0.0,0.21146607,0.8327428,0.0,0.0,0.4043275,0.0,0.0,0.0,0.0,0.0,0.0,0.0,0.0,0.0,0.0,0.0,0.0,0.0,0.0
CELF1,0.0,0.0,0.0,0.5182704,0.0,0.0,0.37851083,0.22275424,0.0,0.0,0.0,0.0,0.0,0.0,0.0,0.0,0.16742863,0.0,0.0,0.0,0.0,0.0,0.0,0.0,0.14813367,0.0,0.0,0.3939246,0.0,0.0,0.0,0.0,0.0,0.0,0.0,0.0,0.0,0.0,0.0,0.0,0.0,0.0
NDUFS3,0.0,0.0,0.0,0.0,0.46618116,0.38905048,0.48867783,0.8636942,0.0,0.18155362,0.0,0.0,0.0,0.0,0.0,0.0,0.0,0.0,0.0,0.0,0.0,0.0,0.0,0.0,0.7228208,0.0,0.0,0.521693,0.0,0.0,0.0,0.0,0.0,0.0,0.0,0.0,0.0,0.0,0.0,0.0,0.0,0.60269076
PTPMT1,0.0,0.0,0.0,0.0,0.0,0.3556153,0.0,0.26134595,0.0,0.0,0.0,0.0,0.0,0.0,0.0,0.0,0.0,0.0,0.0,0.0,0.0,0.0,0.0,0.0,0.23451747,0.0,0.0,0.0,0.0,0.0,0.0,0.0,0.0,0.0,0.0,0.0,0.0,0.0,0.0,0.0,0.0,0.0
MTCH2,0.0,0.0,0.0,0.0,0.0,0.0,0.38319385,0.8706467,0.0,0.0,0.0,0.0,0.44090223,0.0,0.0,0.0,0.0,0.0,0.0,0.0,0.0,0.0,0.0,0.0,0.48392653,0.0,0.0,0.28028786,0.0,0.0,0.0,0.0,0.0,0.0,0.0,0.0,0.0,0.0,0.0,0.0,0.0,0.0
FNBP4,0.78854465,0.0,0.0,0.0,0.7623534,0.40578204,0.48867783,0.30914012,0.0,0.6069472,1.064357,0.0,0.0,0.0,0.7355936,0.0,0.0,0.0,0.9420328,0.0,0.0,0.0,0.0,0.0,0.30944383,0.0,0.0,0.47547403,0.0721409,0.0,0.75198287,0.0,0.0,0.0,0.75442094,0.8833923,0.741529,0.7100663,0.0,0.0,0.0,0.84186876
NUP160,0.0,0.0,0.0,0.0,0.0,0.0,0.0,0.1340009,0.0,0.0,0.0,0.0,0.0,0.0,0.0,0.0,0.0,0.0,0.0,0.0,0.0,0.0,0.0,0.0,0.0,0.0,0.0,0.0,0.0,0.0,0.0,0.0,0.0,0.0,0.0,0.0,0.0,0.0,0.0,0.0,0.0,0.0
PTPRJ,0.0,0.0,0.0,0.0,0.0,0.0,0.0,0.0,0.0,0.0,0.0,0.0,0.44090223,0.0,0.0,0.0,0.0,0.0,0.0,0.0,0.0,0.0,0.0,0.0,0.0,0.0,0.0,0.0,0.0,0.0,0.0,0.0,0.0,0.0,0.0,0.0,0.0,0.0,0.0,0.0,0.0,0.0
SSRP1,0.0,0.0,0.0,0.51649004,0.672934,0.4165121,0.38319385,1.0322533,0.0,0.5740341,0.0,0.0,0.0,0.0,0.0,0.0,0.0,0.0,0.0,0.0,0.0,0.0,0.0,0.0,0.661338,0.0,0.0,0.5793642,0.0,0.0,0.0,0.0,0.0,0.0,0.0,0.0,0.0,0.0,0.0,0.0,0.0,0.0
PRG2,0.0,0.0,0.0,0.0,0.0,0.0,0.0,0.0,0.0,0.0,0.0,0.0,0.0,0.0,0.0,0.0,2.5149953,0.0,0.0,0.0,0.0,0.0,0.0,0.0,0.0,0.0,0.0,0.0,0.0,0.0,0.0,0.0,0.0,0.0,0.0,0.0,0.0,0.0,0.0,0.0,0.0,0.0
SLC43A3,0.0,0.0,0.0,0.0,0.0,0.0,0.0,0.82785237,0.0,0.18083665,0.0,0.5104259,0.44090223,0.0,0.0,0.0,0.0,0.0,0.0,0.0,0.0,0.0,0.0,0.0,0.13148819,0.0,0.0,0.0,0.0,0.0,0.0,0.0,0.0,0.0,0.0,0.0,0.0,0.0,0.0,0.0,0.0,0.0
SLC43A1,0.0,0.0,0.0,0.0,0.0,0.0,0.0,0.29796433,0.0,0.0,0.0,0.0,0.0,0.0,0.0,0.0,0.0,0.0,0.0,0.0,0.0,0.0,0.0,0.0,0.0,0.0,0.0,0.0,0.0,0.0,0.0,0.0,0.0,0.0,0.0,0.0,0.0,0.0,0.0,0.0,0.0,0.0
TIMM10,0.0,0.0,0.0,0.58349955,0.5337093,0.38905048,0.38106546,0.98288745,0.0,0.0,0.0,0.0,0.0,0.0,0.0,0.0,0.0,0.0,0.0,0.0,0.0,0.0,0.0,0.0,0.61204046,0.0,0.0,0.42525804,0.0,0.0,0.0,0.0,0.0,0.0,0.0,0.0,0.0,0.0,0.0,0.0,0.0,0.0
UBE2L6,0.0,0.0,0.0,0.0,0.70379007,0.0,0.45373747,0.6898337,0.0,0.21446666,0.0,0.0,0.0,0.0,0.0,0.0,0.0,0.0,0.0,0.0,0.0,0.0,0.62125105,0.0,0.17849067,0.0,0.0,0.37477872,0.0,0.0,0.0,0.0,0.0,0.0,0.0,0.0,0.0,0.0,0.0,0.0,0.0,0.0
TMX2,0.0,0.0,0.0,0.0,0.0,0.0,0.0,0.24865727,0.0,0.0,0.0,0.0,0.0,0.0,0.0,0.0,0.0,0.0,0.0,0.0,0.0,0.0,0.0,0.0,0.23757933,0.0,0.0,0.0,0.0,0.0,0.0,0.0,0.0,0.0,0.0,0.0,0.0,0.0,0.0,0.0,0.0,0.0
SELENOH,1.1567551,0.90542024,0.6606132,1.0493416,0.9522743,0.8737457,1.10322,1.5857068,0.0,1.4409807,0.0,0.5073828,0.5578004,0.0,0.0,0.3876987,1.1248604,1.1943654,0.9763205,0.0,0.89337015,1.1397064,0.95954406,0.49718148,1.2620262,0.45580325,1.0024796,1.3154137,0.0,0.0,0.8212759,0.0,0.94586945,0.0,0.97124386,0.93492866,0.94270164,0.57937884,0.0,0.0,0.0,1.372505
LPXN,0.0,0.0,0.0,0.0,0.0,0.0,0.44790858,0.0,0.0,0.47349092,0.0,0.0,0.0,0.0,0.7355936,0.0,0.0,0.0,0.0,0.0,0.0,0.0,0.0,0.0,0.15349633,0.0,0.0,0.0,0.0,0.0,0.0,0.0,0.0,0.0,0.0,0.0,0.0,0.0,0.0,0.0,0.0,0.53099674
ZFP91,0.0,0.0,0.0,0.524891,0.6223074,0.0,0.47555205,0.1432528,0.0,0.36239028,0.0,0.0,0.0,0.0,0.0,0.0,0.0,0.0,0.0,0.0,0.0,0.0,0.0,0.0,0.33617535,0.0,0.0,0.29357636,0.0,0.0,0.0,0.0,0.0,0.0,0.0,0.0,0.0,0.0,0.0,0.0,0.0,0.46837038
FAM111A,0.0,0.0,0.0,0.7212298,0.9779099,0.0,0.0,0.0,0.0,0.6096368,0.0,0.0,0.0,0.0,0.0,0.0,0.0,0.0,0.0,0.0,0.0,0.0,0.0,0.0,0.0,0.0,0.0,0.2024723,0.0,0.0,0.0,0.0,0.0,0.0,0.0,0.0,0.0,0.0,0.0,0.0,0.0,0.0
MPEG1,0.0,0.0,1.1702757,0.0,0.0,1.4465271,0.32769254,0.0,0.0,0.0,0.0,0.7063019,0.44090223,0.0,0.0,0.0,0.0,0.0,0.0,0.0,0.0,0.0,0.9687785,0.0,0.0,0.0,0.0,0.0,0.0,0.0,0.0,0.0,0.0,0.0,0.0,0.0,0.0,0.0,0.0,0.0,0.0,0.649055
PATL1,0.0,0.0,0.0,0.0,0.0,0.0,0.0,0.0,0.0,0.18155362,0.0,0.0,0.0,0.0,0.0,0.0,0.0,0.0,0.0,0.0,0.0,0.0,0.0,0.0,0.0,0.0,0.0,0.0,0.0,0.0,0.0,0.0,0.0,0.0,0.0,0.0,0.0,0.0,0.0,0.0,0.0,0.0
STX3,0.0,0.0,0.0,0.0,0.0,0.41057968,0.0,0.0,0.0,0.0,0.0,0.0,0.0,0.0,0.0,0.0,0.0,0.0,0.0,0.0,0.0,0.0,0.0,0.0,0.0,0.0,0.0,0.0,0.0,0.0,0.0,0.0,0.0,0.0,0.0,0.0,0.0,0.0,0.0,0.0,0.0,0.0
MRPL16,0.0,0.0,0.0,0.0,0.0,0.0,0.3664031,0.7636364,0.0,0.3953033,0.0,0.0,0.0,0.0,0.0,0.0,0.0,0.0,0.0,0.0,0.0,0.0,0.0,0.0,0.45328242,0.0,0.0,0.42404512,0.0,0.0,0.0,0.0,0.0,0.0,0.0,0.0,0.0,0.0,0.0,0.0,0.0,0.0
MS4A3,0.0,0.0,0.0,0.0,0.0,0.0,0.0,0.0,0.0,0.0,0.0,0.0,0.0,0.0,0.0,0.0,2.4032893,0.0,0.0,0.0,0.0,0.0,0.0,0.0,0.0,0.0,0.0,0.0,0.0,0.0,0.0,0.0,0.0,0.0,0.0,0.0,0.0,0.0,0.0,0.0,0.0,0.0
MS4A2,0.0,0.0,0.0,0.0,0.0,0.0,0.0,0.0,0.0,0.0,0.0,0.0,0.0,0.0,0.0,0.0,2.2366004,0.0,0.0,0.0,0.0,0.0,0.0,0.0,0.0,0.0,0.0,0.0,0.0,0.0,0.0,0.0,0.0,0.0,0.0,0.0,0.0,0.0,0.0,0.0,0.0,0.0
MS4A6A,0.0,0.0,1.6659061,1.7757428,0.0,0.0,1.9407649,0.0,2.0845919,0.0,0.0,1.2353609,2.4563458,0.0,0.0,0.0,0.0,0.0,0.0,0.0,0.0,0.0,0.54478526,0.0,0.0,0.0,0.0,0.0,0.0,0.0,0.0,0.0,0.0,0.0,0.0,0.0,0.0,0.0,0.0,0.0,0.0,1.2615826
MS4A4A,0.0,0.0,0.0,0.5958023,0.0,0.0,0.40606603,0.0,0.0,0.0,0.0,0.6449004,1.3272191,0.0,0.0,0.0,0.0,0.0,0.0,0.0,0.0,0.0,0.7299735,0.0,0.0,0.0,0.0,0.0,0.0,0.0,0.0,0.0,0.0,0.0,0.0,0.0,0.0,0.0,0.0,0.0,0.0,0.0
MS4A7,0.0,0.0,0.0,0.0,0.0,0.0,0.528968,0.0,1.9777986,0.0,0.0,1.3130223,2.5610352,0.0,0.0,0.0,0.0,0.0,0.0,0.0,0.0,0.0,2.1916265,0.0,0.0,0.0,0.0,0.0,0.0,0.0,0.0,0.0,0.0,0.0,0.0,0.0,0.0,0.0,0.0,0.0,0.0,0.0
MS4A1,2.7804518,0.0,0.0,0.0,0.0,0.0,0.0,0.0,0.0,0.9649858,0.0,0.0,0.0,0.0,2.429391,0.0,0.0,0.0,2.3827705,0.0,0.0,2.2779405,0.0,0.0,0.0,0.0,0.0,0.0,0.0,0.0,0.0,0.0,0.0,0.0,0.0,0.0,0.0,0.0,0.0,0.0,0.0,0.0
CCDC86,0.0,0.0,0.0,0.0,0.0,0.0,0.0,0.35589665,0.0,0.0,0.0,0.0,0.0,0.0,0.0,0.0,0.0,0.0,0.0,0.0,0.0,0.0,0.0,0.0,0.0,0.0,0.0,0.0,0.0,0.0,0.0,0.0,0.0,0.0,0.0,0.0,0.0,0.0,0.0,0.0,0.0,0.0
PRPF19,0.0,0.0,0.0,0.0,0.0,0.0,0.3404857,0.5600125,0.0,0.18155362,0.0,0.0,0.0,0.0,0.0,0.0,0.0,0.0,0.0,0.0,0.0,0.0,0.0,0.0,0.31120902,0.0,0.0,0.21884046,0.0,0.0,0.0,0.0,0.0,0.0,0.0,0.0,0.0,0.0,0.0,0.0,0.0,0.0
TMEM109,0.0,0.0,0.0,0.0,0.7434335,0.0,0.6672891,0.4650988,0.0,0.21446666,0.0,0.0,0.0,0.0,0.0,0.0,0.0,0.0,0.0,0.0,0.0,0.0,0.0,0.0,0.3891578,0.0,0.0,0.0,0.0,0.0,0.0,0.0,0.0,0.0,0.0,0.0,0.0,0.0,0.0,0.0,0.0,1.013922
SLC15A3,0.0,0.0,0.0,0.0,0.0,0.0,0.0,0.0,0.0,0.0,0.0,0.0,0.0,0.0,0.0,0.0,0.0,0.0,0.0,0.0,0.0,0.0,0.43703884,0.0,0.0,0.0,0.0,0.0,0.0,0.0,0.0,0.0,0.0,0.0,0.0,0.0,0.0,0.0,0.0,0.0,0.0,0.0
CD6,0.0,0.0,0.0,0.0,0.0,0.0,0.0,0.0,0.0,0.0,0.0,0.0,0.0,0.0,0.0,0.0,0.0,0.0,0.0,0.0,0.0,0.0,0.0,0.0,0.0,0.0,0.0,0.0,0.0,0.0,0.63986135,0.0,0.0,0.0,0.0,0.8823334,0.0,0.0,0.0,0.82320654,0.0,0.0
CD5,0.0,0.0,0.0,0.0,0.0,0.0,0.0,0.0,0.0,0.0,0.0,0.0,0.0,0.0,0.0,0.0,0.0,0.0,0.0,0.0,0.0,0.0,0.0,0.0,0.0,0.0,0.0,0.0,0.0,0.0,0.0,0.0,0.0,0.0,0.0,0.7898032,0.0,0.0,0.0,0.0,0.0,0.0
DDB1,0.0,0.0,0.0,0.0,0.0,0.329874,0.0,0.6151742,0.0,0.314459,0.0,0.0,0.0,0.0,0.0,0.0,0.0,0.0,0.0,0.0,0.0,0.0,0.0,0.0,0.4668898,0.0,0.0,0.35572094,0.0,0.0,0.0,0.0,0.0,0.0,0.0,0.0,0.0,0.0,0.0,0.0,0.0,0.77694356
CYB561A3,0.7603161,0.0,0.0,0.0,0.0,0.0,0.0,0.14955862,0.0,0.3960203,0.0,0.0,0.0,0.0,0.0,0.0,0.0,0.0,0.0,0.0,0.0,0.0,0.0,0.0,0.0,0.0,0.0,0.0,0.0,0.0,0.0,0.0,0.0,0.0,0.0,0.0,0.0,0.0,0.0,0.0,0.0,1.4272504
CPSF7,0.0,0.0,0.0,0.0,0.0,0.0,0.0,0.19160235,0.0,0.18083665,0.0,0.0,0.0,0.0,0.0,0.0,0.0,0.0,0.0,0.0,0.0,0.0,0.0,0.0,0.0,0.0,0.0,0.0,0.0,0.0,0.0,0.0,0.0,0.0,0.0,0.0,0.0,0.0,0.0,0.0,0.0,0.0
SDHAF2,0.0,0.0,0.0,0.0,0.0,0.0,0.0,0.16923325,0.0,0.0,0.0,0.0,0.0,0.0,0.0,0.0,0.0,0.0,0.0,0.0,0.0,0.0,0.0,0.0,0.16683619,0.0,0.0,0.0,0.0,0.0,0.0,0.0,0.0,0.0,0.0,0.0,0.0,0.0,0.0,0.0,0.0,0.0
TMEM258,0.84913063,0.90542024,0.8809662,1.2446883,1.1506948,1.0568686,1.0342188,1.0834413,0.0,1.3003557,0.9013167,1.0209692,0.7257168,1.0179114,1.3148127,0.9289553,1.4824555,0.0,0.81508744,1.0358574,0.7677219,0.0,1.1095817,1.4421548,1.9966617,0.0,0.0,1.2853363,0.8845479,0.0,0.90114295,1.1012862,1.0065377,1.0424092,0.8400498,0.76905036,0.8910172,0.8705055,1.0461682,0.8933126,0.9661733,1.3709314
FEN1,0.0,0.0,0.0,0.0,0.58779585,0.0,0.0,0.7344917,0.0,0.18083665,0.0,0.0,0.0,0.0,0.0,0.0,0.0,0.0,0.0,0.0,0.0,0.0,0.0,0.0,0.4188397,0.0,0.0,0.0,0.0,0.0,0.0,0.0,0.0,0.0,0.0,0.0,0.0,0.0,0.0,0.0,0.0,0.0
FADS2,0.0,0.0,0.0,0.0,0.0,0.0,0.0,0.3936967,0.0,0.0,0.0,0.0,0.0,0.0,0.0,0.0,0.0,0.0,0.0,0.0,0.0,0.0,0.0,0.0,0.0,0.0,0.0,0.0,0.0,0.0,0.0,0.0,0.0,0.0,0.0,0.0,0.0,0.0,0.0,0.0,0.0,0.0
BEST1,0.0,0.0,0.0,0.0,0.0,0.0,0.0,0.0,0.0,0.0,0.0,0.8635058,0.0,0.0,0.0,0.0,0.0,0.0,0.0,0.0,0.0,0.0,0.0,0.0,0.0,0.0,0.0,0.0,0.0,0.0,0.0,0.0,0.0,0.0,0.0,0.0,0.0,0.0,0.0,0.0,0.0,0.0
FTH1,3.1747751,5.373843,3.902399,2.7644625,2.8120933,4.114396,4.254607,4.111067,5.909842,2.5780816,2.8576398,5.574134,5.639826,3.0526538,3.5529323,3.9968846,3.994135,3.8975985,3.0371308,2.8378267,2.6951652,3.2093253,5.408979,1.7292366,2.3696446,2.5759425,2.5341265,2.3708875,3.3078215,1.9995451,3.092058,2.612877,2.960883,2.677285,2.8546898,2.87119,2.7719445,3.029619,2.7331154,3.1425614,3.1197102,3.7547214
ASRGL1,0.0,0.0,0.0,0.28071454,0.0,0.0,0.0,0.0,0.0,0.0,0.0,0.0,0.0,0.0,0.0,0.0,0.0,0.0,0.0,0.0,0.0,0.0,0.0,0.0,0.0,0.0,0.0,0.0,0.0,0.0,0.0,0.0,0.0,0.0,0.0,0.0,0.0,0.0,0.0,0.0,0.0,0.0
AHNAK,0.90358186,0.2705642,1.720188,1.2775228,0.6892948,1.510134,1.4354748,0.0,0.0,0.31335935,1.0716889,1.2930145,1.7012795,1.1202723,1.4796834,0.0,0.7768659,0.0,0.9938791,0.595084,0.0,0.0,1.298944,0.17572023,0.12881172,0.0,0.0,0.0,0.7844144,0.0,1.0879928,1.2310519,0.70165443,0.9288468,0.0,0.0,0.0,0.93062675,1.1073548,1.4264897,0.9434675,0.7598012
EEF1G,2.673509,1.8897898,2.1309226,2.4048753,1.8480195,2.5386975,2.5525723,2.7853866,1.7616591,2.2316136,2.462362,2.0142245,2.2312644,2.349342,2.821672,2.2775478,2.4830217,1.8608999,2.680262,1.6456809,2.1729743,2.580223,2.0703537,1.5770487,2.396607,2.1517558,2.4355497,2.8898623,2.308547,0.0,2.7127123,1.8420191,2.5344381,1.8659766,2.7901678,2.744534,2.74336,2.370306,1.9573106,2.3189015,2.2266774,2.5236838
MTA2,0.0,0.0,0.0,0.0,0.0,0.0,0.0,0.19736072,0.0,0.0,0.0,0.0,0.0,0.0,0.0,0.0,0.0,0.0,0.0,0.0,0.0,0.0,0.0,0.0,0.0,0.0,0.0,0.0,0.0,0.0,0.0,0.0,0.0,0.0,0.0,0.0,0.0,0.0,0.0,0.0,0.0,0.0
B3GAT3,0.0,0.0,0.0,0.0,0.0,0.0,0.0,0.0,0.0,0.0,0.0,0.0,0.0,0.0,0.0,0.0,0.0,0.0,0.0,0.0,0.0,0.0,0.0,0.0,0.27992752,0.0,0.0,0.0,0.0,0.0,0.0,0.0,0.0,0.0,0.0,0.0,0.0,0.0,0.0,0.0,0.0,0.0
GANAB,0.0,0.0,0.0,0.0,0.0,0.0,0.0,0.0,0.0,0.0,0.0,0.0,0.0,0.0,0.0,0.0,0.0,0.0,0.0,0.0,0.0,0.0,0.0,0.0,0.54461384,0.0,0.0,0.23936155,0.0,0.0,0.0,0.0,0.0,0.0,0.0,0.0,0.0,0.0,0.0,0.0,0.0,0.0
UQCC3,0.0,0.0,0.0,0.0,0.0,0.0,0.0,0.40220302,0.0,0.23380059,0.0,0.0,0.0,0.0,0.0,0.0,0.0,0.0,0.0,0.0,0.0,0.0,0.0,0.0,0.35495833,0.0,0.0,0.0,0.0,0.0,0.0,0.0,0.0,0.0,0.0,0.0,0.0,0.0,0.0,0.0,0.0,0.0
UBXN1,1.316409,0.0,0.57979333,0.6547937,1.0816393,0.8514719,1.0611645,0.85453415,0.0,0.9830109,0.94255817,0.8423759,0.5578004,1.0491726,0.9916867,0.4661695,0.0,0.0,1.0950584,1.1110998,1.0099654,1.2677851,1.1219456,0.0,0.4464751,1.4754057,1.515377,0.64532375,0.69897926,0.0,1.0652286,1.0744748,1.0291054,1.0574414,1.0587914,1.2468088,1.123764,1.162766,1.0360919,1.0253062,1.0810587,0.90779614
BSCL2,0.0,0.0,0.0,0.0,0.0,0.0,0.0,0.0,0.0,0.0,0.0,0.0,0.0,0.0,0.0,0.0,0.0,0.0,0.0,0.0,0.0,0.0,0.0,0.37284195,0.3220604,0.0,0.0,0.0,0.0,0.0,0.0,0.0,0.0,0.0,0.0,0.0,0.0,0.0,0.0,0.0,0.0,0.0
HNRNPUL2,0.0,0.0,0.0,0.5819986,0.61121976,0.0,0.40772784,0.27202302,0.0,0.23380059,0.0,0.0,0.44090223,0.0,0.77814996,0.0,0.0,0.0,0.0,0.0,0.0,0.0,0.0,0.0,0.24788901,0.0,0.0,0.25771955,0.0,0.0,0.0,0.0,0.0,0.0,0.0,0.0,0.0,0.0,0.0,0.0,0.0,0.0
POLR2G,0.0,0.0,0.0,0.45884928,0.83636546,0.37093928,0.5106391,0.47822505,0.0,0.23380059,0.0,0.4254868,0.0,0.0,0.0,0.0,0.0,0.6973681,0.0,0.0,0.0,0.0,0.398842,0.0,0.23462802,0.0,0.0,0.4756236,0.0,0.0,0.0,0.0,0.0,0.0,0.0,0.0,0.0,0.0,0.0,0.0,0.0,0.66563094
TMEM223,0.0,0.0,0.0,0.0,0.0,0.0,0.0,0.0,0.0,0.0,0.0,0.0,0.0,0.0,0.0,0.0,0.0,0.0,0.0,0.0,0.0,0.0,0.0,0.0,0.18442562,0.0,0.0,0.0,0.0,0.0,0.0,0.0,0.0,0.0,0.0,0.0,0.0,0.0,0.0,0.0,0.0,0.0
TMEM179B,0.0,0.0,0.0,0.0,0.0,0.4224942,0.47833383,0.15275395,0.0,0.0,0.0,0.5950968,0.0,0.0,0.6868571,0.0,0.0,0.0,0.0,0.0,0.0,0.0,0.5248805,0.31009677,0.3209116,0.0,0.0,0.0,0.0,0.0,0.0,0.0,0.0,0.0,0.0,0.0,0.0,0.0,0.0,0.0,0.0,0.58386874
NXF1,0.0,0.0,0.0,0.08661501,0.0,0.28305006,0.0,0.0,0.0,0.0,0.0,0.0,0.0,0.0,0.0,0.0,0.0,0.0,0.0,0.0,0.0,0.0,0.0,0.0,0.0,0.0,0.0,0.0,0.0,0.0,0.0,0.0,0.0,0.0,0.0,0.0,0.0,0.0,0.0,0.0,0.0,0.0
STX5,0.0,0.0,0.0,0.0,0.0,0.0,0.32769254,0.0,0.0,0.36239028,0.0,0.0,0.0,0.0,0.0,0.0,0.0,0.0,0.0,0.0,0.0,0.0,0.0,0.0,0.13803001,0.0,0.0,0.0,0.0,0.0,0.0,0.0,0.0,0.0,0.0,0.0,0.0,0.0,0.0,0.0,0.0,0.0
WDR74,0.0,0.0,0.0,0.0,0.0,0.0,0.0,0.44763336,0.0,0.0,0.0,0.0,0.0,0.0,0.0,0.0,0.0,0.0,0.0,0.0,0.0,0.0,0.0,0.19237135,0.30367142,0.0,0.0,0.0,0.0,0.0,0.0,0.0,0.0,0.0,0.0,0.0,0.0,0.0,0.0,0.0,0.0,0.0
SNHG1,0.65283537,0.0,0.0,0.0,0.0,0.0,0.0,0.6106301,0.0,0.7697774,0.0,0.0,0.0,0.0,0.7355936,0.0,0.0,0.0,0.0,0.0,0.0,0.0,0.0,0.0,0.40682805,0.0,0.0,0.5921793,0.0,0.0,0.0,0.0,0.0,0.0,0.0,0.760676,0.6272061,0.0,0.0,0.0,0.0,0.5315299
SLC3A2,0.0,0.0,0.0,0.5657995,0.7167021,0.34146005,0.5682135,0.384302,0.0,0.23380059,0.0,0.7063019,0.5578004,0.8111386,0.0,0.0,0.0,0.0,0.0,0.0,0.0,0.0,0.63813585,0.53929424,0.84582037,0.0,0.0,0.4607436,0.0,0.0,0.7169165,0.0,0.0,0.0,0.7962502,0.93827665,0.0,0.5910766,0.0,0.0,0.0,1.0923858
PLAAT4,0.0,0.0,0.0,0.0,1.233603,0.0,0.0,0.0,0.0,0.0,0.0,0.0,0.0,1.096882,0.0,0.0,0.0,0.0,0.0,1.5726885,1.1835767,0.0,0.0,0.0,0.0,0.0,0.0,0.0,0.19488612,0.0,0.9230639,1.2497355,0.9714478,1.2931106,0.9518832,0.88579345,0.934646,1.0134181,1.3381929,1.259229,1.1051886,0.0
PLAAT3,0.0,0.0,0.0,0.0,0.0,0.0,0.0,0.0,0.0,0.0,0.0,0.0,0.0,0.0,0.0,0.0,0.0,0.0,0.0,0.0,0.0,0.0,0.0,0.0,0.0,0.0,0.0,0.0,0.0,0.0,0.0,0.0,0.0,0.0,0.0,0.0,0.0,0.0,0.0,0.0,0.0,0.26375175
ATL3,0.0,0.0,0.0,0.24199903,0.0,0.0,0.0,0.0,0.0,0.0,0.0,0.0,0.0,0.0,0.0,0.0,0.0,0.0,0.0,0.0,0.0,0.0,0.0,0.0,0.0,0.0,0.0,0.0,0.0,0.0,0.0,0.0,0.0,0.0,0.0,0.0,0.0,0.0,0.0,0.0,0.0,0.0
RTN3,0.0,0.0,1.0283546,0.89947474,0.6206336,0.40235615,0.42581785,0.27165872,0.0,0.5521189,0.0,0.64906085,0.0,0.0,0.0,0.0,0.14267562,0.87827545,0.0,0.0,0.0,0.0,0.62548506,0.19715774,0.5113328,0.0,0.0,0.6909944,0.0,0.0,0.0,0.0,0.0,0.0,0.0,0.0,0.0,0.0,0.0,0.0,0.0,0.0
MARK2,0.0,0.0,0.0,0.0,0.0,0.0,0.4004618,0.0,0.0,0.0,0.0,0.0,0.0,0.0,0.0,0.0,0.0,0.0,0.0,0.0,0.0,0.0,0.0,0.0,0.0,0.0,0.0,0.0,0.0,0.0,0.0,0.0,0.0,0.0,0.0,0.0,0.0,0.0,0.0,0.0,0.0,0.0
COX8A,0.88428897,1.4772652,1.5197792,2.074143,2.1716259,1.4475214,1.6714084,1.4574265,2.0007153,1.8049941,0.72809076,1.8135889,1.4347595,1.0267992,1.2104161,1.4945246,1.5502801,1.5395001,0.85441864,1.2387455,1.1028302,0.0,1.622119,0.6523648,1.8005635,0.0,0.0,1.3911834,0.7001467,0.0,0.9502261,1.1379743,0.92297244,1.096617,0.90249133,0.82908666,0.88229156,1.1256361,1.1078978,0.95976555,1.0810587,1.2615826
OTUB1,0.6535427,0.0,0.0,0.36671278,0.0,0.53241324,0.57129836,0.395955,0.0,0.4532262,0.0,0.5950968,0.0,0.0,0.0,0.0,0.0,0.0,0.0,0.0,0.0,0.0,0.61330557,0.2008122,0.4336561,0.0,0.0,0.25769907,0.0,0.0,0.0,0.0,0.0,0.0,0.0,0.0,0.0,0.0,0.0,0.0,0.0,0.58529127
MACROD1,0.0,0.0,0.0,0.0,0.0,0.0,0.0,0.15667476,0.0,0.0,0.0,0.0,0.0,0.0,0.0,0.0,0.0,0.0,0.0,0.0,0.0,0.0,0.0,0.0,0.0,0.0,0.0,0.0,0.0,0.0,0.0,0.0,0.0,0.0,0.0,0.0,0.0,0.0,0.0,0.0,0.0,0.0
STIP1,0.0,0.0,0.0,0.0,0.4469103,0.0,0.0,0.6535073,0.0,0.0,0.0,0.4963503,0.0,0.0,0.6868571,0.0,0.0,0.0,0.0,0.0,0.0,0.0,0.0,0.0,0.35134384,0.0,0.0,0.25096077,0.0,0.0,0.0,0.0,0.0,0.0,0.0,0.9228811,0.0,0.0,0.0,0.0,0.0,0.0
FERMT3,0.0,0.0,0.9689553,0.87521446,0.6348955,0.6017931,0.8914837,0.2852365,0.0,0.0,0.0,1.1161138,0.5578004,0.0,0.0,0.0,0.0,2.464758,0.0,0.0,0.0,0.0,0.74372345,0.0,0.39136866,0.0,0.0,0.49126488,0.0,0.0,0.0,0.0,0.0,0.0,0.0,0.0,0.0,0.0,0.0,0.0,0.0,1.0151658
NUDT22,0.0,0.0,0.0,0.0,0.0,0.0,0.3404857,0.0,0.0,0.7141442,0.0,0.0,0.0,0.0,0.0,0.0,0.0,0.0,0.0,0.0,0.0,0.0,0.0,0.32745975,0.35134384,0.0,0.0,0.0,0.0,0.0,0.0,0.0,0.0,0.0,0.0,0.0,0.0,0.0,0.0,0.0,0.0,0.6437855
DNAJC4,0.0,0.0,0.0,0.0,0.0,0.89923656,0.6284687,0.0,0.0,0.18083665,0.0,0.0,0.0,0.0,0.0,0.0,0.0,0.0,0.0,0.0,0.0,0.0,0.0,0.47954965,0.11483783,0.0,0.0,0.0,0.0,0.0,0.0,0.0,0.0,0.0,0.0,0.0,0.0,0.0,0.0,0.0,0.0,0.8997017
VEGFB,0.0,0.0,0.0,0.0,0.0,0.0,0.0,0.0,0.0,0.0,0.0,0.0,0.0,0.0,0.0,0.0,0.0,0.0,0.0,0.0,0.0,0.0,0.0,0.0,0.12638117,0.0,0.0,0.0,0.0,0.0,0.0,0.0,0.0,0.0,0.0,0.0,0.0,0.0,0.0,0.0,0.0,1.32771
FKBP2,0.0,0.0,0.0,0.0,0.0,0.0,0.0,0.0,0.0,0.0,0.0,0.0,0.44090223,0.0,0.0,0.0,0.0,0.0,0.0,0.0,0.0,0.0,0.0,0.70540184,0.3294098,0.0,0.0,0.0,0.0,0.0,0.0,0.0,0.0,0.0,0.0,0.0,0.0,0.0,0.0,0.0,0.0,0.0
PPP1R14B,0.0,0.0,0.0,0.0,0.0,0.53241324,0.5691604,0.8945445,0.0,0.21446666,0.0,0.0,0.0,0.0,0.0,0.0,0.0,0.0,0.0,0.0,0.0,0.0,0.0,0.0,0.69944614,0.0,1.1254485,0.97420514,0.0,0.0,0.0,0.0,0.0,0.0,0.0,0.0,0.0,0.0,0.0,0.0,0.0,2.6729147
BAD,0.0,0.0,0.0,0.0,0.0,0.0,0.0,0.19677243,0.0,0.0,0.0,0.0,0.0,0.0,0.0,0.0,0.0,0.0,0.0,0.0,0.0,0.0,0.0,0.0,0.12525262,0.0,0.0,0.0,0.0,0.0,0.0,0.0,0.0,0.0,0.0,0.0,0.0,0.0,0.0,0.0,0.0,0.0
TRMT112,0.99629664,0.6834405,0.0,0.8408627,0.9492614,1.3581164,0.90894425,1.5013183,0.0,1.4394624,0.5784484,0.72981226,1.4347595,0.93071985,0.0,0.0,0.5547431,0.8391584,1.0088568,0.77551895,0.84882563,0.0,0.64903915,0.5915085,1.261391,0.0,0.0,0.9022955,0.7605382,0.0,0.8376629,1.0919898,0.0,1.1558595,0.808128,1.0064287,0.87464124,0.88428897,1.0975468,0.99888986,0.0,0.9720973
PRDX5,0.8109302,0.0,0.9294655,1.0776216,0.92858726,0.83915305,0.91434515,0.48506352,0.0,0.7637583,0.0,0.84672683,1.141807,0.0,0.9916867,0.4380953,0.32316923,0.8321769,0.0,1.0430043,1.0126936,0.0,0.8842283,0.880841,1.1849928,0.0,0.0,0.8634397,0.0,0.0,0.0,0.0,0.0,0.0,0.0,0.0,0.0,0.0,0.0,0.0,0.0,0.80381644
RPS6KA4,0.0,0.0,0.0,0.0,0.0,0.40020192,0.49283025,0.0,0.0,0.0,0.0,0.0,0.0,0.0,0.0,0.0,0.0,0.0,0.0,0.0,0.0,0.0,0.0,0.0,0.0,0.0,0.0,0.0,0.0,0.0,0.0,0.0,0.0,0.0,0.0,0.0,0.0,0.0,0.0,0.0,0.0,1.0393775
RASGRP2,0.8650553,0.0,0.0,0.48729387,0.0,0.0,0.0,0.0,0.0,0.9322971,0.0,0.0,0.0,0.0,1.0902166,0.0,0.0,1.6470871,0.79943794,0.0,0.0,0.0,0.6305987,0.0,0.0,0.0,0.76748186,0.5315527,0.0,0.0,0.0,0.0,0.0,0.0,0.0,0.30913767,0.7342943,0.0,0.0,0.0,0.0,0.4194579
SF1,1.3680868,0.6586133,1.0471578,1.2313981,1.3148127,1.0382867,1.1643661,1.0666169,0.0,1.1987836,1.7934804,0.8423759,0.7257168,1.5561248,1.6022239,1.169229,1.3084432,0.5725546,1.5943308,1.3128235,1.4943905,1.796777,0.9298998,0.28807428,0.65912336,1.687274,1.6003798,1.2831568,1.5037827,1.8774934,1.5279686,1.2342372,1.7292821,1.3469766,1.6815382,1.4635277,1.6369839,1.5536208,1.3254712,1.3574883,1.6317252,1.4445021
EHD1,0.0,0.0,0.0,0.0,0.0,0.0,0.0,0.0,0.0,0.0,0.0,0.72303134,0.0,0.0,0.0,0.0,0.0,0.0,0.0,0.0,0.0,0.0,0.0,0.0,0.18132702,0.0,0.0,0.0,0.0,0.0,0.0,0.0,0.0,0.0,0.0,0.0,0.0,0.0,0.0,0.0,0.0,0.0
ATG2A,0.0,0.0,0.0,0.0,0.0,0.0,0.37851083,0.0,0.0,0.0,0.0,0.0,0.44090223,0.0,0.0,0.0,0.0,0.0,0.0,0.0,0.0,0.0,0.0,0.0,0.13528542,0.0,0.0,0.0,0.0,0.0,0.0,0.0,0.0,0.0,0.0,0.0,0.0,0.0,0.0,0.0,0.0,0.0
ARL2,0.0,0.0,0.0,0.0,0.0,0.0,0.0,0.83506846,0.0,0.18155362,0.0,0.0,0.0,0.0,0.0,0.0,0.0,0.0,0.0,0.0,0.0,0.0,0.0,0.0,0.0,0.0,0.0,0.7347175,0.0,0.0,0.0,0.0,0.0,0.0,0.0,0.0,0.0,0.0,0.0,0.0,0.0,0.0
SAC3D1,0.0,0.0,0.0,0.0,0.57665014,0.0,0.0,0.29693043,0.0,0.0,0.0,0.0,0.0,0.0,0.0,0.0,0.0,0.0,0.0,0.0,0.0,0.0,0.0,0.0,0.0,0.0,0.0,0.0,0.0,0.0,0.0,0.0,0.0,0.0,0.0,0.0,0.0,0.0,0.0,0.0,0.0,0.0
CDCA5,0.0,0.0,0.0,0.0,0.59737086,0.0,0.0,0.23719434,0.0,0.25902426,0.0,0.0,0.0,0.0,0.0,0.0,0.0,0.0,0.0,0.0,0.0,0.0,0.0,0.0,0.22759601,0.0,0.0,0.0,0.0,0.0,0.0,0.0,0.0,0.0,0.0,0.0,0.0,0.0,0.0,0.0,0.0,0.0
VPS51,0.0,0.0,0.0,0.0,0.0,0.48598903,0.45373747,0.35004333,0.0,0.3924805,0.0,0.0,0.0,0.0,0.0,0.0,0.0,0.0,0.0,0.0,0.0,0.0,0.0,0.0,0.36230922,0.0,0.0,0.4169221,0.0,0.0,0.0,0.0,0.0,0.0,0.0,0.0,0.0,0.0,0.0,0.0,0.0,0.6258739
FAU,3.4371107,2.721097,2.9117308,2.9567523,2.8606377,3.2503664,3.2338297,2.887298,2.7084131,2.888952,3.0594249,3.0409045,2.9593582,3.2941926,3.5924568,3.1879134,3.0538712,2.6712031,3.55572,2.990734,3.1404016,3.5810032,3.1126223,2.0513947,2.7815123,3.2951934,3.077329,3.0663538,3.2083411,0.0,3.4878104,3.1381125,3.3729258,3.0874224,3.557915,3.421093,3.4885895,3.2845936,3.1564193,3.191075,3.2975357,3.3300624
SYVN1,0.0,0.0,0.0,0.0,0.0,0.0,0.0,0.0,0.0,0.3960203,0.0,0.0,0.0,0.0,0.0,0.0,0.0,0.0,0.0,0.0,0.0,0.0,0.0,0.35941315,0.42941025,1.4069748,0.0,0.0,0.0,0.0,0.0,0.0,0.0,0.0,0.0,0.0,0.0,0.0,0.0,0.0,0.0,0.0
MRPL49,0.0,0.0,0.0,0.0,0.0,0.0,0.0,0.19237879,0.0,0.0,0.0,0.0,0.0,0.0,0.0,0.0,0.0,0.0,0.0,0.0,0.0,0.0,0.0,0.0,0.13131355,0.0,0.0,0.0,0.0,0.0,0.0,0.0,0.0,0.0,0.0,0.0,0.0,0.0,0.0,0.0,0.0,0.0
CAPN1,0.0,0.0,0.0,0.0,0.0,0.0,0.3996023,0.4377056,0.0,0.23380059,0.0,0.0,0.0,0.0,0.0,0.0,0.0,0.98810375,0.0,0.0,0.0,0.0,0.0,0.0,0.17029929,0.0,0.0,0.0,0.0,0.0,0.0,0.0,0.0,0.0,0.0,0.0,0.0,0.0,0.0,0.0,0.0,0.0
DPF2,0.0,0.0,0.0,0.0,0.0,0.0,0.0,0.13217042,0.0,0.0,0.0,0.0,0.0,0.0,0.0,0.0,0.0,0.0,0.0,0.0,0.0,0.0,0.0,0.0,0.0,0.0,0.0,0.0,0.0,0.0,0.0,0.0,0.0,0.0,0.0,0.0,0.0,0.0,0.0,0.0,0.0,0.0
NEAT1,1.81233,3.138098,3.8812828,2.513332,1.8875082,1.998732,2.253554,0.116205856,0.0,1.1552087,1.7403988,3.0715876,3.5222445,1.1985635,0.0,2.7331097,2.0841289,0.0,1.2252033,2.5043788,1.9685771,0.0,3.1059756,2.2220888,1.6404804,0.9720962,2.432649,1.8703325,1.9188416,3.0745358,1.5910285,2.0048084,1.8054309,1.6802349,1.3991048,1.0383276,1.2538354,1.8645158,1.7442198,1.6044964,1.2047434,0.90377915
MALAT1,5.85513,5.0380173,5.2685084,4.5483847,5.7262115,4.8483253,5.043393,3.1003652,0.0,4.788677,5.894593,4.356616,4.8399796,5.9554105,5.5365057,5.5203395,5.454875,1.100683,5.781725,6.2761602,5.8928623,5.337412,4.975017,5.056164,4.5318522,5.3119555,5.449041,4.570339,5.6321716,7.0178843,5.9238625,6.3181534,6.3673887,6.195421,6.2172956,5.225854,6.0044794,6.1599774,6.250921,5.666231,6.244557,5.86555
SCYL1,0.0,0.0,0.0,0.0,0.0,0.0,0.0,0.0,0.0,0.0,0.0,0.0,0.44090223,0.0,0.0,0.0,0.0,0.0,0.0,0.0,0.0,0.0,0.0,0.21537958,0.25635368,0.0,0.0,0.0,0.0,0.0,0.0,0.0,0.0,0.0,0.0,0.0,0.0,0.0,0.0,0.0,0.0,0.0
ZNRD2,0.0,0.0,0.0,0.0,0.0,0.0,0.0,0.6513182,0.0,0.18083665,0.0,0.0,0.0,0.0,0.0,0.0,0.0,0.0,0.0,0.0,0.0,0.0,0.0,0.12528247,0.58513236,0.0,0.0,0.0,0.0,0.0,0.0,0.0,0.0,0.0,0.0,0.0,0.0,0.0,0.0,0.0,0.0,0.0
FAM89B,0.0,0.0,0.0,0.0,0.0,0.0,0.42269358,0.0,0.0,0.0,0.0,0.0,0.0,0.0,0.0,0.0,0.0,0.0,0.0,0.0,0.0,0.0,0.0,0.0,0.24788901,0.0,0.0,0.0,0.0,0.0,0.0,0.0,0.0,0.0,0.0,0.0,0.0,0.0,0.0,0.0,0.0,0.0
EHBP1L1,0.0,0.0,0.6981343,0.69790983,0.0,0.6174085,0.44636363,0.0,0.0,0.21446666,0.0,0.0,0.0,0.0,0.0,0.0,0.0,0.0,0.0,0.0,0.0,0.0,0.81113863,0.0,0.14972688,0.0,0.0,0.0,0.0,0.0,0.0,0.0,0.0,0.0,0.0,0.0,0.0,0.0,0.0,0.0,0.0,0.0
MAP3K11,0.0,0.0,0.0,0.0,0.0,0.38905048,0.3384496,0.0,0.0,0.0,0.0,0.0,0.0,0.0,0.0,0.0,0.0,0.0,0.0,0.0,0.0,0.0,0.0,0.0,0.0,0.0,0.0,0.0,0.0,0.0,0.0,0.0,0.0,0.0,0.0,0.0,0.0,0.0,0.0,0.0,0.0,0.0
SIPA1,0.0,0.0,0.0,0.0,0.62379193,0.48126704,0.36318722,0.0,0.0,0.3640731,0.0,0.4254868,0.0,0.0,0.7355936,0.0,0.0,0.0,0.0,0.0,0.87455976,0.0,0.0,0.0,0.0,0.0,0.0,0.0,0.0,0.0,0.0,0.0,0.0,0.0,0.0,0.0,0.0,0.0,0.0,0.0,0.0,0.0
RELA,0.0,0.0,0.0,0.0,0.0,0.0,0.0,0.0,0.0,0.0,0.0,0.0,0.0,0.0,0.0,0.0,0.0,0.0,0.0,0.0,0.0,0.0,0.0,0.0,0.113108404,0.0,0.0,0.0,0.0,0.0,0.0,0.0,0.0,0.0,0.0,0.0,0.0,0.0,0.0,0.0,0.0,0.0
RNASEH2C,0.0,0.0,0.0,0.83506584,1.0217842,0.3431283,0.35118595,0.82991827,0.0,0.5449097,0.0,0.0,0.0,0.0,0.0,0.0,0.0,0.0,0.0,0.0,0.0,0.0,0.0,0.35703316,0.9677447,0.0,0.0,0.8703445,0.0,0.0,0.0,0.0,0.0,0.0,0.0,0.0,0.0,0.0,0.0,0.0,0.0,0.5399058
CFL1,2.105118,2.1226137,2.6369243,2.9562297,3.1811562,2.8704674,2.9068615,2.3381295,2.5573294,2.7870817,2.1356666,2.910235,2.4563458,2.1753058,2.1860147,2.4822297,2.1043816,3.1638591,1.9765922,2.6830223,2.462363,1.821681,2.785467,0.9034707,2.0686378,2.3529792,2.3536403,2.3371286,2.3369024,0.0,2.2029338,2.4526415,2.1326015,2.3851748,2.055437,2.0806487,2.0543242,2.3587039,2.367196,2.1873305,2.2438881,2.5439286
CTSW,0.0,0.0,0.0,0.0,2.462823,0.0,0.0,0.0,0.0,0.0,1.4382622,0.0,0.0,1.8595791,0.0,0.0,0.0,0.83918595,0.0,2.6867335,2.5619092,0.0,0.0,0.0,0.0,0.0,0.0,0.3834477,0.5341084,0.0,0.0,2.2075546,0.0,2.252602,0.0,0.0,1.1284099,0.0,1.9452248,1.0500171,1.0624948,0.0
FIBP,0.0,0.0,0.0,0.51921755,0.62379193,0.5034041,0.59402287,0.36691293,0.0,0.21446666,0.0,0.0,0.0,0.0,0.0,0.0,0.0,0.0,0.0,0.0,0.0,0.0,0.0,0.0,0.30367142,0.0,0.0,0.41623092,0.0,0.0,0.0,0.0,0.0,0.0,0.0,0.0,0.0,0.0,0.0,0.0,0.0,0.0
CCDC85B,0.78854465,0.0,0.0,0.8038605,0.84939885,0.5035982,0.49472123,0.8696994,0.0,0.3960203,0.67302287,0.0,0.5578004,0.9272902,0.0,0.0,0.0,1.26433,0.0,0.9931291,1.0548111,0.0,0.52261746,0.2323661,0.5933877,1.1642717,0.0,0.98664755,0.3861463,0.0,0.8959637,0.966375,0.81533027,0.878754,0.90096927,0.87110436,0.94586945,0.8178672,0.0,0.8469932,1.0495343,0.6995391
DRAP1,0.0,0.0,0.0,0.5168696,1.0753648,0.6174085,1.0237037,1.1240443,0.0,0.82128066,0.96516603,0.72303134,0.0,0.81568164,0.0,0.0,0.58055633,0.5291456,0.0,1.0396831,1.0419934,0.0,1.2592893,0.27747667,0.64646125,0.0,0.0,0.85783535,0.0721409,0.0,0.669375,0.0,0.0,0.0,0.0,0.0,0.74112636,0.7123875,0.0,0.8403492,0.0,0.7790601
SART1,0.0,0.0,0.0,0.0,0.0,0.0,0.0,0.187809,0.0,0.0,0.0,0.0,0.0,0.0,0.0,0.0,0.0,0.0,0.0,0.0,0.0,0.0,0.0,0.0,0.15630423,0.0,0.0,0.0,0.0,0.0,0.0,0.0,0.0,0.0,0.0,0.0,0.0,0.0,0.0,0.0,0.0,0.0
BANF1,0.65283537,0.0,0.0,0.94137686,1.4415936,0.48126704,0.8672373,1.3913939,0.0,1.1557087,0.0,0.5104259,0.5578004,0.0,0.0,0.0,0.7201741,0.98265517,0.0,0.0,0.0,0.0,0.6082499,0.1300091,0.77036935,0.0,0.0,1.0500681,0.0,0.0,0.0,0.0,0.0,0.0,0.0,0.8992801,0.0,0.0,0.0,0.0,0.0,0.7378372
SF3B2,0.99629664,0.0,0.70901644,1.0356528,1.1980124,0.83915305,0.95263255,1.0722574,0.0,0.8481529,1.105459,0.84672683,0.0,0.9298831,1.0902166,0.0,0.755396,0.0,0.86050355,1.0762559,0.88608724,0.0,0.7606804,0.49881023,1.0599201,0.0,0.0,0.86251557,0.78829825,0.0,0.8177966,1.0220497,0.7326629,1.0346864,0.7601948,0.87820345,0.75026834,0.9020124,0.9430844,0.9239791,0.0,1.0929472
PACS1,0.0,0.0,0.0,0.0,0.0,0.5035982,0.0,0.0,0.0,0.0,0.0,0.0,0.0,0.0,0.0,0.0,0.0,0.0,0.0,0.0,0.0,0.0,0.0,0.0,0.0,0.0,0.0,0.0,0.0,0.0,0.0,0.0,0.0,0.0,0.0,0.0,0.0,0.0,0.0,0.0,0.0,0.0
RAB1B,0.0,0.0,0.0,0.5636133,0.68373454,0.47506863,0.4579872,0.4853756,0.0,0.3960203,0.0,0.0,0.0,0.0,0.0,0.0,0.0,1.1170802,0.0,0.0,0.0,0.0,0.4422359,0.0,0.35186845,0.0,0.0,0.0,0.0,0.0,0.0,0.0,0.0,0.0,0.0,0.0,0.0,0.0,0.0,0.0,0.0,0.0
YIF1A,0.0,0.0,0.0,0.0,0.0,0.0,0.0,0.27569824,0.0,0.0,0.0,0.0,0.0,0.0,0.0,0.0,0.0,0.0,0.0,0.0,0.0,0.0,0.0,0.3359303,0.5323146,0.0,0.0,0.0,0.0,0.0,0.0,0.0,0.0,0.0,0.0,0.0,0.0,0.0,0.0,0.0,0.0,0.0
BRMS1,0.0,0.0,0.0,0.0,0.0,0.0,0.3358107,0.16616654,0.0,0.0,0.0,0.0,0.0,0.0,0.0,0.0,0.0,0.0,0.0,0.0,0.0,0.0,0.0,0.0,0.24767917,0.0,0.0,0.0,0.0,0.0,0.0,0.0,0.0,0.0,0.0,0.0,0.0,0.0,0.0,0.0,0.0,0.0
MRPL11,0.0,0.0,0.0,0.36727542,0.5557265,0.0,0.43932745,0.9512197,0.0,0.42031318,0.0,0.0,0.0,0.0,0.0,0.0,0.0,0.0,0.0,0.0,0.0,0.0,0.0,0.0,0.56378525,0.0,0.0,0.62173826,0.0,0.0,0.0,0.0,0.0,0.0,0.0,0.0,0.0,0.0,0.0,0.0,0.0,0.0
DPP3,0.0,0.0,0.0,0.0,0.0,0.0,0.0,0.0,0.0,0.0,0.0,0.0,0.0,0.0,0.0,0.0,0.0,0.0,0.0,0.0,0.0,0.0,0.0,0.0,0.2261846,0.0,0.0,0.0,0.0,0.0,0.0,0.0,0.0,0.0,0.0,0.0,0.0,0.0,0.0,0.0,0.0,0.0
CCS,0.0,0.0,0.0,0.0,0.0,0.329874,0.0,0.29719716,0.0,0.0,0.0,0.0,0.0,0.0,0.0,0.0,0.0,0.0,0.0,0.0,0.0,0.0,0.0,0.0,0.0,0.0,0.0,0.0,0.0,0.0,0.0,0.0,0.0,0.0,0.0,0.0,0.0,0.0,0.0,0.0,0.0,0.77595985
RBM14,0.0,0.0,0.0,0.0,0.0,0.0,0.0,0.19369827,0.0,0.41463724,0.0,0.0,0.0,0.0,0.0,0.0,0.0,0.0,0.0,0.0,0.0,0.0,0.0,0.0,0.15106389,0.0,0.0,0.0,0.0,0.0,0.0,0.0,0.0,0.0,0.0,0.0,0.0,0.0,0.0,0.0,0.0,0.0
RBM4,0.0,0.0,0.4700653,0.7045135,0.7452318,0.37521976,0.63536197,0.38631868,0.0,0.7565536,0.0,0.0,0.0,0.0,0.0,0.0,0.57630897,0.0,0.0,0.94365954,0.92965436,0.0,0.35551843,0.0,0.41048285,0.0,0.9045438,0.7644201,0.33005965,0.0,0.72853416,0.0,0.0,0.0,0.80404794,0.0,0.0,0.7400931,0.0,0.0,0.0,0.89510727
KDM2A,0.0,0.0,0.0,0.5802951,0.51454103,0.4165121,0.6339667,0.0,0.0,0.65150476,0.5784484,0.5221987,0.0,0.0,0.0,0.0,0.0,0.0,0.0,0.0,0.0,0.0,0.0,0.0,0.3241825,0.0,0.0,0.22405028,0.0,0.0,0.0,0.0,0.0,0.0,0.0,0.0,0.0,0.0,0.0,0.0,0.0,0.62947047
GRK2,0.0,0.0,0.8605829,1.1009915,0.6981002,0.4580726,0.7046767,0.0,0.0,0.4153542,0.5784484,0.5950968,0.0,0.0,0.0,0.0,0.5724597,0.0,0.0,0.0,0.0,0.0,0.9938966,0.0,0.40248197,1.175118,0.0,0.76401234,0.0,0.0,0.0,0.0,0.0,0.0,0.0,0.0,0.0,0.0,0.0,0.0,0.0,0.65077657
ANKRD13D,0.0,0.0,0.0,0.46180218,0.26789165,0.0,0.42200556,0.0,0.0,0.0,0.0,0.0,0.0,0.0,0.0,0.0,0.0,0.0,0.0,0.0,0.0,0.0,0.59454256,0.0,0.0,0.0,0.0,0.0,0.0,0.0,0.0,0.0,0.0,0.0,0.0,0.0,0.0,0.0,0.0,0.0,0.0,0.0
RAD9A,0.0,0.0,0.0,0.0,0.0,0.0,0.0,0.0,0.0,0.0,0.0,0.0,0.0,0.0,0.0,0.0,0.0,0.0,0.0,0.0,0.0,0.0,0.0,0.0,0.13167544,0.0,0.0,0.0,0.0,0.0,0.0,0.0,0.0,0.0,0.0,0.0,0.0,0.0,0.0,0.0,0.0,0.0
POLD4,1.1453758,0.0,0.61505723,0.66446,0.68798876,0.9254782,0.7566353,0.0,0.0,0.47256014,0.0,1.0337517,0.0,0.0,0.0,0.0,0.0,0.0,0.97813094,0.0,0.0,1.117773,0.9183361,0.32597893,0.17694849,0.0,0.0,0.22151557,0.0,0.0,0.0,0.0,0.0,0.0,0.0,0.0,0.0,0.0,0.0,0.0,0.0,0.7675177
PPP1CA,1.0556045,0.6126078,1.074729,1.3843204,1.7196548,0.9467374,1.2464848,0.9505181,0.0,1.3003557,1.1428969,0.8423759,0.5578004,0.6855351,0.6868571,0.67576224,0.9704694,1.1490939,0.94505656,1.2847309,1.1301819,0.0,1.257738,0.45013314,1.2428386,1.4396842,1.2402272,1.0127,0.96568835,0.0,0.8389292,1.0933733,0.7836017,1.008193,0.0,0.0,0.0,1.0683539,1.0261096,1.0173475,0.0,1.1060146
TBC1D10C,0.7603161,0.0,0.0,0.0,0.79587483,0.0,0.0,0.0,0.0,0.44826725,0.0,0.0,0.0,0.0,1.3148127,0.0,0.0,0.0,0.0,0.96155846,0.0,0.0,0.0,0.0,0.0,0.0,0.9045438,0.0,0.0,0.0,0.0,0.85877746,0.0,0.0,0.0,0.0,0.0,0.9656358,0.0,0.0,0.0,0.0
RPS6KB2,0.0,0.0,0.0,0.0,0.0,0.0,0.30505306,0.3798495,0.0,0.41463724,0.0,0.0,0.0,0.0,0.0,0.0,0.0,0.0,0.0,0.0,0.0,0.0,0.0,0.28067487,0.5113328,0.0,0.0,0.0,0.0,0.0,0.0,0.0,0.0,0.0,0.0,0.0,0.0,0.0,0.0,0.0,0.0,0.0
PTPRCAP,1.0128595,0.0,0.0,0.0,0.0,0.0,0.0,0.0,0.0,0.0,0.0,0.0,0.0,0.0,0.6868571,0.0,0.0,0.0,0.0,0.0,0.0,0.0,0.0,0.0,0.0,1.0506581,0.0,0.0,0.0,0.0,0.0,0.0,0.0,0.0,0.0,0.0,0.0,0.0,0.0,0.0,0.0,0.0
CORO1B,0.0,0.0,0.0,0.0,0.0,0.59331524,0.40476632,0.0,0.0,0.18155362,0.0,0.5073828,0.0,0.0,0.0,0.0,0.0,0.0,0.0,0.0,0.0,0.0,0.68996966,0.0,0.069928735,0.0,0.0,0.0,0.0,0.0,0.0,0.0,0.0,0.0,0.0,0.0,0.0,0.56626374,0.0,0.0,0.0,0.0
TMEM134,0.0,0.0,0.0,0.0,0.0,0.0,0.0,0.0,0.0,0.0,0.0,0.0,0.0,0.0,0.0,0.0,0.0,0.0,0.0,0.0,0.0,0.0,0.0,0.19522703,0.11483783,0.0,0.0,0.0,0.0,0.0,0.0,0.0,0.0,0.0,0.0,0.0,0.0,0.0,0.0,0.0,0.0,0.0
AIP,0.5121089,0.0,0.0,0.0,0.7519562,0.3977822,0.6252209,0.0,0.0,0.5734832,0.0,0.0,0.44090223,0.0,0.0,0.0,0.0,0.0,0.0,0.0,0.0,0.0,0.0,0.0,0.38533148,0.0,0.0,0.0,0.0,0.0,0.0,0.0,0.0,0.0,0.0,0.0,0.0,0.0,0.0,0.0,0.0,0.5301591
CDK2AP2,0.0,0.0,0.0,0.394319,0.9545773,0.87529373,0.6339459,0.14738019,0.0,0.4977838,0.0,0.0,0.7257168,0.0,0.0,0.0,0.0,0.14919116,0.0,0.0,0.0,0.0,0.54331815,0.37193012,0.6967541,0.0,0.0,0.0,0.0,0.0,0.0,0.0,0.0,0.0,0.0,0.0,0.0,0.0,0.0,0.0,0.0,1.0618663
GSTP1,0.0,1.6155457,1.7702136,2.467785,2.1210341,2.6636379,2.5924559,1.3267156,2.1939688,1.402978,1.0573997,2.0005887,2.0440001,0.0,0.0,1.9649025,1.0188911,2.023428,0.0,1.6881857,1.9171357,0.0,2.002276,1.4058071,1.7053386,0.0,0.0,2.416669,1.1033642,0.0,0.0,1.2428521,0.0,1.2973533,0.0,0.0,0.0,0.0,1.138984,0.0,1.032353,1.9476402
NDUFV1,0.470424,0.0,0.0,0.57222223,0.7337601,0.47506863,0.4883857,0.94610226,0.0,0.18083665,0.0,0.3987304,0.0,0.0,0.0,0.0,0.0,0.0,0.0,0.0,0.0,0.0,0.0,0.24548532,0.6901606,0.0,0.0,0.6984326,0.0,0.0,0.0,0.0,0.0,0.0,0.0,0.0,0.0,0.0,0.0,0.0,0.0,0.46169966
UNC93B1,0.0,0.0,0.0,0.26346564,0.0,0.6542072,0.58423555,0.0,0.0,0.18155362,0.0,0.5073828,0.0,0.0,0.0,0.0,0.0,0.0,0.0,0.0,0.0,0.0,0.6010104,0.0,0.13397753,0.0,0.0,0.0,0.0,0.0,0.0,0.0,0.0,0.0,0.0,0.0,0.0,0.0,0.0,0.0,0.0,1.2669449
NDUFS8,0.53828317,0.0,0.0,0.80377537,0.9535958,0.7185833,0.9173721,1.206852,0.0,1.0765451,0.0,0.72303134,0.97920024,0.0,0.0,0.0,0.0,0.5952238,0.0,0.0,0.0,0.0,0.54818726,0.54645187,0.9479819,0.0,0.0,0.8497435,0.0,0.0,0.0,0.0,0.0,0.0,0.0,0.0,0.0,0.0,0.0,0.0,0.0,0.6792675
TCIRG1,0.0,0.0,0.78006506,0.60602033,0.0,0.0,0.59402287,0.0,0.0,0.3960203,0.8185749,0.5367148,0.7257168,0.0,0.0,0.0,0.0,0.0,0.0,0.0,0.0,0.0,1.0406593,0.22381054,0.3289506,0.0,0.0,0.0,0.0,0.0,0.0,0.0,0.0,0.0,0.0,0.0,0.0,0.0,0.0,0.0,0.0,0.0
KMT5B,0.0,0.0,0.0,0.0,0.0,0.0,0.0,0.0,0.0,0.0,0.0,0.0,0.44090223,0.0,0.0,0.0,0.0,0.0,0.0,0.0,0.0,0.0,0.0,0.0,0.0,0.0,0.0,0.0,0.0,0.0,0.0,0.0,0.0,0.0,0.0,0.0,0.0,0.0,0.0,0.0,0.0,0.0
C11orf24,0.0,0.0,0.0,0.0,0.0,0.0,0.0,0.0,0.0,0.0,0.0,0.0,0.0,0.0,0.0,0.0,0.0,0.0,0.0,0.0,0.0,0.0,0.0,0.25018308,0.31360656,0.0,0.0,0.0,0.0,0.0,0.0,0.0,0.0,0.0,0.0,0.0,0.0,0.0,0.0,0.0,0.0,0.0
TESMIN,0.0,0.0,0.0,0.0,0.0,0.0,0.0,0.15594275,0.0,0.0,0.0,0.0,0.0,0.0,0.0,0.0,0.0,0.0,0.0,0.0,0.0,0.0,0.0,0.0,0.0,0.0,0.0,0.0,0.0,0.0,0.0,0.0,0.0,0.0,0.0,0.0,0.0,0.0,0.0,0.0,0.0,0.0
CPT1A,0.0,0.0,0.0,0.0,0.0,0.0,0.0,0.36662728,0.0,0.0,0.0,0.0,0.0,0.0,0.0,0.0,0.0,0.0,0.0,0.0,0.0,0.0,0.0,0.0,0.0,0.0,0.0,0.27330163,0.0,0.0,0.0,0.0,0.0,0.0,0.0,0.0,0.0,0.0,0.0,0.0,0.0,0.0
MRPL21,0.0,0.0,0.0,0.0,0.0,0.0,0.4089112,0.6357128,0.0,0.49282485,0.0,0.0,0.0,0.0,0.0,0.0,0.0,0.0,0.0,0.0,0.0,0.0,0.0,0.0,0.5860969,0.0,0.0,0.4107107,0.0,0.0,0.0,0.0,0.0,0.0,0.0,0.0,0.0,0.0,0.0,0.0,0.0,0.0
CCND1,0.0,0.0,0.0,0.0,0.0,1.0090783,0.0,0.0,0.0,0.0,0.0,0.0,0.0,0.0,0.0,0.0,0.0,0.0,0.0,0.0,0.0,0.0,0.0,0.0,0.0,0.0,0.0,0.0,0.0,0.0,0.0,0.0,0.0,0.0,0.0,0.0,0.0,0.0,0.0,0.0,0.0,0.0
NADSYN1,0.0,0.0,0.0,0.0,0.0,0.0,0.0,0.0,0.0,0.18083665,0.0,0.0,0.0,0.0,0.0,0.0,0.0,0.0,0.0,0.0,0.0,0.0,0.0,0.0,0.0,0.0,0.0,0.0,0.0,0.0,0.0,0.0,0.0,0.0,0.0,0.0,0.0,0.0,0.0,0.0,0.0,0.0
NUMA1,0.0,0.0,0.0,0.0,0.5547079,0.0,0.0,0.0,0.0,0.4153542,0.61280143,0.0,0.0,0.0,0.7355936,0.0,0.0,0.0,0.0,0.0,0.0,0.0,0.0,0.0,0.13153149,0.0,0.0,0.0,0.0,0.0,0.0,0.0,0.0,0.0,0.0,0.0,0.0,0.0,0.0,0.0,0.0,0.4544013
LAMTOR1,0.7233591,0.0,1.2367252,1.1494687,0.7110404,1.0828639,1.2420107,0.82802445,0.0,0.4398609,0.0,0.84672683,1.4347595,0.0,0.0,0.0,0.0,2.1239502,0.0,0.0,0.0,0.0,0.8594826,0.18363768,0.4499066,0.0,0.0,0.95798004,0.0,0.0,0.0,0.0,0.0,0.0,0.0,0.0,0.0,0.0,0.0,0.0,0.0,0.8916851
ANAPC15,0.0,0.0,0.0,0.54074216,0.0,0.0,0.16297461,0.41134477,0.0,0.314459,0.0,0.0,0.0,0.0,0.0,0.0,0.0,0.0,0.0,0.0,0.0,0.0,0.0,0.0,0.4297319,0.0,0.0,0.0,0.0,0.0,0.0,0.0,0.0,0.0,0.0,0.0,0.0,0.0,0.0,0.0,0.0,0.0
FOLR2,0.0,0.0,0.0,0.0,0.0,0.0,0.0,0.0,0.0,0.0,0.0,0.0,1.5203841,0.0,0.0,0.0,0.0,0.0,0.0,0.0,0.0,0.0,0.0,0.0,0.0,0.0,0.0,0.0,0.0,0.0,0.0,0.0,0.0,0.0,0.0,0.0,0.0,0.0,0.0,0.0,0.0,0.0
CLPB,0.0,0.0,0.0,0.0,0.0,0.0,0.0,0.0,0.0,0.0,0.0,0.0,0.0,0.0,0.0,0.0,0.0,0.0,0.0,0.0,0.0,0.0,0.0,0.0,0.12957723,0.0,0.0,0.0,0.0,0.0,0.0,0.0,0.0,0.0,0.0,0.0,0.0,0.0,0.0,0.0,0.0,0.0
ARAP1,0.0,0.0,0.0,0.0,0.0,0.0,0.32453808,0.0,0.0,0.0,0.0,0.4963503,0.44090223,0.0,0.0,0.0,0.0,0.0,0.0,0.0,0.0,0.0,0.618614,0.0,0.0,0.0,0.0,0.0,0.0,0.0,0.0,0.0,0.0,0.0,0.0,0.0,0.0,0.0,0.0,0.0,0.0,0.0
ATG16L2,0.0,0.0,0.0,0.0,0.0,0.34549886,0.0,0.0,0.0,0.0,0.0,0.0,0.0,0.0,0.0,0.0,0.0,0.0,0.0,0.0,0.0,0.0,0.45896882,0.0,0.0,0.0,0.0,0.0,0.0,0.0,0.0,0.0,0.0,0.0,0.0,0.0,0.0,0.0,0.0,0.0,0.0,0.0
FCHSD2,0.0,0.0,0.0,0.0,0.0,0.38905048,0.0,0.0,0.0,0.49282485,0.0,0.0,0.5578004,0.0,0.0,0.0,0.0,0.0,0.0,0.0,0.0,0.0,0.0,0.14963485,0.0,0.0,0.0,0.0,0.0,0.0,0.0,0.0,0.0,0.0,0.0,0.0,0.0,0.0,0.0,0.0,0.0,0.9687521
P2RY6,0.0,0.0,0.0,0.0,0.0,0.38905048,0.0,0.0,0.0,0.0,0.0,0.0,0.0,0.0,0.0,0.0,0.0,0.0,0.0,0.0,0.0,0.0,0.0,0.0,0.0,0.0,0.0,0.0,0.0,0.0,0.0,0.0,0.0,0.0,0.0,0.0,0.0,0.0,0.0,0.0,0.0,0.0
RELT,0.0,0.0,0.0,0.0,0.0,0.0,0.41995525,0.0,0.0,0.0,0.0,0.47305363,0.44090223,0.0,0.0,0.0,0.0,0.0,0.0,0.0,0.0,0.0,0.51502514,0.0,0.0,0.0,0.0,0.0,0.0,0.0,0.0,0.0,0.0,0.0,0.0,0.0,0.0,0.0,0.0,0.0,0.0,0.0
RAB6A,0.0,0.0,0.0,0.0,0.0,0.0,0.0,0.0,0.0,0.18083665,0.0,0.0,0.0,0.0,0.0,0.0,0.0,0.07552965,0.0,0.0,0.0,0.0,0.0,0.0,0.17043604,0.0,0.0,0.0,0.0,0.0,0.0,0.0,0.0,0.0,0.0,0.0,0.0,0.0,0.0,0.0,0.0,0.0
MRPL48,0.0,0.0,0.0,0.0,0.0,0.0,0.0,0.29779896,0.0,0.0,0.0,0.0,0.0,0.0,0.0,0.0,0.0,0.0,0.0,0.0,0.0,0.0,0.0,0.0,0.23725653,0.0,0.0,0.0,0.0,0.0,0.0,0.0,0.0,0.0,0.0,0.0,0.0,0.0,0.0,0.0,0.0,0.0
COA4,0.0,0.0,0.0,0.0,0.0,0.34549886,0.35920435,0.8535096,0.0,0.18083665,0.0,0.0,0.0,0.0,0.0,0.0,0.0,0.0,0.0,0.0,0.0,0.0,0.0,0.0,0.48779035,0.0,0.0,0.38800496,0.0,0.0,0.0,0.0,0.0,0.0,0.0,0.0,0.0,0.0,0.0,0.0,0.0,0.0
UCP2,1.5441352,1.575357,0.6627245,0.7822573,1.7497656,1.9323199,1.1002594,1.0805829,2.0829132,1.5710216,1.064357,1.1521438,1.9594179,0.0,1.449307,0.75561625,0.0,0.91783684,1.1760826,1.3080775,1.084806,1.3548146,1.4356029,0.0,0.51112986,2.1492038,1.3830035,0.51284766,0.89577883,0.0,0.8232782,1.1316731,0.0,0.0,0.87545705,0.0,0.8585786,1.1782571,0.0,0.0,0.0,1.9150772
PPME1,0.0,0.0,0.0,0.0,0.0,0.0,0.0,0.1873608,0.0,0.0,0.0,0.0,0.0,0.0,0.0,0.0,0.0,0.0,0.0,0.0,0.0,0.0,0.0,0.0,0.0,0.0,0.0,0.0,0.0,0.0,0.0,0.0,0.0,0.0,0.0,0.0,0.0,0.0,0.0,0.0,0.0,0.0
XRRA1,0.0,0.0,0.0,0.0,0.0,0.0,0.0,0.0,0.0,0.0,0.0,0.0,0.44090223,0.0,0.0,0.0,0.0,0.0,0.0,0.0,0.0,0.0,0.0,0.0,0.0,0.0,0.0,0.0,0.0,0.0,0.0,0.0,0.0,0.0,0.0,0.0,0.0,0.0,0.0,0.0,0.0,0.0
SPCS2,0.8087835,0.0,0.0,0.6899142,1.0682938,0.40020192,0.7148044,0.61754626,0.0,0.49282485,0.3526248,0.5221987,0.0,0.9664759,0.0,0.0,0.0,0.0,0.75358665,0.98228997,0.0,0.0,0.5589541,1.5305524,2.0918376,0.0,0.0,0.73158884,0.8332709,0.0,0.74616337,1.0193813,0.0,0.7990332,0.0,0.0,0.0,0.0,0.0,0.94203264,1.0362092,1.1797186
SLCO2B1,0.0,0.0,0.0,0.0,0.0,0.0,0.0,0.0,0.0,0.0,0.0,0.0,0.44090223,0.0,0.0,0.0,0.0,0.0,0.0,0.0,0.0,0.0,0.0,0.0,0.0,0.0,0.0,0.0,0.0,0.0,0.0,0.0,0.0,0.0,0.0,0.0,0.0,0.0,0.0,0.0,0.0,0.0
RPS3,3.6979878,2.9696083,2.7853127,3.1535895,3.2893791,3.4324958,3.628178,4.1480045,2.59348,3.531106,3.6514957,2.7487402,3.0052772,3.9461927,3.73435,3.5912983,3.2659202,2.8519828,3.8992515,3.3687482,3.733405,3.7430117,3.013223,2.3350067,3.2994275,3.4494114,3.6573462,3.892414,3.625256,1.9334992,4.1811624,3.7660198,4.113439,3.7390647,4.2435336,4.150532,4.1790676,3.9332974,3.7869895,3.8993733,4.0514274,3.5814424
UVRAG,0.58264226,0.0,0.0,0.0,0.0,0.40020192,0.5384762,0.0,0.0,0.527826,0.0,0.0,0.0,0.0,0.77814996,0.0,0.0,0.0,0.0,0.0,0.0,0.0,0.0,0.0,0.0,0.0,0.0,0.0,0.0,0.0,0.0,0.0,0.0,0.0,0.0,0.0,0.0,0.0,0.0,0.0,0.0,0.57605094
ACER3,0.0,0.0,0.0,0.0,0.0,0.54746395,0.38106546,0.0,0.0,0.0,0.0,0.0,0.0,0.0,0.0,0.0,0.0,0.0,0.0,0.0,0.0,0.0,0.0,0.0,0.0,0.0,0.0,0.0,0.0,0.0,0.0,0.0,0.0,0.0,0.0,0.0,0.0,0.0,0.0,0.0,0.0,0.0
PAK1,0.0,0.0,0.0,0.6213297,0.0,0.7064579,0.857405,0.16923325,0.0,0.0,0.0,0.0,0.5578004,0.0,0.0,0.0,0.0,0.0,0.0,0.0,0.0,0.0,0.509244,0.0,0.0,0.0,0.0,0.0,0.0,0.0,0.0,0.0,0.0,0.0,0.0,0.0,0.0,0.0,0.0,0.0,0.0,0.0
CLNS1A,0.0,0.0,0.0,0.3985452,0.0,0.66842306,0.6940484,1.0464623,0.0,0.21446666,0.0,0.0,0.0,0.0,0.0,0.0,0.0,0.0,0.0,0.0,0.0,0.0,0.0,0.0,0.24836549,0.0,0.0,0.83075315,0.0,0.0,0.0,0.0,0.0,0.0,0.0,0.0,0.0,0.0,0.0,0.0,0.0,0.533713
RSF1,0.6721774,0.0,0.0,0.0,0.65750945,0.2875488,0.47656822,0.28970885,0.0,0.4532262,0.0,0.0,0.0,0.0,0.8421502,0.0,0.0,0.0,0.0,0.0,0.0,0.0,0.0,0.19807847,0.24427398,0.0,0.0,0.3651955,0.0,0.0,0.0,0.0,0.0,0.0,0.0,0.0,0.0,0.0,0.0,0.0,0.0,0.5861207
NDUFC2,0.0,0.0,0.6936476,1.1962373,1.1480138,1.0529546,1.1411542,1.1619102,0.0,0.4195962,0.0,0.838519,0.0,0.0,0.0,0.4668676,0.7688414,0.0,0.0,0.8943583,0.0,0.0,0.67314076,0.5952306,1.2830427,0.0,0.0,1.2115161,0.0,0.0,0.0,0.0,0.0,0.0,0.0,0.0,0.0,0.0,0.0,0.0,0.0,1.0453467
PRCP,0.0,0.0,0.0,0.0,0.0,0.6838616,0.55155104,0.0,0.0,0.0,0.0,0.0,0.44090223,0.0,0.0,0.0,0.0,0.0,0.0,0.0,0.0,0.0,0.0,0.16441134,0.0,0.0,0.0,0.0,0.0,0.0,0.0,0.0,0.0,0.0,0.0,0.0,0.0,0.0,0.0,0.0,0.0,0.0
RAB30,0.0,0.0,0.0,0.0,0.0,0.0,0.0,0.0,0.0,0.0,0.0,0.0,0.0,0.0,0.0,0.0,0.0,0.0,0.0,0.0,0.0,0.0,0.0,0.31685278,0.14598884,0.0,0.0,0.0,0.0,0.0,0.0,0.0,0.0,0.0,0.0,0.0,0.0,0.0,0.0,0.0,0.0,0.0
ENSG00000246067,0.0,0.0,0.0,0.0,0.0,0.0,0.0,0.0,0.0,0.18083665,0.0,0.0,0.0,0.0,0.0,0.0,0.0,0.0,0.0,0.0,0.0,0.0,0.0,0.0,0.13803001,0.0,0.0,0.0,0.0,0.0,0.0,0.0,0.0,0.0,0.0,0.0,0.0,0.0,0.0,0.0,0.0,0.0
PCF11,0.0,0.0,0.0,0.0,0.0,0.0,0.44801056,0.0,0.0,0.0,0.0,0.0,0.0,0.0,0.0,0.0,0.0,0.0,0.0,0.0,0.0,0.0,0.0,0.0,0.12881172,0.0,0.0,0.17691806,0.0,0.0,0.0,0.0,0.0,0.0,0.0,0.0,0.0,0.0,0.0,0.0,0.0,0.5445609
CCDC90B,0.0,0.0,0.0,0.0,0.0,0.0,0.0,0.13137402,0.0,0.0,0.0,0.0,0.0,0.0,0.0,0.0,0.0,0.0,0.0,0.0,0.0,0.0,0.0,0.0,0.20240685,0.0,0.0,0.0,0.0,0.0,0.0,0.0,0.0,0.0,0.0,0.0,0.0,0.0,0.0,0.0,0.0,0.0
TMEM126B,0.0,0.0,0.0,0.0,0.0,0.0,0.0,0.1972709,0.0,0.18155362,0.0,0.0,0.0,0.0,0.0,0.0,0.0,0.0,0.0,0.0,0.0,0.0,0.0,0.0,0.17694849,0.0,0.0,0.0,0.0,0.0,0.0,0.0,0.0,0.0,0.0,0.0,0.0,0.0,0.0,0.0,0.0,0.0
TMEM126A,0.0,0.0,0.0,0.0,0.0,0.0,0.34136593,0.19369827,0.0,0.18083665,0.0,0.0,0.0,0.0,0.0,0.0,0.0,0.0,0.0,0.0,0.0,0.0,0.0,0.0,0.32550788,0.0,0.0,0.0,0.0,0.0,0.0,0.0,0.0,0.0,0.0,0.0,0.0,0.0,0.0,0.0,0.0,0.0
CREBZF,0.0,0.0,0.0,0.0,0.0,0.0,0.0,0.0,0.0,0.25902426,0.0,0.0,0.0,0.0,0.8421502,0.0,0.0,0.0,0.0,0.0,0.0,0.0,0.0,0.0,0.0,0.0,0.0,0.0,0.0,0.0,0.0,0.0,0.0,0.0,0.0,0.0,0.0,0.0,0.0,0.0,0.0,0.0
PICALM,0.0,0.0,0.828929,0.49110222,0.0,0.5034041,0.6489082,0.26071894,0.0,0.0,0.0,0.6449004,0.7458428,0.0,0.0,0.0,0.0,0.0,0.0,0.0,0.0,0.0,0.57445383,0.0,0.0,0.0,0.0,0.0,0.0,0.0,0.0,0.0,0.0,0.0,0.0,0.0,0.0,0.0,0.0,0.0,0.0,0.0
HIKESHI,0.0,0.0,0.0,0.0,0.0,0.34115425,0.3869165,0.6169367,0.0,0.18083665,0.0,0.0,0.0,0.0,0.0,0.0,0.0,0.0,0.0,0.0,0.0,0.0,0.0,0.0,0.36960799,0.0,0.0,0.0,0.0,0.0,0.0,0.0,0.0,0.0,0.0,0.0,0.0,0.0,0.0,0.0,0.0,0.0
CTSC,0.0,1.6155457,0.48097223,0.7148511,1.3634162,0.38905048,0.91747737,0.0,0.0,0.5521189,0.0,0.68302804,1.4048783,0.0,0.0,0.0,0.0,0.0,0.0,1.1892662,0.94794595,0.0,1.2195008,0.0,0.37458456,0.0,0.0,0.62676436,0.0,0.0,0.0,1.081445,0.0,0.0,0.0,0.0,0.0,0.0,0.95159036,0.0,0.0,1.4244907
CHORDC1,0.0,0.0,0.0,0.0,0.0,0.0,0.0,0.29081607,0.0,0.42031318,0.0,0.0,1.3272191,0.0,0.0,0.0,0.0,0.0,0.0,0.0,0.0,0.0,0.0,0.0,0.20105934,0.0,0.0,0.0,0.0,0.0,0.0,0.0,0.0,0.0,0.0,0.9401304,0.0,0.0,0.0,0.0,0.0,0.0
SLC36A4,0.0,0.0,0.0,0.0,0.0,0.0,0.0,0.0,0.0,0.0,0.0,0.68302804,0.0,0.0,0.0,0.0,0.0,0.0,0.0,0.0,0.0,0.0,0.0,0.0,0.0,0.0,0.0,0.0,0.0,0.0,0.0,0.0,0.0,0.0,0.0,0.0,0.0,0.0,0.0,0.0,0.0,0.0
SMCO4,0.0,0.0,0.0,0.0,0.0,0.6542072,0.27371624,0.0,0.0,0.0,0.0,0.4963503,0.0,0.0,0.0,0.0,0.0,0.0,0.0,0.0,0.0,0.0,0.54799455,0.0,0.0,0.0,0.0,0.0,0.0,0.0,0.0,0.0,0.0,0.0,0.0,0.0,0.0,0.0,0.0,0.0,0.0,0.0
TAF1D,0.99629664,0.0,0.0,0.0,0.7145308,0.51061237,0.62200767,0.5846889,0.0,0.7565536,1.1428969,0.0,0.0,0.9727762,1.4796834,0.0,0.74405795,0.0,1.1053919,0.0,0.9216965,1.3647137,0.5968739,0.29905057,0.6857026,1.2491412,1.0943637,0.98892534,1.0260687,0.0,0.9491572,1.0123572,0.9351158,1.0672905,0.9988358,1.0183704,0.9811419,0.95168793,1.0393877,0.9423192,0.980621,0.7597407
CWC15,0.0,0.0,0.0,0.0,0.0,0.34146005,0.42593443,0.49791437,0.0,0.18083665,0.0,0.0,0.0,0.0,0.0,0.0,0.0,0.0,0.0,0.0,0.0,0.0,0.0,0.0,0.4247468,0.0,0.0,0.2724928,0.0,0.0,0.0,0.0,0.0,0.0,0.0,0.0,0.0,0.0,0.0,0.0,0.0,0.45870602
SRSF8,0.0,0.0,0.0,0.0,0.0,0.37913528,0.0,0.22913328,0.0,0.21446666,0.0,0.0,0.0,0.0,0.0,0.0,0.0,0.0,0.0,0.0,0.0,0.0,0.0,0.0,0.0,0.0,0.0,0.0,0.0,0.0,0.0,0.0,0.0,0.0,0.0,0.0,0.0,0.0,0.0,0.0,0.0,0.0
ENDOD1,0.0,0.0,0.0,0.0,0.0,0.0,0.0,0.0,0.0,0.0,0.0,0.0,0.0,0.0,0.0,0.0,0.0,0.21737573,0.0,0.0,0.0,0.0,0.0,0.0,0.0,0.0,0.0,0.0,0.0,0.0,0.0,0.0,0.0,0.0,0.0,0.0,0.0,0.0,0.0,0.0,0.0,0.0
FAM76B,0.0,0.0,0.0,0.0,0.0,0.0,0.0,0.0,0.0,0.44057786,0.0,0.0,0.0,0.0,0.0,0.0,0.0,0.0,0.0,0.0,0.0,0.0,0.0,0.0,0.0,0.0,0.0,0.0,0.0,0.0,0.0,0.0,0.0,0.0,0.0,0.0,0.0,0.0,0.0,0.0,0.0,0.0
CEP57,0.0,0.0,0.0,0.0,0.80387807,0.0,0.3404857,0.47428232,0.0,0.49282485,0.0,0.0,0.0,0.0,1.1810663,0.0,0.0,0.0,0.0,0.0,0.0,0.0,0.0,0.0,0.24836549,0.0,0.0,0.35946637,0.0,0.0,0.0,0.0,0.0,0.0,0.0,0.0,0.0,0.0,0.0,0.0,0.0,0.0
MAML2,0.0,0.0,0.0,0.0,0.0,0.0,0.0,0.0,0.0,0.18083665,0.0,0.4963503,0.0,0.0,0.0,0.0,0.0,0.0,0.0,0.0,0.0,0.0,0.0,0.0,0.0,0.0,0.0,0.0,0.0,0.0,0.0,0.0,0.0,0.0,0.0,0.78676844,0.0,0.0,0.0,0.0,0.0,0.0
CCDC82,0.0,0.0,0.0,0.0,0.51458955,0.0,0.0,0.0,0.0,0.0,0.0,0.0,0.5578004,0.0,0.0,0.0,0.0,0.0,0.0,0.0,0.0,0.0,0.0,0.0,0.0,0.0,0.0,0.0,0.0,0.0,0.0,0.0,0.0,0.0,0.0,0.0,0.0,0.0,0.0,0.0,0.0,0.0
BIRC3,0.7109612,0.0,0.0,0.0,0.0,0.0,0.0,0.0,0.0,0.23380059,0.0,0.0,0.5578004,0.0,1.1810663,0.0,0.0,0.0,0.9763205,0.0,0.0,1.2384844,0.0,0.30739683,0.15349633,0.0,0.0,0.0,0.0,0.0,0.8755387,0.0,0.0,0.0,0.0,0.0,0.0,0.92251563,0.0,0.0,0.0,0.0
BIRC2,0.0,0.0,0.0,0.0,0.0,0.3431283,0.0,0.0,0.0,0.0,0.0,0.5950968,0.0,0.0,0.0,0.0,0.0,0.0,0.0,0.0,0.0,0.0,0.0,0.0,0.0,0.0,0.0,0.0,0.0,0.0,0.0,0.0,0.0,0.0,0.0,0.0,0.0,0.0,0.0,0.0,0.0,0.0
TMEM123,0.0,0.35249922,0.6089523,0.6700188,0.0,0.48598903,0.72522205,0.0,0.0,0.0,1.1892662,0.68302804,1.141807,0.0,0.0,0.0,0.0,0.0,0.0,0.0,0.0,0.0,0.7239382,0.11117859,0.20406052,0.972504,1.3541749,0.84644306,0.0721409,0.0,1.200345,0.0,1.0291054,0.0,1.1810272,1.0399919,1.2070382,1.0276052,0.0,0.86841303,0.0,0.6180197
DCUN1D5,0.0,0.0,0.0,0.0,0.0,0.0,0.0,0.6143844,0.0,0.0,0.0,0.0,0.0,0.0,0.0,0.0,0.0,0.0,0.0,0.0,0.0,0.0,0.0,0.0,0.28227392,0.0,0.0,0.0,0.0,0.0,0.0,0.0,0.0,0.0,0.0,0.0,0.0,0.0,0.0,0.0,0.0,0.0
CASP4,0.0,0.0,0.0,0.0,0.6300801,0.0,0.6118924,0.0,0.0,0.18155362,0.0,0.0,0.44090223,0.0,0.0,0.0,0.0,0.0,0.0,0.0,0.0,0.0,0.6384469,0.0,0.22396155,0.0,0.0,0.14558668,0.0,0.0,0.0,0.0,0.0,0.0,0.0,0.0,0.0,0.0,0.0,0.0,0.0,0.0
CASP1,0.0,0.0,0.6574612,0.49903172,0.0,0.0,0.98693776,0.0,0.0,0.18083665,0.0,0.0,0.0,0.0,0.0,0.0,0.0,0.0,0.0,0.0,0.0,0.0,0.94830984,0.0,0.0,0.0,0.0,0.0,0.0,0.0,0.0,0.0,0.0,0.0,0.0,0.0,0.0,0.0,0.0,0.0,0.0,0.0
CARD16,0.0,0.0,0.6940484,0.0,0.75157297,0.0,1.0121899,0.0,0.0,0.0,0.0,0.5950968,0.0,0.0,0.0,0.0,0.0,0.0,0.0,1.0544453,0.0,0.0,1.4698131,0.0,0.20615016,0.0,0.0,0.0,0.0,0.0,0.0,0.0,0.0,0.0,0.0,0.0,0.0,0.0,0.0,0.0,0.0,0.0
AASDHPPT,0.0,0.0,0.0,0.0,0.0,0.0,0.0,0.24205172,0.0,0.0,0.0,0.0,0.0,0.0,0.0,0.0,0.0,0.0,0.0,0.0,0.0,0.0,0.0,0.0,0.22705108,0.0,0.0,0.0,0.0,0.0,0.0,0.0,0.0,0.0,0.0,0.0,0.0,0.0,0.0,0.0,0.0,0.0
CUL5,0.0,0.0,0.0,0.0,0.0,0.0,0.35920435,0.12816697,0.0,0.21446666,0.0,0.0,0.0,0.0,0.0,0.0,0.0,0.0,0.0,0.0,0.0,0.0,0.0,0.0,0.0,0.0,0.0,0.0,0.0,0.0,0.0,0.0,0.0,0.0,0.0,0.0,0.0,0.0,0.0,0.0,0.0,0.0
ACAT1,0.0,0.0,0.0,0.0,0.0,0.0,0.0,0.54532164,0.0,0.0,0.0,0.0,0.0,0.0,0.0,0.0,0.0,0.0,0.0,0.0,0.0,0.0,0.0,0.0,0.36811495,0.0,0.0,0.0,0.0,0.0,0.0,0.0,0.0,0.0,0.0,0.0,0.0,0.0,0.0,0.0,0.0,0.0
NPAT,0.0,0.0,0.0,0.0,0.0,0.0,0.0,0.0,0.0,0.0,0.0,0.0,0.0,0.0,0.6868571,0.0,0.0,0.0,0.0,0.0,0.0,0.0,0.0,0.0,0.0,0.0,0.0,0.0,0.0,0.0,0.0,0.0,0.0,0.0,0.0,0.0,0.0,0.0,0.0,0.0,0.0,0.0
ATM,0.9282145,0.0,0.0,0.0,0.77121186,0.0,0.3259039,0.0,0.0,0.7058399,0.6301467,0.0,0.0,0.88646376,0.0,0.0,0.0,0.0,0.76537013,1.2697146,1.0814518,0.0,0.0,0.0,0.14103276,0.0,0.0,0.0,0.17714557,1.6065642,0.687348,1.0277205,0.9345522,1.1186048,0.93671685,1.0060493,1.17888,0.0,1.0629907,0.0,0.0,0.0
DDX10,0.0,0.0,0.0,0.0,0.0,0.0,0.0,0.0,0.0,0.18083665,0.0,0.0,0.0,0.0,0.0,0.0,0.0,0.0,0.0,0.0,0.0,0.0,0.0,0.0,0.0,0.0,0.0,0.0,0.0,0.0,0.0,0.0,0.0,0.0,0.0,0.0,0.0,0.0,0.0,0.0,0.0,0.0
RDX,0.0,0.0,0.0,0.0,0.0,0.0,0.0,0.13217042,0.0,0.0,0.0,0.0,0.0,0.0,0.0,0.0,0.0,0.0,0.0,0.0,0.0,0.0,0.0,0.0,0.24427398,0.0,0.0,0.0,0.0,0.0,0.0,0.0,0.0,0.0,0.0,0.0,0.0,0.0,0.0,0.0,0.0,0.0
FDX1,0.0,0.0,0.0,0.0,0.0,0.3556153,0.3520353,0.0,0.0,0.18155362,0.0,0.0,0.0,0.0,0.0,0.0,0.0,0.0,0.0,0.0,0.0,0.0,0.0,0.0,0.48046565,0.0,0.0,0.0,0.0,0.0,0.0,0.0,0.0,0.0,0.0,0.0,0.0,0.0,0.0,0.0,0.0,0.0
POU2AF1,0.58264226,0.0,0.0,0.0,0.0,0.0,0.0,0.0,0.0,0.18083665,0.0,0.0,0.0,0.0,0.77814996,0.0,0.0,0.0,0.9112737,0.0,0.0,0.0,0.0,1.1368229,1.2840593,1.1669571,0.0,0.0,0.0,0.0,0.0,0.0,0.0,0.0,0.0,0.0,0.0,0.0,0.0,0.0,0.0,0.0
CFAP68,0.0,0.0,0.0,0.0,0.0,0.0,0.0,0.16716605,0.0,0.0,0.0,0.0,0.0,0.0,0.0,0.0,0.0,0.0,0.0,0.0,0.0,0.0,0.0,0.0,0.0,0.0,0.0,0.0,0.0,0.0,0.0,0.0,0.0,0.0,0.0,0.0,0.0,0.0,0.0,0.0,0.0,0.0
DLAT,0.0,0.0,0.0,0.0,0.0,0.0,0.0,0.15755783,0.0,0.0,0.0,0.0,0.0,0.0,0.0,0.0,0.0,0.0,0.0,0.0,0.0,0.0,0.0,0.0,0.0,0.0,0.0,0.0,0.0,0.0,0.0,0.0,0.0,0.0,0.0,0.0,0.0,0.0,0.0,0.0,0.0,0.0
TIMM8B,0.0,0.0,0.0,0.58786225,0.0,0.41057968,0.47268915,1.0834413,0.0,0.36239028,0.0,0.4963503,0.0,0.0,0.0,0.0,0.0,0.0,0.0,0.0,0.0,0.0,0.50842476,0.0,0.8193549,0.0,0.0,0.55449903,0.0,0.0,0.0,0.0,0.0,0.0,0.0,0.0,0.0,0.0,0.0,0.0,0.0,0.4751783
SDHD,0.0,0.0,0.0,0.3715114,0.57301444,0.48598903,0.5467275,0.83657366,0.0,0.78208816,0.0,0.4963503,0.0,0.0,0.0,0.0,0.0,0.0,0.0,0.0,0.0,0.0,0.5473159,0.0,0.5264742,0.0,0.0,0.36713773,0.0,0.0,0.0,0.0,0.0,0.0,0.0,0.0,0.0,0.0,0.0,0.0,0.0,0.0
IL18,0.0,0.0,0.0,0.0,0.0,0.0,0.6605679,0.0,0.0,0.0,0.0,0.0,0.0,0.0,0.0,0.0,0.0,0.0,0.0,0.0,0.0,0.0,0.0,0.0,0.0,0.0,0.0,0.0,0.0,0.0,0.0,0.0,0.0,0.0,0.0,0.0,0.0,0.0,0.0,0.0,0.0,0.0
PTS,0.0,0.0,0.0,0.0,0.0,0.0,0.0,0.0,0.0,0.18083665,0.0,0.0,0.0,0.0,0.0,0.0,0.0,0.0,0.0,0.0,0.0,0.0,0.0,0.0,0.0,0.0,0.0,0.0,0.0,0.0,0.0,0.0,0.0,0.0,0.0,0.0,0.0,0.0,0.0,0.0,0.0,0.0
ZBTB16,0.0,0.0,0.0,0.0,0.67129576,0.0,0.0,0.0,0.0,0.0,0.72809076,0.0,0.0,0.97781837,0.0,0.0,0.0,0.0,0.0,1.0148177,0.0,0.0,0.0,0.0,0.0,0.0,0.0,0.0,0.0,0.0,0.0,0.0,0.0,0.0,0.0,0.0,0.0,0.0,0.0,0.0,0.0,0.0
REXO2,0.0,0.0,0.0,0.0,0.0,0.0,0.0,1.7965672,0.0,0.18155362,0.0,0.0,0.0,0.0,0.0,0.0,0.0,0.0,0.0,0.0,0.0,0.0,0.0,0.2323661,0.63233787,0.0,0.0,0.0,0.0,0.0,0.0,0.0,0.0,0.0,0.0,0.0,0.0,0.0,0.0,0.0,0.0,0.0
CADM1,0.0,0.0,0.0,0.0,0.0,1.2362267,0.0,0.0,0.0,0.0,0.0,0.0,0.0,0.0,0.0,0.0,0.0,0.0,0.0,0.0,0.0,0.0,0.0,0.0,0.0,0.0,0.0,0.0,0.0,0.0,0.0,0.0,0.0,0.0,0.0,0.0,0.0,0.0,0.0,0.0,0.0,0.0
ZPR1,0.0,0.0,0.0,0.0,0.0,0.0,0.0,0.308616,0.0,0.18083665,0.0,0.0,0.0,0.0,0.0,0.0,0.0,0.0,0.0,0.0,0.0,0.0,0.0,0.0,0.15884948,0.0,0.0,0.0,0.0,0.0,0.0,0.0,0.0,0.0,0.0,0.0,0.0,0.0,0.0,0.0,0.0,0.0
SIK3,0.0,0.0,0.0,0.0,0.0,0.0,0.0,0.0,0.0,0.0,0.0,0.4254868,0.0,0.0,0.0,0.0,0.0,0.0,0.0,0.0,0.0,0.0,0.0,0.0,0.0,0.0,0.0,0.0,0.0,0.0,0.0,0.0,0.0,0.0,0.0,0.0,0.0,0.0,0.0,0.0,0.0,0.0
PAFAH1B2,0.0,0.0,0.0,0.30632707,0.0,0.0,0.35920435,0.0,0.0,0.18155362,0.0,0.0,0.0,0.0,0.0,0.0,0.0,0.0,0.0,0.0,0.0,0.0,0.0,0.0,0.116415784,0.0,0.0,0.0,0.0,0.0,0.0,0.0,0.0,0.0,0.0,0.0,0.0,0.0,0.0,0.0,0.0,0.0
SIDT2,0.0,0.0,0.0,0.0,0.0,0.0,0.0,0.0,0.0,0.0,0.0,0.0,0.0,0.0,0.0,0.0,0.0,0.0,0.0,0.0,0.0,0.0,0.82193625,0.0,0.0,0.0,0.0,0.0,0.0,0.0,0.0,0.0,0.0,0.0,0.0,0.0,0.0,0.0,0.0,0.0,0.0,0.0
PCSK7,0.7233591,0.0,0.0,0.0,0.74415755,0.0,0.0,0.0,0.0,0.0,0.0,0.0,0.0,0.0,0.0,0.0,0.0,0.0,0.0,1.0183069,0.8982011,0.0,0.0,0.0,0.0,0.0,0.0,0.0,0.0,0.0,0.0,0.27501327,0.0,0.0,0.0,0.0,0.0,0.8255792,0.0,0.0,0.0,0.0
IL10RA,0.0,0.0,0.79591644,0.0,0.0,0.28305006,0.78173274,0.0,0.0,0.18083665,0.0,0.8840804,0.0,0.0,0.0,0.0,0.0,0.0,0.0,0.0,0.0,0.0,1.0557681,0.0,0.0,0.0,0.0,0.0,0.0,0.0,0.6856817,0.0,0.0,0.0,0.0,0.0,0.0,1.0591605,0.0,0.82320654,0.0,0.0
JAML,0.0,0.0,0.73766595,0.0,0.0,0.34549886,1.4434303,0.0,0.0,0.0,0.0,0.0,0.0,0.0,0.0,0.0,0.0,0.0,0.0,0.0,0.0,0.0,0.0,0.0,0.0,0.0,0.0,0.0,0.0,0.0,0.0,0.0,0.0,0.0,0.0,0.0,0.0,0.0,0.0,0.0,0.0,1.1939747
CD3E,0.0,0.0,0.0,0.0,0.0,0.0,0.0,0.0,0.0,0.0,0.0,0.0,0.0,2.1371489,0.0,0.0,0.0,0.0,0.0,0.0,0.0,0.0,0.0,0.0,0.0,0.0,0.0,0.0,0.65800595,0.0,1.8548651,2.1616447,1.902133,2.1543114,1.8441819,2.083602,1.9941812,1.9619808,2.146267,2.11386,2.179781,0.0
CD3D,0.0,0.0,0.0,0.0,0.0,0.0,0.0,0.0,0.0,0.0,0.0,0.0,0.0,1.6987807,0.0,0.0,0.0,0.0,0.0,0.0,0.0,0.0,0.0,0.0,0.0,0.0,0.0,0.0,0.0,0.0,1.6707071,2.0951076,1.6302382,1.8933356,1.6487556,1.5445943,1.7195922,1.885352,1.9440268,1.5098591,1.8110447,0.0
CD3G,0.0,0.0,0.0,0.0,0.0,0.0,0.0,0.0,0.0,0.0,0.0,0.0,0.0,1.0716257,0.0,0.0,0.0,0.0,0.0,0.0,0.0,0.0,0.0,0.0,0.0,0.0,0.0,0.0,0.0,0.0,1.2834092,1.7376916,1.3344707,1.273039,1.3061116,1.0124812,1.2608572,1.5123363,1.4692928,1.2034364,1.6781055,0.0
UBE4A,0.0,0.0,0.0,0.0,0.0,0.0,0.0,0.0,0.0,0.18155362,0.0,0.0,0.0,0.0,0.0,0.0,0.0,0.0,0.0,0.0,0.0,0.0,0.0,0.0,0.0,0.0,0.0,0.0,0.0,0.0,0.0,0.0,0.0,0.0,0.0,0.0,0.0,0.0,0.0,0.0,0.0,0.0
ATP5MG,1.6011695,1.6155457,1.8396403,2.0453835,2.0305889,2.019307,2.037251,1.7869191,2.0250633,2.1618676,1.6176482,1.665819,2.001111,1.7621745,1.3148127,1.9138491,1.7196009,1.7893629,1.5978069,1.7025323,1.7651284,1.3911136,1.8672965,1.235896,2.1075387,1.8728095,2.2155662,1.8171704,1.616644,0.0,1.8296161,1.7663836,1.5962887,1.7061211,1.7799413,1.6728134,1.8937109,1.7921762,1.7803922,1.7048299,1.6761012,1.9854798
KMT2A,0.0,0.0,0.0,0.0,0.77348566,0.0,0.43283626,0.0,0.0,0.0,0.6301467,0.0,0.0,0.0,1.1548164,0.0,0.0,0.0,0.0,0.0,0.0,0.0,0.0,0.2008122,0.4733816,0.0,0.0,0.53426754,0.0,0.0,0.7903165,0.0,0.93202466,0.9166353,0.83300525,0.0,0.0,0.8223473,0.66526246,0.83117205,0.0,0.40146264
ARCN1,0.0,0.0,0.0,0.0,0.0,0.28305006,0.32453808,0.0,0.0,0.18155362,0.0,0.0,0.0,0.0,0.0,0.0,0.0,0.0,0.0,0.0,0.0,0.0,0.0,0.14266728,0.36811495,0.0,0.0,0.0,0.0,0.0,0.0,0.0,0.0,0.0,0.0,0.0,0.0,0.0,0.0,0.0,0.0,0.0
DDX6,0.0,0.0,0.0,0.5534786,0.93174523,0.0,0.5908609,0.31567276,0.0,0.62309736,0.77548546,0.0,0.0,0.95335054,0.8421502,0.0,0.6866659,0.0,0.92937255,1.2113261,1.1751533,0.0,0.6153892,0.23647301,0.42140996,0.0,0.9045438,0.47243136,0.78829825,0.0,0.8466888,1.1074905,0.9395566,1.160128,0.9382764,0.82378125,0.9056835,0.982499,1.1113049,1.0163338,1.0412813,0.83763766
CXCR5,0.0,0.0,0.0,0.0,0.0,0.0,0.0,0.0,0.0,0.0,0.0,0.0,0.0,0.0,1.0902166,0.0,0.0,0.0,0.0,0.0,0.0,0.0,0.0,0.0,0.0,0.0,0.0,0.0,0.0,0.0,0.0,0.0,0.0,0.0,0.0,0.0,0.0,0.0,0.0,0.0,0.0,0.0
RPS25,3.3553796,2.3721323,2.4578595,2.6952095,2.60073,3.183257,3.0518289,3.4225163,2.7123237,2.952878,3.1511548,2.5569863,2.720617,3.3295925,3.4877565,3.1240873,2.971171,2.4134908,3.5237255,2.6800013,3.0197325,3.4395337,2.7799711,1.9153984,2.8002744,2.6443777,2.866975,3.298122,3.125041,0.0,3.7205722,2.9342985,3.5466547,2.9673944,3.899993,3.6567655,3.6678586,3.4018357,3.088921,3.3976371,3.511788,3.1499572
TRAPPC4,0.0,0.0,0.0,0.0,0.0,0.0,0.0,0.24480283,0.0,0.0,0.0,0.0,0.0,0.0,0.0,0.0,0.0,0.0,0.0,0.0,0.0,0.0,0.0,0.0,0.20380595,0.0,0.0,0.0,0.0,0.0,0.0,0.0,0.0,0.0,0.0,0.0,0.0,0.0,0.0,0.0,0.0,0.0
SLC37A4,0.0,0.0,0.0,0.0,0.0,0.0,0.0,0.14951381,0.0,0.0,0.0,0.0,0.0,0.0,0.0,0.0,0.0,0.0,0.0,0.0,0.0,0.0,0.0,0.0,0.0,0.0,0.0,0.0,0.0,0.0,0.0,0.0,0.0,0.0,0.0,0.0,0.0,0.0,0.0,0.0,0.0,0.0
HYOU1,0.0,0.0,0.0,0.0,0.0,0.0,0.0,0.0,0.0,0.0,0.0,0.0,0.0,0.0,0.0,0.0,0.0,0.0,0.0,0.0,0.0,0.0,0.0,0.32185125,0.5966694,0.0,0.0,0.0,0.0,0.0,0.0,0.0,0.0,0.0,0.0,0.0,0.0,0.0,0.0,0.0,0.0,0.58466613
HMBS,0.0,0.0,0.0,0.0,0.0,0.0,0.0,1.1730598,0.0,0.21446666,0.0,0.0,0.0,0.0,0.0,0.0,0.0,0.0,0.0,0.0,0.0,0.0,0.0,0.0,0.24290843,0.0,0.0,0.0,0.0,0.0,0.0,0.0,0.0,0.0,0.0,0.0,0.0,0.0,0.0,0.0,0.0,0.0
H2AX,0.0,0.0,0.0,0.0,1.4121733,0.0,0.0,0.76094735,0.0,0.25902426,0.0,0.0,0.0,0.0,0.0,0.0,0.0,0.0,0.0,0.0,0.0,0.0,0.0,0.0,0.5146412,0.0,0.0,0.0,0.0,0.0,0.0,0.0,0.0,0.0,0.0,0.0,0.0,0.0,0.0,0.0,0.0,0.0
DPAGT1,0.0,0.0,0.0,0.0,0.0,0.0,0.0,0.0,0.0,0.0,0.0,0.0,0.0,0.0,0.0,0.0,0.0,0.0,0.0,0.0,0.0,0.0,0.0,0.0,0.2500447,0.0,0.0,0.0,0.0,0.0,0.0,0.0,0.0,0.0,0.0,0.0,0.0,0.0,0.0,0.0,0.0,0.0
CBL,0.0,0.0,0.0,0.0,0.0,0.48126704,0.36097383,0.0,0.0,0.0,0.0,0.4963503,0.0,0.0,0.0,0.0,0.0,0.0,0.0,0.0,0.0,0.0,0.0,0.0,0.0,0.0,0.0,0.0,0.0,0.0,0.0,0.0,0.0,0.0,0.0,0.0,0.0,0.0,0.0,0.0,0.0,0.0
SC5D,0.0,0.0,0.0,0.0,0.0,0.0,0.0,0.0,0.0,0.0,0.0,0.0,0.0,0.0,0.77814996,0.0,0.0,0.0,0.0,0.0,0.0,0.0,0.0,0.0,0.0,0.0,0.0,0.0,0.0,0.0,0.0,0.0,0.0,0.0,0.0,0.0,0.0,0.0,0.0,0.0,0.0,0.0
SORL1,0.0,0.0,0.0,0.0,0.58055496,0.0,0.0,0.0,0.0,0.0,0.0,0.0,0.0,0.0,0.0,0.0,0.0,0.0,0.0,1.0465276,0.0,0.0,0.0,0.0,0.0,0.0,0.0,0.0,0.0,0.0,0.0,0.0,0.0,0.0,0.0,0.0,0.6511181,0.0,0.0,0.0,0.0,0.0
UBASH3B,0.0,0.0,0.0,0.0,0.0,0.0,0.0,0.0,0.0,0.21446666,0.0,0.0,0.0,0.0,0.0,0.0,0.0,0.0,0.0,0.0,0.0,0.0,0.0,0.0,0.0,0.0,0.0,0.0,0.0,0.0,0.0,0.0,0.0,0.0,0.0,0.0,0.0,0.0,0.0,0.0,0.0,0.0
HSPA8,1.7583878,0.6586133,0.708506,1.3316962,1.8207667,2.0211031,1.411137,2.7936985,1.8523505,2.160293,1.7317917,1.1278445,1.967121,2.1371489,1.2104161,1.7571168,0.7298175,1.6551616,1.7558131,1.5573802,1.5987772,1.3289317,1.5808911,1.4068928,1.6849921,2.4212763,2.263916,1.6921521,1.804985,0.0,1.939594,1.9019513,1.8304949,2.0152102,1.7010968,3.5583277,1.883616,2.1374035,1.9837002,2.4530056,2.2438881,1.2976904
TBRG1,0.53828317,0.0,0.0,0.0,0.0,0.0,0.0,0.12816697,0.0,0.18083665,0.0,0.0,0.5578004,0.0,0.0,0.0,0.0,0.0,0.0,0.0,0.0,0.0,0.0,0.0,0.14045735,0.0,0.0,0.0,0.0,0.0,0.0,0.0,0.0,0.0,0.0,0.0,0.0,0.0,0.0,0.0,0.0,0.0
NRGN,0.0,0.0,0.0,0.79086506,0.0,0.0,0.0,0.0,0.0,0.0,0.0,0.0,0.0,0.0,0.0,0.0,0.0,2.0094244,0.0,0.0,0.0,0.0,0.0,0.0,0.0,0.0,0.0,0.0,0.0,0.0,0.0,0.0,0.0,0.0,0.0,0.0,0.0,0.0,0.0,0.0,0.0,0.0
ESAM,0.0,0.0,0.0,0.0,0.0,0.0,0.0,0.0,0.0,0.0,0.0,0.0,0.0,0.0,0.0,0.0,0.0,0.8195286,0.0,0.0,0.0,0.0,0.0,0.0,0.0,0.0,0.0,0.0,0.0,0.0,0.0,0.0,0.0,0.0,0.0,0.0,0.0,0.0,0.0,0.0,0.0,0.0
EI24,0.0,0.0,0.0,0.0,0.0,0.0,0.0,0.48000717,0.0,0.0,0.0,0.0,0.0,0.0,0.0,0.0,0.0,0.0,0.0,0.0,0.0,0.0,0.0,0.0,0.27712843,0.0,0.0,0.0,0.0,0.0,0.0,0.0,0.0,0.0,0.0,0.0,0.0,0.0,0.0,0.0,0.0,0.0
STT3A,0.0,0.0,0.0,0.0,0.0,0.0,0.0,0.0,0.0,0.0,0.0,0.0,0.0,0.0,0.0,0.0,0.0,0.0,0.0,0.0,0.0,0.0,0.0,0.19436675,0.5445607,0.0,0.0,0.0,0.0,0.0,0.0,0.0,0.0,0.0,0.0,0.0,0.0,0.0,0.0,0.0,0.0,0.0
CHEK1,0.0,0.0,0.0,0.0,0.42604205,0.0,0.0,0.18431313,0.0,0.0,0.0,0.0,0.0,0.0,0.0,0.0,0.0,0.0,0.0,0.0,0.0,0.0,0.0,0.0,0.24767917,0.0,0.0,0.0,0.0,0.0,0.0,0.0,0.0,0.0,0.0,0.0,0.0,0.0,0.0,0.0,0.0,0.0
SRPRA,0.0,0.0,0.0,0.0,0.0,0.37967432,0.40476632,0.14738019,0.0,0.23380059,0.0,0.0,0.0,0.0,0.0,0.0,0.0,0.0,0.0,0.0,0.0,0.0,0.0,0.65767413,0.7472404,0.0,0.0,0.0,0.0,0.0,0.0,0.0,0.0,0.0,0.0,0.0,0.0,0.0,0.0,0.0,0.0,0.7264054
FOXRED1,0.0,0.0,0.0,0.0,0.0,0.0,0.0,0.0,0.0,0.0,0.0,0.0,0.0,0.0,0.0,0.0,0.0,0.0,0.0,0.0,0.0,0.0,0.0,0.0,0.17694849,0.0,0.0,0.0,0.0,0.0,0.0,0.0,0.0,0.0,0.0,0.0,0.0,0.0,0.0,0.0,0.0,0.0
DCPS,0.0,0.0,0.0,0.0,0.0,0.0,0.0,0.14053446,0.0,0.0,0.0,0.0,0.0,0.0,0.0,0.0,0.0,0.0,0.0,0.0,0.0,0.0,0.0,0.0,0.7368882,0.0,0.0,0.0,0.0,0.0,0.0,0.0,0.0,0.0,0.0,0.0,0.0,0.0,0.0,0.0,0.0,0.640251
ETS1,0.0,0.0,0.0,0.0,1.3436816,0.0,0.0,0.0,0.0,0.21446666,1.1428969,0.0,0.0,1.3377782,0.0,0.0,0.0,0.0,0.0,1.6727543,1.4660833,0.0,0.0,0.0,0.08575259,0.0,0.0,0.0,0.56609553,0.0,1.280212,1.5808618,1.2240579,1.6657321,1.0467076,1.1791255,1.3228385,1.5336453,1.5586382,1.4532697,0.8953636,0.0
FLI1,0.0,0.0,0.0,0.2293936,0.0,0.3431283,0.4506386,0.0,0.0,0.44826725,0.0,0.0,0.0,0.0,0.77814996,0.0,0.0,0.4704963,0.0,0.0,0.0,0.0,0.4441242,0.0,0.0,0.0,1.3518347,0.0,0.0,0.0,0.0,0.0,0.0,0.0,0.0,0.0,0.0,0.0,0.0,0.0,0.0,0.0
APLP2,0.0,1.6075206,1.9262631,1.7887456,0.40482455,0.28951037,0.95408607,0.46744537,0.0,0.18083665,0.0,1.6304033,0.5578004,0.0,0.0,0.95020664,0.0,0.0,0.0,0.0,0.0,0.0,1.2425063,0.0,0.16634938,0.0,0.0,1.0401356,0.0,0.0,0.0,0.0,0.0,0.0,0.0,0.0,0.0,0.0,0.0,0.0,0.0,0.0
ST14,0.0,0.0,0.0,0.0,0.0,0.3977822,0.0,0.0,0.0,0.0,0.0,0.0,0.0,0.0,0.0,0.0,0.0,0.0,0.0,0.0,0.0,0.0,0.0,0.0,0.0,0.0,0.0,0.0,0.0,0.0,0.0,0.0,0.0,0.0,0.0,0.0,0.0,0.0,0.0,0.0,0.0,0.0
NCAPD3,0.0,0.0,0.0,0.0,0.6289691,0.0,0.0,0.19267997,0.0,0.5471599,0.0,0.0,0.0,0.0,0.0,0.0,0.0,0.0,0.0,0.0,0.0,0.0,0.0,0.0,0.23792577,0.0,0.0,0.0,0.0,0.0,0.0,0.0,0.0,0.0,0.0,0.0,0.0,0.0,0.0,0.0,0.0,0.0
VPS26B,0.0,0.0,0.0,0.0,0.0,0.28412688,0.0,0.0,0.0,0.0,0.0,0.0,0.0,0.0,0.0,0.0,0.0,0.0,0.0,0.0,0.0,0.0,0.0,0.0,0.0,0.0,0.0,0.0,0.0,0.0,0.0,0.0,0.0,0.0,0.0,0.0,0.0,0.0,0.0,0.0,0.0,0.0
THYN1,0.0,0.0,0.0,0.0,0.0,0.0,0.30307323,0.37391385,0.0,0.0,0.0,0.0,0.0,0.0,0.0,0.0,0.0,0.0,0.0,0.0,0.0,0.0,0.0,0.0,0.14813367,0.0,0.0,0.0,0.0,0.0,0.0,0.0,0.0,0.0,0.0,0.0,0.0,0.0,0.0,0.0,0.0,0.0
KDM5A,0.0,0.0,0.0,0.4166878,0.7332811,0.3139043,0.5724241,0.0,0.0,0.23380059,0.0,0.3987304,0.0,0.0,0.0,0.0,0.0,0.0,0.0,0.0,0.0,0.0,0.0,0.0,0.18095525,0.0,0.0,0.4192871,0.0,0.0,0.0,0.0,0.0,0.0,0.0,0.0,0.0,0.0,0.0,0.0,0.0,0.8942088
WNK1,0.4650107,0.0,0.7768471,0.59996724,0.7216695,0.59812146,0.6605679,0.39436513,0.0,0.47256014,0.0,0.5367148,0.5578004,0.0,0.0,0.0,0.0,0.0,0.0,0.0,0.0,0.0,0.67049533,0.0,0.27334732,0.0,0.0,0.28827524,0.0,0.0,0.0,0.0,0.5529274,0.93553907,0.0,0.0,0.0,0.73025787,1.0048882,0.0,0.0,0.0
ERC1,0.0,0.0,0.0,0.0,0.0,0.0,0.0,0.0,0.0,0.18155362,0.0,0.0,0.0,0.0,0.0,0.0,0.0,0.0,0.0,0.0,0.0,0.0,0.0,0.0,0.12881172,0.0,0.0,0.0,0.0,0.0,0.0,0.0,0.0,0.0,0.0,0.0,0.0,0.0,0.0,0.0,0.0,0.0
ADIPOR2,0.0,0.0,0.0,0.0,0.0,0.0,0.0,0.15594275,0.0,0.0,0.0,0.0,0.0,0.0,0.0,0.0,0.0,0.0,0.0,0.0,0.0,0.0,0.0,0.0,0.0,0.0,0.0,0.0,0.0,0.0,0.0,0.0,0.0,0.0,0.0,0.0,0.0,0.0,0.0,0.0,0.0,0.0
FKBP4,0.0,0.0,0.0,0.0,0.0,0.0,0.0,1.3359843,0.0,0.0,0.0,0.0,0.0,0.0,0.0,0.0,0.0,0.0,0.0,0.0,0.0,0.0,0.0,0.0,0.23085202,0.0,0.0,0.3076067,0.0,0.0,0.0,0.0,0.0,0.0,0.0,0.0,0.0,0.0,0.0,0.0,0.0,0.0
FOXM1,0.0,0.0,0.0,0.0,0.0,0.0,0.0,0.1302975,0.0,0.0,0.0,0.0,0.0,0.0,0.0,0.0,0.0,0.0,0.0,0.0,0.0,0.0,0.0,0.0,0.20615016,0.0,0.0,0.0,0.0,0.0,0.0,0.0,0.0,0.0,0.0,0.0,0.0,0.0,0.0,0.0,0.0,0.0
RHNO1,0.0,0.0,0.0,0.0,0.0,0.0,0.0,0.0,0.0,0.3960203,0.0,0.0,0.0,0.0,0.0,0.0,0.0,0.0,0.0,0.0,0.0,0.0,0.0,0.0,0.0,0.0,0.0,0.0,0.0,0.0,0.0,0.0,0.0,0.0,0.0,0.0,0.0,0.0,0.0,0.0,0.0,0.0
CCND2,0.0,0.0,0.0,0.0,0.0,0.0,0.0,0.33012676,0.0,0.0,0.0,0.0,0.0,0.0,0.0,0.0,0.0,0.0,0.0,0.0,0.0,0.0,0.0,0.0,1.6123241,0.0,0.0,0.4908988,0.0,0.0,0.0,0.0,0.0,0.0,0.0,0.0,0.0,0.0,0.0,0.0,0.0,0.0
RAD51AP1,0.0,0.0,0.0,0.0,0.5153111,0.0,0.0,0.21364279,0.0,0.0,0.0,0.0,0.0,0.0,0.0,0.0,0.0,0.0,0.0,0.0,0.0,0.0,0.0,0.0,0.16684455,0.0,0.0,0.0,0.0,0.0,0.0,0.0,0.0,0.0,0.0,0.0,0.0,0.0,0.0,0.0,0.0,0.0
DYRK4,0.0,0.0,0.0,0.0,0.0,0.0,0.0,0.0,0.0,0.0,0.0,0.0,0.0,0.0,0.0,0.0,0.0,0.0,0.0,0.0,0.0,0.0,0.0,0.0,0.1146783,0.0,0.0,0.0,0.0,0.0,0.0,0.0,0.0,0.0,0.0,0.0,0.0,0.0,0.0,0.0,0.0,0.0
NDUFA9,0.0,0.0,0.0,0.0,0.3675161,0.329874,0.4004618,0.47447914,0.0,0.0,0.0,0.0,0.0,0.0,0.0,0.0,0.0,0.0,0.0,0.0,0.0,0.0,0.0,0.0,0.5182681,0.0,0.0,0.0,0.0,0.0,0.0,0.0,0.0,0.0,0.0,0.0,0.0,0.0,0.0,0.0,0.0,0.53615916
CD9,0.0,0.4366376,0.0,0.0,0.0,0.0,0.0,0.0,0.0,0.0,0.0,0.0,0.0,0.0,0.0,0.0,0.0,1.6121659,0.0,0.0,0.0,0.0,0.0,0.0,0.0,1.4999791,1.409537,0.0,0.0,0.0,0.0,0.0,0.0,0.0,0.0,0.0,0.0,0.0,0.0,0.0,0.0,0.0
TNFRSF1A,0.0,0.0,0.0,0.0,0.0,0.0,0.44683003,0.0,0.0,0.0,0.0,0.8423759,0.97920024,0.0,0.0,0.0,0.0,0.0,0.0,0.0,0.0,0.0,0.0,0.0,0.0,0.0,0.0,0.21726719,0.0,0.0,0.0,0.0,0.0,0.0,0.0,0.0,0.0,0.0,0.0,0.0,0.0,0.0
LTBR,0.0,0.0,0.0,0.0,0.0,0.3431283,0.3832682,0.0,0.0,0.0,0.0,0.5046885,0.5578004,0.0,0.0,0.0,0.0,0.0,0.0,0.0,0.0,0.0,0.0,0.0,0.0,0.0,0.0,0.0,0.0,0.0,0.0,0.0,0.0,0.0,0.0,0.0,0.0,0.0,0.0,0.0,0.0,0.0
CD27,0.0,0.0,0.0,0.0,0.0,0.0,0.0,0.0,0.0,0.0,0.0,0.0,0.0,0.0,0.0,0.0,0.0,0.0,0.0,0.0,0.0,0.0,0.0,1.0686833,1.0408072,0.0,0.0,0.0,0.0,0.0,0.0,0.0,0.8027541,0.0,0.8923759,0.84646285,0.8996258,1.1461073,0.0,0.0,0.0,0.0
TAPBPL,0.0,0.0,0.0,0.0,0.0,0.28305006,0.0,0.0,0.0,0.0,0.0,0.0,0.0,0.0,0.0,0.0,0.0,0.0,0.0,0.0,0.0,0.0,0.0,0.21425852,0.0,0.0,0.0,0.0,0.0,0.0,0.0,0.0,0.0,0.0,0.0,0.0,0.0,0.0,0.0,0.0,0.0,0.0
MRPL51,0.0,0.0,0.0,1.0298383,0.9949593,0.49875098,0.6865629,1.2851092,0.0,0.9333116,0.0,0.0,0.0,0.0,0.0,0.0,0.27135652,0.0,0.0,0.0,0.0,0.0,0.0,0.4345558,1.3110392,0.0,0.0,1.0149884,0.0,0.0,0.0,0.0,0.0,0.0,0.0,0.0,0.0,0.0,0.0,0.0,0.0,0.6912813
NCAPD2,0.0,0.0,0.0,0.24046008,0.57200557,0.0,0.0,0.1388323,0.0,0.25902426,0.0,0.0,0.0,0.0,0.0,0.0,0.0,0.0,0.0,0.0,0.0,0.0,0.0,0.0,0.2355887,0.0,0.0,0.0,0.0,0.0,0.0,0.0,0.0,0.0,0.0,0.0,0.0,0.0,0.0,0.0,0.0,0.0
GAPDH,2.0637805,2.8578978,3.238099,3.456532,3.275504,3.0984702,3.235798,3.5064213,3.1931257,3.3781273,2.1183105,3.2677622,2.3710601,2.2040088,1.6765134,3.0403416,2.51676,3.9828942,1.8983943,2.3920069,2.3256083,1.2635818,2.8276215,1.4574989,3.3462617,1.2258217,3.0505497,3.2486286,2.3750474,0.0,2.112453,2.1974912,1.9110774,2.2557497,1.7890217,1.8225738,1.5898882,2.3717644,2.1803377,2.2304363,2.2332947,1.9867887
NOP2,0.0,0.0,0.0,0.0,0.0,0.0,0.0,0.16716605,0.0,0.0,0.0,0.0,0.0,0.0,0.0,0.0,0.0,0.0,0.0,0.0,0.0,0.0,0.0,0.0,0.0,0.0,0.0,0.0,0.0,0.0,0.0,0.0,0.0,0.0,0.0,0.0,0.0,0.0,0.0,0.0,0.0,0.0
CHD4,0.65283537,0.0,0.7118057,0.83222526,0.8952805,0.4224942,0.5586959,0.50333077,0.0,0.4398609,0.72809076,0.0,0.0,0.0,0.0,0.0,0.6054124,0.0,0.0,0.0,0.0,0.0,0.0,0.0,0.5404828,0.0,0.0,0.80075425,0.0,0.0,0.0,0.0,0.0,0.0,0.0,0.0,0.0,0.0,0.0,0.0,0.0,0.6114893
ACRBP,0.0,0.0,0.0,0.0,0.0,0.0,0.0,0.0,0.0,0.0,0.0,0.0,0.0,0.0,0.0,0.0,0.0,0.138461,0.0,0.0,0.0,0.0,0.0,0.0,0.0,0.0,0.0,0.0,0.0,0.0,0.0,0.0,0.0,0.0,0.0,0.0,0.0,0.0,0.0,0.0,0.0,0.0
MLF2,0.0,0.0,0.0,0.46136886,0.60551584,0.59506035,0.68892413,0.6730699,0.0,0.4532262,0.0,0.838519,0.0,0.0,0.8421502,0.0,0.0,0.0,0.0,0.0,0.0,0.0,0.43484658,0.21146607,0.3875177,0.0,1.0024796,0.4908988,0.0,0.0,0.0,0.0,0.0,0.0,0.0,0.0,0.0,0.0,0.0,0.0,0.0,0.997316
PTMS,0.0,0.0,0.0,0.0,0.0,1.0569707,0.0,0.36691293,0.0,0.0,0.0,0.0,0.0,0.0,0.0,0.0,0.0,0.9068332,0.0,0.0,0.0,0.0,0.0,0.0,0.0,0.0,0.0,0.0,0.0,0.0,0.0,0.0,0.0,0.0,0.0,0.0,0.0,0.0,0.0,0.0,0.0,0.65915275
CD4,0.0,0.0,0.0,0.0,0.0,0.28951037,0.3988271,0.0,0.0,0.0,0.0,0.0,1.141807,0.0,0.0,0.0,0.0,0.0,0.0,0.0,0.0,0.0,0.76379037,0.0,0.0,0.0,0.0,0.0,0.0,0.0,0.0,0.0,0.0,0.0,0.0,0.0,0.0,0.0,0.0,0.0,0.0,0.89564335
CDCA3,0.0,0.0,0.0,0.0,0.0,0.0,0.0,0.15755783,0.0,0.0,0.0,0.0,0.0,0.0,0.0,0.0,0.0,0.0,0.0,0.0,0.0,0.0,0.0,0.0,0.0,0.0,0.0,0.0,0.0,0.0,0.0,0.0,0.0,0.0,0.0,0.0,0.0,0.0,0.0,0.0,0.0,0.0
USP5,0.0,0.0,0.0,0.0,0.0,0.0,0.0,0.21756232,0.0,0.0,0.0,0.0,0.0,0.0,0.0,0.0,0.0,0.0,0.0,0.0,0.0,0.0,0.0,0.0,0.13397753,0.0,0.0,0.0,0.0,0.0,0.0,0.0,0.0,0.0,0.0,0.0,0.0,0.0,0.0,0.0,0.0,0.0
TPI1,1.126152,1.5535964,1.5236036,1.957109,2.0025418,1.6345099,1.7889377,2.0712316,1.5184441,1.4972653,1.1428969,1.7714274,2.1045504,1.0277203,0.7355936,1.5399476,1.2675016,2.3557909,0.95359564,1.3490808,1.3587418,0.0,1.6856604,0.6384245,1.8456186,1.0976659,0.0,1.8781304,1.1553359,0.0,0.9782325,1.0939013,0.9259995,1.0947605,0.9007089,1.0134796,0.94529176,1.0392697,1.0112988,1.0190415,0.9434675,0.74376714
LRRC23,0.0,0.0,0.0,0.0,0.0,0.0,0.0,0.0,0.0,0.36239028,0.0,0.0,0.0,0.0,0.0,0.0,0.0,0.0,0.0,0.0,0.0,0.0,0.0,0.0,0.0,0.0,0.0,0.0,0.0,0.0,0.0,0.0,0.0,0.0,0.0,0.0,0.0,0.0,0.0,0.0,0.0,0.0
C12orf57,0.98554105,0.0,0.0,0.38874054,1.3493276,0.49875098,0.43932745,0.489312,0.0,0.49282485,1.2572453,0.0,0.0,1.4309536,0.0,0.69294727,1.3468043,1.035083,0.6975745,1.0636113,0.9537429,0.0,0.5891477,0.6952035,1.0599201,0.0,0.0,1.0002713,1.0478644,0.0,1.5205703,1.23666,1.5383663,1.2182436,1.7249413,1.7102556,1.55775,1.6027516,1.3064059,1.2565256,1.5134404,1.3654213
PTPN6,1.3925898,0.0,0.99262094,0.87710387,0.8463714,0.52941227,1.182738,0.0,0.0,0.8468152,0.0,1.0209692,0.44090223,0.0,1.2104161,0.0,0.14267562,0.29296994,1.0434803,0.0,0.0,0.9728786,1.4206342,0.11845069,0.33412886,1.0915906,0.0,0.33367974,0.3510092,0.0,0.0,0.0,0.0,0.0,0.0,0.0,0.0,0.0,0.0,0.0,0.0,0.54527617
PHB2,0.8464227,0.0,0.0,0.80949223,0.92192304,0.9360883,1.0038465,1.5676733,0.0,1.18947,0.0,0.6602513,0.7458428,0.0,0.9916867,0.0,0.24010344,0.0,0.88717806,0.0,0.0,0.0,0.66430265,0.24548532,0.9968957,0.99918044,1.1965461,1.1126194,0.7068117,0.0,0.8421502,0.0,0.0,0.0,0.81378907,0.7338278,0.7965511,0.8007203,0.0,0.0,0.0,1.0941062
EMG1,0.0,0.0,0.0,0.0,0.0,0.0,0.0,0.19524616,0.0,0.18083665,0.0,0.0,0.0,0.0,0.0,0.0,0.0,0.0,0.0,0.0,0.0,0.0,0.0,0.0,0.16684455,0.0,0.0,0.0,0.0,0.0,0.0,0.0,0.0,0.0,0.0,0.0,0.0,0.0,0.0,0.0,0.0,0.0
LPCAT3,0.0,0.0,0.0,0.0,0.0,0.0,0.0,0.6365051,0.0,0.0,0.0,0.0,0.0,0.0,0.0,0.0,0.0,0.0,0.0,0.0,0.0,0.0,0.0,0.0,0.0,0.0,0.0,0.0,0.0,0.0,0.0,0.0,0.0,0.0,0.0,0.0,0.0,0.0,0.0,0.0,0.0,0.0
CD163,0.0,1.6178101,0.84422404,0.0,0.0,0.0,0.0,0.0,0.0,0.0,0.0,2.298366,1.8781034,0.0,0.0,0.0,0.0,0.0,0.0,0.0,0.0,0.0,0.0,0.0,0.0,0.0,0.0,0.0,0.0,0.0,0.0,0.0,0.0,0.0,0.0,0.0,0.0,0.0,0.0,0.0,0.0,0.0
CLEC4C,0.0,0.0,0.0,0.0,0.0,0.0,0.0,0.0,0.0,0.0,0.0,0.0,0.0,0.0,0.0,0.0,0.0,0.0,0.0,0.0,0.0,0.0,0.0,0.0,0.0,0.0,0.0,0.0,0.0,0.0,0.0,0.0,0.0,0.0,0.0,0.0,0.0,0.0,0.0,0.0,0.0,0.69533616
SLC2A3,1.6001588,0.0,2.231542,1.3684194,0.83636546,0.3977822,1.1103941,0.0,0.0,0.18155362,0.0,1.4545013,1.6924675,1.5240247,1.6022239,0.77375126,0.0,0.58130336,1.0954888,1.0659769,0.0,1.0656025,0.0,0.0,0.0,0.0,0.0,0.0,1.2756515,1.7917595,1.6112003,1.036855,1.6253048,1.094893,1.4359385,1.7923532,1.3379855,1.4761573,1.2404019,1.5208031,1.2260957,0.0
C3AR1,0.0,0.0,0.0,0.0,0.0,0.0,0.0,0.0,0.0,0.0,0.0,0.91348,0.0,0.0,0.0,0.0,0.0,0.0,0.0,0.0,0.0,0.0,0.60880566,0.0,0.0,0.0,0.0,0.0,0.0,0.0,0.0,0.0,0.0,0.0,0.0,0.0,0.0,0.0,0.0,0.0,0.0,0.0
CLEC4A,0.0,0.0,0.0,0.0,0.0,0.0,0.50284827,0.0,0.0,0.0,0.0,0.0,0.0,0.0,0.0,0.0,0.0,0.0,0.0,0.0,0.0,0.0,0.0,0.0,0.0,0.0,0.0,0.0,0.0,0.0,0.0,0.0,0.0,0.0,0.0,0.0,0.0,0.0,0.0,0.0,0.0,0.0
CLEC4E,0.0,0.0,0.0,0.0,0.0,0.0,0.0,0.0,0.0,0.0,0.0,0.8840804,0.0,0.0,0.0,0.0,0.0,0.0,0.0,0.0,0.0,0.0,0.0,0.0,0.0,0.0,0.0,0.0,0.0,0.0,0.0,0.0,0.0,0.0,0.0,0.0,0.0,0.0,0.0,0.0,0.0,0.0
M6PR,0.510213,0.0,0.0,0.8153186,0.65536237,1.0452406,0.87684774,0.47447914,0.0,0.4977838,0.0,0.72981226,0.91374826,0.0,0.0,0.0,0.0,0.0,0.0,0.0,0.0,0.0,0.8308066,0.0,0.44637376,0.0,0.0,0.59533393,0.0,0.0,0.0,0.0,0.0,0.0,0.0,0.0,0.0,0.0,0.0,0.0,0.0,0.72390616
KLRG1,0.0,0.0,0.0,0.0,0.0,0.0,0.0,0.0,0.0,0.0,0.0,0.0,0.0,1.210995,0.0,0.0,0.0,0.0,0.0,0.0,0.0,0.0,0.0,0.0,0.0,0.0,0.0,0.0,0.0,0.0,0.0,1.22051,0.0,1.2483165,0.0,0.0,0.0,0.0,1.1166663,0.0,0.0,0.0
A2M,0.0,0.0,0.0,0.0,0.0,0.0,0.0,0.0,0.0,0.0,0.0,0.0,0.44090223,0.0,0.0,0.0,0.0,0.0,0.0,0.0,0.0,0.0,0.0,0.0,0.0,0.0,0.0,0.0,0.0,0.0,0.0,0.0,0.0,0.0,0.0,0.0,0.0,0.0,0.0,0.0,0.0,0.0
ENSG00000284634,0.0,0.0,0.0,0.0,0.26650664,0.0,0.0,0.0,0.0,0.0,0.0,0.0,0.0,0.0,0.0,0.0,0.0,0.0,0.0,0.0,0.0,0.0,0.0,0.0,0.0,0.0,0.0,0.0,0.0,0.0,0.0,0.0,0.0,0.0,0.0,0.0,0.0,0.0,0.0,0.0,0.0,0.0
KLRB1,0.0,0.0,0.0,0.0,1.0308819,0.0,0.0,0.0,0.0,0.0,2.3661933,0.0,0.0,2.9288485,0.0,0.0,0.0,0.0,0.0,1.9924926,1.9817684,0.0,0.0,0.0,0.0,0.0,0.0,0.0,0.0,0.0,0.0,0.0,0.0,0.0,0.0,0.0,0.0,0.0,0.0,1.818935,1.5134404,0.0
CLEC2D,0.65283537,0.0,0.0,0.0,0.0,0.0,0.0,0.0,0.0,0.18155362,0.0,0.0,0.0,0.0,0.0,0.0,0.0,0.0,0.0,0.0,0.0,0.0,0.0,0.0,0.1931466,0.0,0.0,0.0,0.0,0.0,0.7775138,1.1883135,0.8252188,1.0720685,0.73123527,0.88646495,0.91608083,0.91410637,1.1594514,0.9163508,0.99532795,0.0
ENSG00000184293,0.72478276,0.0,0.0,0.0,0.0,0.0,0.0,0.0,0.0,0.0,0.0,0.0,0.0,0.0,0.0,0.0,0.0,0.0,0.0,0.0,0.0,0.0,0.0,0.0,0.0,0.0,0.0,0.0,0.0,0.0,0.0,0.0,0.0,0.0,0.0,0.0,0.0,0.0,0.0,0.0,0.0,0.0
CD69,1.4352064,0.0,0.0,0.0,1.5616848,0.0,0.0,0.0,0.0,1.179497,2.0050864,0.0,0.0,2.9727163,1.8637866,0.98006606,1.3209,0.0,1.8686364,2.1021698,2.2724583,2.2259402,0.0,0.0,0.0,1.8157364,1.409537,0.0,1.5691118,2.0293825,2.5934799,1.8232758,2.8538642,2.5858607,2.3431315,2.2645278,2.1385236,2.2633367,2.5526686,2.7639012,2.4747243,0.0
KLRF1,0.0,0.0,0.0,0.0,1.2200766,0.0,0.0,0.0,0.0,0.0,0.0,0.0,0.0,0.0,0.0,0.0,0.0,0.0,0.0,1.6966395,1.5625262,0.0,0.0,0.0,0.0,0.0,0.0,0.0,0.0,0.0,0.0,0.0,0.0,0.0,0.0,0.0,0.0,0.0,0.0,0.0,0.0,0.0
CLEC2B,0.0,0.0,0.0,0.0,1.1739941,1.092648,0.7368693,0.0,0.0,0.0,0.48630244,0.5950968,0.44090223,1.1037048,0.0,0.0,0.0,0.0,0.0,1.2867196,1.0202041,0.0,0.8478621,0.0,0.0,0.0,0.0,0.0,0.0,0.0,0.84109867,1.2193325,0.9755477,1.2645841,0.9805689,1.0231701,0.0,0.93062675,1.3681959,1.0163338,1.4201515,0.07924435
CLEC1B,0.0,0.0,0.0,0.0,0.0,0.0,0.0,0.0,0.0,0.0,0.0,0.0,0.0,0.0,0.0,0.0,0.0,1.0973709,0.0,0.0,0.0,0.0,0.0,0.0,0.0,0.0,0.0,0.0,0.0,0.0,0.0,0.0,0.0,0.0,0.0,0.0,0.0,0.0,0.0,0.0,0.0,0.0
CLEC9A,0.0,0.0,0.0,0.0,0.0,1.7817168,0.0,0.0,0.0,0.0,0.0,0.0,0.0,0.0,0.0,0.0,0.0,0.0,0.0,0.0,0.0,0.0,0.0,0.0,0.0,0.0,0.0,0.0,0.0,0.0,0.0,0.0,0.0,0.0,0.0,0.0,0.0,0.0,0.0,0.0,0.0,0.0
CLEC7A,0.0,0.0,1.226805,0.0,0.0,1.3489751,0.3520353,0.0,0.0,0.0,0.0,1.0337517,0.7458428,0.0,0.0,0.0,0.0,0.0,0.0,0.0,0.0,0.0,1.2974925,0.0,0.0,0.0,0.0,0.0,0.0,0.0,0.0,0.0,0.0,0.0,0.0,0.0,0.0,0.0,0.0,0.0,0.0,0.0
GABARAPL1,0.0,0.0,0.0,0.0,0.0,0.0,0.48666447,0.0,0.0,0.0,0.5784484,0.8635058,0.0,0.0,0.0,0.0,0.0,0.0,0.0,0.0,0.0,0.0,0.6397345,0.0,0.0,0.0,0.0,0.0,0.0,0.0,0.0,0.0,0.0,1.0824136,0.0,0.0,0.0,0.0,0.0,0.0,1.1172193,0.0
KLRD1,0.0,0.0,0.0,0.0,1.8089113,0.0,0.0,0.0,0.0,0.0,0.0,0.0,0.0,0.0,0.0,0.0,0.0,0.0,0.0,2.460352,2.3903966,0.0,0.0,0.0,0.0,0.0,0.0,0.0,0.0,0.0,0.0,2.0906415,0.0,2.0318983,0.0,0.0,0.0,0.0,0.0,0.0,1.1338125,0.0
KLRK1,0.0,0.0,0.0,0.0,1.2557776,0.0,0.0,0.0,0.0,0.0,0.0,0.0,0.0,0.0,0.0,0.0,0.0,0.0,0.0,1.3223336,1.3753889,0.0,0.0,0.0,0.0,0.0,0.0,0.0,0.0,0.0,0.0,1.3045924,0.0,1.4105318,0.0,0.0,0.91996646,0.0,1.2173197,0.0,1.4201515,0.0
KLRC3,0.0,0.0,0.0,0.0,0.0,0.0,0.0,0.0,0.0,0.0,0.0,0.0,0.0,0.0,0.0,0.0,0.0,0.0,0.0,0.0,0.60776675,0.0,0.0,0.0,0.0,0.0,0.0,0.0,0.0,0.0,0.0,0.0,0.0,0.94039094,0.0,0.0,0.0,0.0,0.0,0.0,0.0,0.0
KLRC1,0.0,0.0,0.0,0.0,0.0,0.0,0.0,0.0,0.0,0.0,0.0,0.0,0.0,0.0,0.0,0.0,0.0,0.0,0.0,0.0,1.5307363,0.0,0.0,0.0,0.0,0.0,0.0,0.0,0.0,0.0,0.0,0.0,0.0,0.0,0.0,0.0,0.0,0.0,0.0,0.0,0.0,0.0
LINC02446,0.0,0.0,0.0,0.0,0.0,0.0,0.0,0.0,0.0,0.0,0.0,0.0,0.0,0.0,0.0,0.0,0.0,0.0,0.0,0.0,0.0,0.0,0.0,0.0,0.0,0.0,0.0,0.0,0.0,0.0,0.0,0.0,0.0,0.0,0.0,0.0,1.8049002,0.0,0.0,0.0,0.0,0.0
MAGOHB,0.0,0.0,0.0,0.0,0.0,0.0,0.0,0.29831356,0.0,0.0,0.0,0.0,0.0,0.0,0.0,0.0,0.0,0.0,0.0,0.0,0.0,0.0,0.0,0.0,0.29982746,0.0,0.0,0.0,0.0,0.0,0.0,0.0,0.0,0.0,0.0,0.0,0.0,0.0,0.0,0.0,0.0,0.0
YBX3,0.0,0.0,0.83396226,0.814384,0.0,0.99629664,0.98955816,1.3415754,0.0,0.0,0.0,1.4545013,0.5578004,0.0,0.0,0.0,0.0,0.0,0.0,0.0,0.0,1.9094431,0.92696756,0.0,0.0,3.0827641,2.7904239,1.3718339,0.0,0.0,0.0,0.0,0.0,0.0,0.0,0.0,0.86889493,0.0,0.0,0.0,0.0,0.0
SMIM10L1,0.0,0.0,0.0,0.0,0.0,0.0,0.0,0.24969327,0.0,0.23875955,0.0,0.0,0.0,0.0,0.0,0.0,0.0,0.0,0.0,0.0,0.0,0.0,0.0,0.0,0.15978293,0.0,0.0,0.0,0.0,0.0,0.0,0.0,0.0,0.0,0.0,0.0,0.0,0.0,0.0,0.0,0.0,0.0
ETV6,0.0,0.0,0.0,0.3514369,0.0,1.3584538,0.79777914,0.0,0.0,0.52892566,0.0,0.47305363,0.5578004,0.0,0.0,0.0,0.0,0.0,0.0,0.0,0.0,0.0,0.0,0.23674299,0.1802879,0.0,0.0,0.69551873,0.0,0.0,0.0,0.0,0.0,0.0,0.0,0.0,0.0,0.0,0.0,0.0,0.0,0.8855797
CREBL2,0.0,0.0,0.0,0.0,0.0,0.0,0.0,0.0,0.0,0.0,0.0,0.0,0.7458428,0.0,0.0,0.0,0.0,0.0,0.0,0.0,0.0,0.0,0.0,0.0,0.0,0.0,0.0,0.0,0.0,0.0,0.0,0.0,0.0,0.0,0.0,0.0,0.0,0.0,0.0,0.0,0.0,0.0
CDKN1B,0.7603161,0.0,0.0,0.0,0.0,0.54746395,0.37851083,0.0,0.0,0.21446666,0.0,0.0,0.44090223,1.0376194,0.7355936,0.0,0.0,0.0,0.0,0.0,0.0,0.0,0.0,0.27976593,0.1759403,0.0,0.0,0.0,0.0,0.0,0.8194968,0.0,0.9692088,0.0,0.0,0.9585339,0.7984955,0.9161707,0.0,1.063487,1.0412813,0.0
HEBP1,0.0,0.0,0.0,0.0,0.0,0.0,0.0,1.4820013,0.5369518,0.0,0.0,0.0,0.0,0.0,0.0,0.0,0.0,0.0,0.0,0.0,0.0,0.0,0.0,0.0,0.0,0.0,0.0,0.0,0.0,0.0,0.0,0.0,0.0,0.0,0.0,0.0,0.0,0.0,0.0,0.0,0.0,0.0
ATF7IP,0.7734053,0.0,0.0,0.0,0.69199955,0.0,0.0,0.0,0.0,0.4532262,0.5784484,0.0,0.0,0.0,0.0,0.0,0.0,0.0,0.74092066,0.0,0.0,0.0,0.0,0.0,0.12638117,0.0,0.0,0.0,0.0,0.0,0.0,0.0,0.0,0.0,0.0,0.0,0.0,0.0,0.0,0.0,1.0725102,0.0
PLBD1,0.0,0.0,1.8015835,0.7677297,0.0,0.0,0.55155104,0.0,0.0,0.0,0.0,0.64906085,0.0,0.0,0.0,0.0,0.0,0.0,0.0,0.0,0.0,0.0,0.0,0.0,0.0,0.0,0.0,0.0,0.0,0.0,0.0,0.0,0.0,0.0,0.0,0.0,0.0,0.0,0.0,0.0,0.0,0.0
H2AJ,0.0,0.0,0.9406976,1.3290545,0.33433673,0.52941227,0.49061,0.39356855,0.0,0.0,0.0,0.838519,0.97920024,0.0,0.0,0.0,0.0,0.4124028,0.0,0.0,0.0,0.0,0.57299733,0.0,0.39370456,0.0,0.0,0.39385116,0.0,0.0,0.0,0.0,0.0,0.0,0.0,0.0,0.0,0.0,0.0,0.0,0.0,0.0
WBP11,0.0,0.0,0.0,0.4118575,0.548974,0.3139043,0.40606603,0.72774744,0.0,0.31335935,0.0,0.47305363,0.5578004,0.0,0.0,0.0,0.0,0.0,0.0,0.0,0.0,0.0,0.0,0.0,0.37458456,0.0,0.0,0.27462792,0.0,0.0,0.0,0.0,0.0,0.0,0.0,0.0,0.0,0.0,0.0,0.0,0.0,0.0
ARHGDIB,2.0434315,1.6155457,2.014989,2.0602448,2.592533,1.9740739,2.0822465,0.58189833,2.1636252,2.1325994,2.0485642,1.8410815,1.661052,2.1791203,1.9296647,2.0305314,1.6137049,2.8043346,1.8522552,2.2993066,2.1880047,1.8003526,2.2400637,0.0,1.5005484,1.8602345,2.5707183,1.8810356,2.0733724,0.0,2.121859,2.2130237,2.009229,2.2683053,2.041728,1.8799801,2.1002803,2.4050164,2.208684,2.25531,2.1076543,1.5786823
STRAP,0.6126078,0.0,0.0,0.0,0.5833285,0.37967432,0.58231074,0.87536633,0.0,0.31335935,0.48630244,0.0,0.0,0.0,0.0,0.0,0.0,0.9379685,0.0,0.0,0.0,0.0,0.0,0.0,0.528515,0.0,0.0,0.48157987,0.0,0.0,0.0,0.0,0.0,0.0,0.0,0.8522043,0.0,0.0,0.0,0.0,0.0,0.54806626
DERA,0.0,0.0,0.0,0.0,0.0,0.0,0.0,0.0,0.0,0.0,0.0,0.0,0.0,0.0,0.0,0.0,0.0,0.0,0.0,0.0,0.0,0.0,0.0,0.0,0.08575259,0.0,0.0,0.0,0.0,0.0,0.0,0.0,0.0,0.0,0.0,0.0,0.0,0.0,0.0,0.0,0.0,0.0
MGST1,0.0,0.0,0.59690833,0.800011,0.0,0.0,0.0,0.0,0.0,0.0,0.0,0.0,0.0,0.0,0.0,0.0,0.0,0.0,0.0,0.0,0.0,0.0,0.0,0.0,0.0,0.0,0.0,0.8213203,0.0,0.0,0.0,0.0,0.0,0.0,0.0,0.0,0.0,0.0,0.0,0.0,0.0,0.0
RECQL,0.0,0.0,0.0,0.0,0.634944,0.0,0.0,0.0,0.0,0.0,0.0,0.0,0.0,0.0,0.0,0.0,0.0,0.0,0.0,0.0,0.0,0.0,0.0,0.0,0.2500447,0.0,0.0,0.0,0.0,0.0,0.0,0.0,0.0,0.0,0.0,0.0,0.0,0.0,0.0,0.0,0.0,0.0
GOLT1B,0.0,0.0,0.0,0.0,0.0,0.0,0.0,0.0,0.0,0.0,0.0,0.0,0.0,0.0,0.0,0.0,0.0,0.0,0.0,0.0,0.0,0.0,0.0,0.0,0.2865367,0.0,0.0,0.0,0.0,0.0,0.0,0.0,0.0,0.0,0.0,0.0,0.0,0.0,0.0,0.0,0.0,0.0
SPX,0.0,0.0,0.0,0.0,0.0,0.0,0.0,0.0,0.0,0.0,0.0,0.0,0.0,0.0,0.0,0.0,0.0,0.3780703,0.0,0.0,0.0,0.0,0.0,0.0,0.0,0.0,0.0,0.0,0.0,0.0,0.0,0.0,0.0,0.0,0.0,0.0,0.0,0.0,0.0,0.0,0.0,0.0
LDHB,1.0556045,0.0,0.0,1.2044593,1.3709313,1.1772618,1.2850146,2.2606397,0.0,1.495224,1.5073916,0.4254868,0.5578004,1.0682285,0.0,1.157054,1.7210093,2.2447295,0.9758567,0.0,0.9799447,0.0,0.0,0.4506179,1.680163,1.4069748,1.5437008,2.0671682,0.99124587,0.0,2.040834,1.0704907,1.8817266,1.0490522,2.1113887,2.118487,1.9819449,2.0498898,1.175308,1.4965389,1.1542213,1.5951136
CMAS,0.0,0.0,0.0,0.0,0.0,0.0,0.0,0.49158195,0.0,0.0,0.0,0.0,0.0,0.0,0.0,0.0,0.0,1.0643265,0.0,0.0,0.0,0.0,0.0,0.0,0.0,0.0,0.0,0.0,0.0,0.0,0.0,0.0,0.0,0.0,0.0,0.0,0.0,0.0,0.0,0.0,0.0,0.0
ETNK1,0.0,0.0,0.0,0.0,0.0,0.0,0.37619096,0.0,0.0,0.23380059,0.0,0.0,0.5578004,0.0,0.0,0.0,0.0,0.0,0.0,0.0,0.0,0.0,0.0,0.0,0.1759403,0.0,0.0,0.0,0.0,0.0,0.0,0.0,0.0,0.0,0.0,0.0,0.0,0.0,0.0,0.0,0.0,0.0
BCAT1,0.0,0.0,0.0,0.0,0.0,0.0,0.0,0.13972999,0.0,0.0,0.0,0.3987304,0.44090223,0.0,0.0,0.0,0.0,0.0,0.0,0.0,0.0,0.0,0.0,0.0,0.0,0.0,0.0,0.0,0.0,0.0,0.0,0.0,0.0,0.0,0.0,0.0,0.0,0.0,0.0,0.0,0.0,0.0
IRAG2,1.0444939,0.0,0.0,0.0,0.0,0.0,0.0,0.0,0.0,0.8686701,0.0,0.0,0.0,0.0,0.0,0.0,0.0,0.0,0.0,0.0,0.0,0.0,0.0,0.0,0.20875011,1.1237371,0.935398,0.0,0.0,0.0,0.0,0.0,0.0,0.0,0.0,0.0,0.0,0.0,0.0,0.0,0.0,0.0
KRAS,0.0,0.0,0.0,0.0,0.6022794,0.27226898,0.36171302,0.23102878,0.0,0.3960203,0.0,0.0,0.0,0.0,0.0,0.0,0.0,0.0,0.0,0.0,0.0,0.0,0.58199763,0.0,0.3097772,0.0,0.0,0.0,0.0,0.0,0.0,0.0,0.0,0.0,0.0,0.0,0.0,0.0,0.0,0.0,0.0,0.0
BHLHE41,0.0,0.0,0.0,0.0,0.0,0.0,0.0,0.0,0.0,0.0,0.0,0.0,0.0,0.0,0.0,0.0,0.0,0.0,0.0,0.0,0.0,0.0,0.0,0.21110761,0.30217808,0.0,0.0,0.0,0.0,0.0,0.0,0.0,0.0,0.0,0.0,0.0,0.0,0.0,0.0,0.0,0.0,0.0
ITPR2,0.0,0.0,0.0,0.0,0.0,0.0,0.0,0.0,0.0,0.18155362,0.0,0.0,0.0,0.0,0.0,0.0,0.0,0.0,0.0,0.0,0.0,0.0,0.0,0.0,0.0,0.0,0.0,0.0,0.0,0.0,0.0,0.0,0.0,0.0,0.0,0.0,0.0,0.0,0.0,0.0,0.0,0.6206742
INTS13,0.0,0.0,0.0,0.0,0.0,0.0,0.0,0.0,0.0,0.0,0.0,0.0,0.0,0.0,0.0,0.0,0.0,0.0,0.0,0.0,0.0,0.0,0.0,0.0,0.15978293,0.0,0.0,0.0,0.0,0.0,0.0,0.0,0.0,0.0,0.0,0.0,0.0,0.0,0.0,0.0,0.0,0.0
FGFR1OP2,0.0,0.0,0.0,0.0,0.5444732,0.0,0.32453808,0.45258856,0.0,0.4153542,0.0,0.4254868,0.0,0.0,0.0,0.0,0.0,0.6862022,0.0,0.0,0.0,0.0,0.0,0.29905057,0.44615608,0.0,0.0,0.2617622,0.0,0.0,0.0,0.0,0.0,0.0,0.0,0.0,0.0,0.0,0.0,0.0,0.0,0.0
TM7SF3,0.0,0.0,0.0,0.0,0.0,0.0,0.0,0.4650988,0.0,0.0,0.0,0.0,0.0,0.0,0.0,0.0,0.0,0.0,0.0,0.0,0.0,0.0,0.0,0.0,0.14972688,0.0,0.0,0.6867443,0.0,0.0,0.0,0.0,0.0,0.0,0.0,0.0,0.0,0.0,0.0,0.0,0.0,0.0
MED21,0.0,0.0,0.0,0.0,0.0,0.0,0.0,0.0,0.0,0.18083665,0.0,0.0,0.0,0.0,0.0,0.0,0.0,0.0,0.0,0.0,0.0,0.0,0.0,0.0,0.0,0.0,0.0,0.0,0.0,0.0,0.0,0.0,0.0,0.0,0.0,0.0,0.0,0.0,0.0,0.0,0.0,0.0
STK38L,0.0,0.0,0.0,0.0,0.0,0.0,0.30505306,0.0,0.0,0.0,0.0,0.0,0.0,0.0,0.0,0.0,0.0,0.0,0.0,0.0,0.0,0.0,0.0,0.0,0.0,0.0,0.0,0.0,0.0,0.0,0.0,0.0,0.0,0.0,0.0,0.0,0.0,0.0,0.0,0.0,0.0,0.0
MRPS35,0.0,0.0,0.0,0.0,0.0,0.0,0.3384496,0.5212798,0.0,0.44057786,0.0,0.0,0.0,0.0,0.0,0.0,0.0,0.0,0.0,0.0,0.0,0.0,0.51434493,0.0,0.27335483,0.0,0.0,0.24787673,0.0,0.0,0.0,0.0,0.0,0.0,0.0,0.0,0.0,0.0,0.0,0.0,0.0,0.0
CCDC91,0.0,0.0,0.0,0.0,0.0,0.0,0.0,0.0,0.0,0.0,0.0,0.0,0.0,0.0,0.9916867,0.0,0.0,0.0,0.0,0.0,0.0,0.0,0.0,0.0,0.0,0.0,0.0,0.0,0.0,0.0,0.0,0.0,0.0,0.0,0.0,0.0,0.0,0.0,0.0,0.0,0.0,0.0
ERGIC2,0.0,0.0,0.0,0.0,0.0,0.0,0.0,0.12337117,0.0,0.0,0.0,0.0,0.0,0.0,0.0,0.0,0.0,0.0,0.0,0.0,0.0,0.0,0.0,0.37932935,0.5113328,0.0,0.0,0.0,0.0,0.0,0.0,0.0,0.0,0.0,0.0,0.0,0.0,0.0,0.0,0.0,0.0,0.45290697
CAPRIN2,0.0,0.0,0.0,0.0,0.0,0.0,0.0,0.15275395,0.0,0.0,0.0,0.0,0.0,0.0,0.0,0.0,0.0,0.0,0.0,0.0,0.0,0.0,0.0,0.0,0.0,0.0,0.0,0.0,0.0,0.0,0.0,0.0,0.0,0.0,0.0,0.0,0.0,0.0,0.0,0.0,0.0,0.0
DDX11,0.0,0.0,0.0,0.0,0.0,0.0,0.0,0.0,0.0,0.18155362,0.0,0.0,0.0,0.0,0.0,0.0,0.0,0.0,0.0,0.0,0.0,0.0,0.0,0.0,0.16632998,0.0,0.0,0.0,0.0,0.0,0.0,0.0,0.0,0.0,0.0,0.0,0.0,0.0,0.0,0.0,0.0,0.0
SINHCAF,0.0,0.0,0.0,0.0,0.0,0.37093928,0.38839248,0.19237879,0.0,0.0,0.0,0.0,0.0,0.0,0.6868571,0.0,0.0,0.0,0.0,0.0,0.0,0.0,0.0,0.0,0.1720261,0.0,0.0,0.29249918,0.0,0.0,0.0,0.0,0.0,0.0,0.0,0.0,0.0,0.0,0.0,0.0,0.0,0.99518466
DENND5B,0.0,0.0,0.0,0.0,0.0,0.0,0.0,0.0,0.0,0.0,0.0,0.0,0.0,0.0,0.0,0.0,0.0,0.0,0.0,0.0,0.0,0.0,0.0,0.0,0.23462802,0.0,0.0,0.0,0.0,0.0,0.0,0.0,0.0,0.0,0.0,0.0,0.0,0.0,0.0,0.0,0.0,0.0
RESF1,1.1543701,0.0,0.0,0.0,0.6690129,0.0,0.42777815,0.18177983,0.0,0.25902426,0.48630244,0.0,0.44090223,1.0501379,0.77814996,0.0,0.0,0.0,1.0904322,0.0,0.0,0.0,0.0,0.0,0.16462293,0.0,0.0,0.0,0.0721409,0.0,0.9926477,1.2195845,1.5022135,1.1063386,0.96250767,1.1555246,1.0464078,1.18452,1.3281156,1.3958956,1.3714793,0.0
FGD4,0.0,0.0,0.0,0.0,0.0,0.0,0.3832682,0.0,0.0,0.0,0.0,0.0,0.0,0.0,0.0,0.0,0.0,0.0,0.0,0.0,0.0,0.0,0.43780965,0.0,0.0,0.0,0.0,0.0,0.0,0.0,0.0,0.0,0.0,0.0,0.0,0.0,0.0,0.0,0.0,0.0,0.0,0.0
DNM1L,0.0,0.0,0.0,0.39745682,0.0,0.34549886,0.42818734,0.25071904,0.0,0.44826725,0.0,0.0,0.44090223,0.0,0.6868571,0.0,0.0,0.3349598,0.0,0.0,0.0,0.0,0.0,0.0,0.27335483,0.0,0.0,0.32084644,0.0,0.0,0.0,0.0,0.0,0.0,0.0,0.0,0.0,0.0,0.0,0.0,0.0,0.0
CPNE8,0.0,0.0,0.0,0.0,0.0,0.0,0.0,0.0,0.0,0.0,0.0,0.0,0.44090223,0.0,0.0,0.0,0.0,0.0,0.0,0.0,0.0,0.0,0.0,0.0,0.0,0.0,0.0,0.0,0.0,0.0,0.0,0.0,0.0,0.0,0.0,0.0,0.0,0.0,0.0,0.0,0.0,0.0
LRRK2,0.0,0.0,0.64224255,0.0,0.0,0.37093928,0.0,0.0,0.0,0.0,0.0,0.0,0.0,0.0,0.0,0.0,0.0,0.0,0.0,0.0,0.0,0.0,0.5194385,0.0,0.0,0.0,0.0,0.0,0.0,0.0,0.0,0.0,0.0,0.0,0.0,0.0,0.0,0.0,0.0,0.0,0.0,0.0
YAF2,0.0,0.0,0.0,0.0,0.0,0.0,0.0,0.0,0.0,0.18155362,0.0,0.0,0.0,0.0,0.0,0.0,0.0,0.0,0.0,0.0,0.0,0.0,0.0,0.0,0.16245984,0.0,0.0,0.0,0.0,0.0,0.0,0.0,0.0,0.0,0.0,0.0,0.0,0.0,0.0,0.0,0.0,0.0
PPHLN1,0.0,0.0,0.0,0.0,0.6097182,0.34146005,0.49061,0.45258856,0.0,0.18083665,0.0,0.0,0.5578004,0.0,0.0,0.0,0.0,0.0,0.0,0.0,0.0,0.0,0.0,0.0,0.40787116,0.0,0.0,0.5287342,0.0,0.0,0.0,0.0,0.0,0.0,0.0,0.0,0.0,0.0,0.0,0.0,0.0,0.66776466
ZCRB1,0.0,0.0,0.0,0.0,0.4866621,0.329874,0.42475292,0.16923325,0.0,0.4153542,0.0,0.0,0.0,0.0,0.0,0.0,0.0,0.0,0.0,0.0,0.0,0.0,0.0,0.0,0.43977243,0.0,0.0,0.4490262,0.0,0.0,0.0,0.0,0.0,0.0,0.0,0.0,0.0,0.0,0.0,0.0,0.0,0.44153106
PUS7L,0.0,0.0,0.0,0.0,0.0,0.0,0.0,0.0,0.0,0.0,0.0,0.0,0.0,0.0,0.0,0.0,0.0,0.0,0.0,0.0,0.0,0.0,0.0,0.0,0.16683619,0.0,0.0,0.0,0.0,0.0,0.0,0.0,0.0,0.0,0.0,0.0,0.0,0.0,0.0,0.0,0.0,0.0
IRAK4,0.0,0.0,0.0,0.0,0.0,0.0,0.0,0.0,0.0,0.21446666,0.0,0.0,0.0,0.0,0.0,0.0,0.0,0.0,0.0,0.0,0.0,0.0,0.0,0.0,0.0,0.0,0.0,0.0,0.0,0.0,0.0,0.0,0.0,0.0,0.0,0.0,0.0,0.0,0.0,0.0,0.0,0.0
TWF1,0.0,0.0,0.0,0.0,0.0,0.0,0.0,0.0,0.0,0.18155362,0.0,0.0,0.0,0.0,0.0,0.0,0.0,0.0,0.0,0.0,0.0,0.0,0.0,0.0,0.0,0.0,0.0,0.0,0.0,0.0,0.0,0.0,0.0,0.0,0.0,0.0,0.0,0.0,0.0,0.0,0.0,0.0
NELL2,0.0,0.0,0.0,0.0,0.0,0.0,0.0,0.0,0.0,0.0,0.0,0.0,0.0,0.0,0.0,0.0,0.0,0.0,0.0,0.0,0.0,0.0,0.0,0.0,0.0,0.0,0.0,0.0,0.0,0.0,0.0,0.0,0.0,0.0,0.0,0.0,0.8145584,0.0,0.0,0.0,0.0,0.0
ANO6,0.0,0.0,0.0,0.0,0.0,0.0,0.0,0.0,0.0,0.0,0.0,0.0,0.0,0.0,0.0,0.0,0.0,0.09178673,0.0,0.0,0.0,0.0,0.0,0.0,0.0,0.0,0.0,0.0,0.0,0.0,0.0,0.0,0.0,0.0,0.0,0.0,0.0,0.0,0.0,0.0,0.0,0.0
SCAF11,0.9556099,0.0,1.0045865,1.1193871,1.0546281,0.65910083,1.1309147,0.61830163,0.0,1.2735307,0.94255817,0.64906085,0.7257168,0.8111386,0.9916867,0.0,0.88357586,0.0,0.9981328,1.0400379,0.91009593,0.0,0.8252317,0.0,0.40787116,1.0506581,0.0,0.97616595,0.7785859,0.0,0.8006527,1.0829284,0.83610415,1.0689187,0.8261566,0.7726306,0.76853484,0.8178672,1.0168967,0.8684933,0.74956125,1.2818844
SLC38A1,1.03034,0.0,0.0,0.0,0.75765806,0.0,0.41995525,0.0,0.0,0.6028327,0.6301467,0.0,0.0,1.0497756,0.0,0.0,0.0,0.0,0.0,1.0285864,1.0912671,1.0559711,0.0,0.0,0.4261218,0.0,0.99275464,0.0,0.0,0.0,0.83915305,1.0180244,0.87840754,1.1615632,0.0,0.0,0.88755536,0.89923656,1.1165282,1.0148737,0.0,0.7764034
SLC38A2,0.0,0.0,0.8553014,1.0147247,1.1584387,0.40020192,0.8060506,0.20543616,0.0,0.7637583,0.9899831,0.4963503,0.5578004,0.93342704,0.0,0.0,0.7888776,0.0,0.0,1.204253,0.92573225,0.0,0.0,0.55936944,0.6790195,1.1023977,1.2286537,0.87008893,0.67333317,0.0,0.0,0.0,0.71477777,0.0,0.0,0.0,0.0,0.0,0.9584751,0.8469932,1.0412813,0.79592955
PCED1B-AS1,0.78906876,0.0,0.0,0.0,1.1879988,0.0,0.0,0.0,0.0,0.0,0.0,0.0,0.0,1.1336697,0.0,0.0,0.0,0.0,0.0,1.5335028,1.2500031,0.0,0.0,0.17901288,0.31243104,0.0,0.0,0.0,0.9162557,0.0,1.5393722,1.5132331,1.2911952,1.1296844,1.8324765,1.5007224,1.5691915,1.6330498,1.4088359,1.1873627,0.99532795,0.8951284
RPAP3,0.0,0.0,0.0,0.0,0.0,0.0,0.0,0.13137402,0.0,0.18083665,0.0,0.0,0.0,0.0,0.0,0.0,0.0,0.0,0.0,0.0,0.0,0.0,0.0,0.0,0.16462293,0.0,0.0,0.0,0.0,0.0,0.0,0.0,0.0,0.0,0.0,0.0,0.0,0.0,0.0,0.0,0.0,0.0
SLC48A1,0.0,0.0,0.0,0.0,0.0,0.0,0.0,0.3536518,0.0,0.0,0.0,0.0,0.0,0.0,0.0,0.0,0.0,0.0,0.0,0.0,0.0,0.0,0.0,0.0,0.0,0.0,0.0,0.0,0.0,0.0,0.0,0.0,0.0,0.0,0.0,0.0,0.0,0.0,0.0,0.0,0.0,0.0
HDAC7,0.0,0.0,0.0,0.0,0.0,0.0,0.0,0.5403691,0.0,0.0,0.0,0.0,0.0,0.0,0.0,0.0,0.0,0.0,0.0,0.0,0.0,0.0,0.0,0.0,0.24997354,0.0,0.0,0.0,0.0,0.0,0.0,0.0,0.0,0.0,0.0,0.0,0.0,0.0,0.0,0.0,0.0,0.0
VDR,0.0,0.0,0.0,0.0,0.0,0.37521976,0.0,0.0,0.0,0.0,0.0,0.0,0.0,0.0,0.0,0.0,0.0,0.0,0.0,0.0,0.0,0.0,0.0,0.0,0.0,0.0,0.0,0.0,0.0,0.0,0.0,0.0,0.0,0.0,0.0,0.0,0.0,0.0,0.0,0.0,0.0,0.0
TMEM106C,0.0,0.0,0.0,0.0,0.91578853,0.0,0.0,0.26853213,0.0,0.0,0.0,0.0,0.0,0.0,0.0,0.0,0.0,0.1541282,0.0,0.0,0.0,0.0,0.0,0.0,0.7011676,0.0,0.0,0.0,0.0,0.0,0.0,0.0,0.0,0.0,0.0,0.0,0.0,0.0,0.0,0.0,0.0,0.0
ASB8,0.0,0.0,0.0,0.0,0.0,0.0,0.0,0.0,0.0,0.0,0.0,0.0,0.0,0.0,0.0,0.0,0.0,0.0,0.0,0.0,0.0,0.0,0.0,0.0,0.116415784,0.0,0.0,0.0,0.0,0.0,0.0,0.0,0.0,0.0,0.0,0.0,0.0,0.0,0.0,0.0,0.0,0.0
KANSL2,0.0,0.0,0.0,0.0,0.0,0.0,0.0,0.0,0.0,0.21446666,0.0,0.0,0.0,0.0,0.0,0.0,0.0,0.0,0.0,0.0,0.0,0.0,0.0,0.0,0.0,0.0,0.0,0.0,0.0,0.0,0.0,0.0,0.0,0.0,0.0,0.0,0.0,0.0,0.0,0.0,0.0,0.0
DDX23,0.0,0.0,0.0,0.0,0.0,0.0,0.0,0.19369827,0.0,0.23875955,0.0,0.0,0.0,0.0,0.0,0.0,0.0,0.0,0.0,0.0,0.0,0.0,0.0,0.0,0.1720261,0.0,0.0,0.0,0.0,0.0,0.0,0.0,0.0,0.0,0.0,0.0,0.0,0.0,0.0,0.0,0.0,0.0
FKBP11,0.0,0.0,0.0,0.0,0.5258243,0.0,0.0,0.0,0.0,0.0,0.0,0.0,0.0,1.0262245,0.0,0.0,0.0,0.0,0.0,0.85623807,0.0,0.0,0.0,2.2440767,1.9716892,0.0,0.0,0.0,0.0,0.0,0.7541227,0.0,0.0,0.0,0.0,0.0,0.0,0.0,0.0,0.94867206,0.0,0.0
ARF3,0.0,0.0,0.0,0.0,0.0,0.5034041,0.6524383,0.0,0.0,0.3960203,0.0,0.5367148,0.5578004,0.0,0.0,0.0,0.0,0.8100444,0.0,0.0,0.0,0.0,0.0,0.0,0.2865367,0.0,0.0,0.26836175,0.0,0.0,0.0,0.0,0.0,0.0,0.0,0.0,0.0,0.0,0.0,0.0,0.0,0.39217958
PRKAG1,0.0,0.0,0.0,0.0,0.0,0.0,0.0,0.16127299,0.0,0.0,0.0,0.0,0.0,0.0,0.0,0.0,0.0,0.0,0.0,0.0,0.0,0.0,0.0,0.0,0.13397753,0.0,0.0,0.0,0.0,0.0,0.0,0.0,0.0,0.0,0.0,0.0,0.0,0.0,0.0,0.0,0.0,0.0
RHEBL1,0.0,0.0,0.0,0.0,0.0,0.0,0.0,0.0,0.0,0.18083665,0.0,0.0,0.0,0.0,0.0,0.0,0.0,0.0,0.0,0.0,0.0,0.0,0.0,0.0,0.0,0.0,0.0,0.0,0.0,0.0,0.0,0.0,0.0,0.0,0.0,0.0,0.0,0.0,0.0,0.0,0.0,0.0
TUBA1B,1.126152,1.9303445,0.8212047,2.604527,3.647941,2.0211031,2.0891619,3.3003776,3.0056653,2.407055,1.064357,1.0883627,1.7895869,1.0528028,0.77814996,1.8026757,1.5626626,3.409635,0.8408371,1.1276326,0.9917949,0.0,1.6709421,0.37873325,2.6294596,0.0,0.0,2.296866,1.2598069,0.0,0.9138378,1.0714364,0.92297244,1.1007507,0.9150027,1.1309354,0.70562667,0.9352099,1.0450912,1.0438974,0.0,1.5017703
TUBA1A,0.51613474,0.0,1.0168403,0.93416137,1.079839,1.6727626,1.485208,0.0,0.0,0.7943125,1.049655,0.5950968,0.0,0.99554306,1.1548164,0.98722816,0.8095113,0.0,0.95837736,0.91428554,0.8166672,1.3516222,1.3517818,0.0,0.0,1.150518,0.0,0.5562484,1.0598958,0.0,0.96839726,0.0,0.959865,0.9685493,1.012469,1.2682652,1.123764,0.92251563,0.9591695,1.0246189,1.3920217,0.68415093
TUBA1C,0.0,0.0,0.0,1.0544462,0.8407687,0.53241324,0.57687026,1.2844317,0.0,0.5812388,0.0,0.5367148,0.44090223,0.0,0.0,0.0,0.0,2.0753205,0.0,0.0,0.0,0.0,0.0,0.0,0.55198824,0.0,0.0,0.8456885,0.0,0.0,0.0,0.0,0.0,0.0,0.0,0.0,0.0,0.0,0.0,0.0,0.0,0.0
TROAP,0.0,0.0,0.0,0.0,0.0,0.0,0.0,0.22153036,0.0,0.0,0.0,0.0,0.0,0.0,0.0,0.0,0.0,0.0,0.0,0.0,0.0,0.0,0.0,0.0,0.17043604,0.0,0.0,0.0,0.0,0.0,0.0,0.0,0.0,0.0,0.0,0.0,0.0,0.0,0.0,0.0,0.0,0.0
SPATS2,0.0,0.0,0.0,0.0,0.0,0.0,0.0,0.0,0.0,0.0,0.0,0.0,0.0,0.0,0.0,0.0,0.0,0.0,0.0,0.0,0.0,0.0,0.0,0.42329285,0.5084107,0.0,0.0,0.0,0.0,0.0,0.0,0.0,0.0,0.0,0.0,0.0,0.0,0.0,0.0,0.0,0.0,0.0
MCRS1,0.0,0.0,0.0,0.0,0.0,0.0,0.0,0.33599865,0.0,0.0,0.0,0.0,0.0,0.0,0.0,0.0,0.0,0.0,0.0,0.0,0.0,0.0,0.0,0.0,0.14598884,0.0,0.0,0.0,0.0,0.0,0.0,0.0,0.0,0.0,0.0,0.0,0.0,0.0,0.0,0.0,0.0,0.0
TMBIM6,1.1722982,2.091678,1.5556821,1.5966446,1.6825478,0.97485316,1.4126852,1.0211964,0.0,0.4977838,1.2193325,1.6568332,1.4643317,1.1787243,1.3148127,1.267235,1.1590374,1.1579671,1.0938358,1.3508799,1.2388325,1.1255891,1.4021606,1.6107832,1.6501707,0.0,0.0,1.2620084,1.3226672,0.0,1.1951785,1.3767705,1.1273503,1.3625534,1.0289321,1.0756886,1.0813162,1.3562034,1.305719,1.3139168,1.1596017,1.6479096
SMARCD1,0.0,0.0,0.0,0.0,0.0,0.0,0.0,0.0,0.0,0.18155362,0.0,0.0,0.0,0.0,0.0,0.0,0.0,0.0,0.0,0.0,0.0,0.0,0.0,0.0,0.17058174,0.0,0.0,0.0,0.0,0.0,0.0,0.0,0.0,0.0,0.0,0.0,0.0,0.0,0.0,0.0,0.0,0.0
COX14,0.0,0.0,0.0,0.52678645,0.6361693,0.55245733,0.66448283,0.68590176,0.0,0.42031318,0.0,0.5950968,0.0,0.0,0.7355936,0.0,0.0,0.0,0.0,0.0,0.0,0.0,0.5986384,0.17308275,0.5182681,0.0,0.0,0.5016123,0.0,0.0,0.7407816,0.0,0.0,0.0,0.0,0.0,0.0,0.52309287,0.0,0.0,0.0,0.72682816
LARP4,0.0,0.0,0.0,0.0,0.0,0.0,0.0,0.17024116,0.0,0.18155362,0.0,0.0,0.5578004,0.0,0.0,0.0,0.0,0.0,0.0,0.0,0.0,0.0,0.0,0.0,0.20739445,0.0,0.0,0.0,0.0,0.0,0.0,0.0,0.0,0.0,0.0,0.0,0.0,0.0,0.0,0.0,0.0,0.0
ATF1,0.0,0.0,0.0,0.0,0.0,0.0,0.0,0.1391865,0.0,0.0,0.0,0.0,0.0,0.0,0.0,0.0,0.0,0.0,0.0,0.0,0.0,0.0,0.0,0.0,0.0,0.0,0.0,0.0,0.0,0.0,0.0,0.0,0.0,0.0,0.0,0.0,0.0,0.0,0.0,0.0,0.0,0.0
TMT1A,0.0,0.0,0.0,0.0,0.0,0.0,0.0,0.0,0.0,0.0,0.0,0.0,0.0,0.0,0.0,0.0,0.0,0.0,0.0,0.0,0.0,0.0,0.0,0.11845069,0.0,0.0,0.0,0.0,0.0,0.0,0.0,0.0,0.0,0.0,0.0,0.0,0.0,0.0,0.0,0.0,0.0,0.0
DAZAP2,1.252763,0.0,1.6012485,1.4297442,1.1080337,0.9697929,1.1771686,0.7222678,0.39515826,0.6432668,1.1892662,1.5567153,1.1757209,1.1894251,1.1810663,1.0285856,1.1403501,1.128086,1.3447654,1.2289102,1.2115755,1.4645448,1.455545,0.23647301,0.43819284,1.556134,1.6003798,0.8720517,0.9775282,0.0,1.0886458,1.1425333,1.117081,1.1759276,1.1265746,1.6609387,1.221437,1.1632196,1.1697649,1.2679685,1.1338125,1.1132846
BIN2,0.0,0.0,0.4149611,0.0,1.252233,0.0,0.3664031,0.0,0.0,0.0,0.48630244,0.0,0.0,1.0222205,0.0,0.0,0.0,1.5775527,0.0,1.4744668,1.2482281,0.0,0.88916534,0.0,0.13528542,0.0,0.0,0.0,0.0,0.0,0.8962212,1.2227881,0.0,1.0358589,0.8469932,0.79140043,0.80166805,1.0168967,1.0505005,0.82320654,0.0,0.0
TAMALIN,0.0,0.0,0.0,0.0,0.0,0.5457487,0.765549,0.0,0.0,0.23875955,0.0,0.5046885,0.91374826,0.0,0.6868571,0.0,0.0,0.0,0.0,0.0,0.0,0.0,0.4930786,0.0,0.0,0.0,0.0,0.0,0.0,0.0,0.0,0.0,0.0,0.0,0.0,0.0,0.0,0.0,0.0,0.0,0.0,0.6160362
NR4A1,0.72478276,0.0,0.0,0.0,0.0,1.3068643,0.80836934,0.0,0.0,0.5782282,0.77548546,0.5073828,0.91374826,0.0,0.0,0.0,0.0,0.0,0.0,0.0,0.0,0.0,1.3035169,0.0,0.0,0.0,0.0,0.0,0.0,0.0,0.0,0.0,0.0,0.0,0.0,1.7810498,0.0,0.0,0.0,0.0,0.0,0.0
ATG101,0.0,0.0,0.0,0.0,0.0,0.0,0.3479272,0.0,0.0,0.0,0.0,0.0,0.44090223,0.0,0.0,0.0,0.0,0.0,0.0,0.0,0.0,0.0,0.0,0.0,0.17900646,0.0,0.0,0.0,0.0,0.0,0.0,0.0,0.0,0.0,0.0,0.0,0.0,0.0,0.0,0.0,0.0,0.8137548
EIF4B,1.437956,0.8188347,1.1862817,0.9602178,0.90186274,1.281564,1.154876,1.5947914,0.0,1.1862342,1.4766784,0.8840804,1.1757209,1.1849928,1.4930514,0.0,1.1101508,0.0,1.349347,0.94065005,1.0659775,1.2975402,1.0565729,0.55936944,0.89403176,1.1508877,1.4336234,1.3700981,1.0260687,0.0,1.453521,1.104109,1.3533937,1.1117495,1.4951282,1.6194328,1.5503948,1.3859195,1.126293,1.2086833,1.2524059,1.334044
ITGB7,0.0,0.0,0.0,0.0,0.45806974,0.5035982,0.49283025,0.0,0.0,0.0,0.0,0.0,0.0,0.0,0.0,0.0,0.0,0.0,0.0,0.0,0.0,0.0,0.0,0.0,0.48779035,0.0,0.0,0.0,0.0,0.0,0.0,0.0,0.0,0.0,0.0,0.0,0.0,0.0,0.0,0.0,0.0,0.0
MFSD5,0.0,0.0,0.0,0.0,0.0,0.0,0.0,0.0,0.0,0.18155362,0.0,0.0,0.0,0.0,0.0,0.0,0.0,0.0,0.0,0.0,0.0,0.0,0.0,0.0,0.0,0.0,0.0,0.0,0.0,0.0,0.0,0.0,0.0,0.0,0.0,0.0,0.0,0.0,0.0,0.0,0.0,0.0
PFDN5,2.4110563,2.380176,2.299643,2.0293283,1.6728715,2.2521424,2.2510967,1.8227348,2.4534883,1.8607616,2.263916,2.4819784,2.1363251,2.165576,2.386429,2.1890883,2.0317373,1.3171138,2.3754728,1.9119779,2.061524,2.3840714,2.505375,1.1546179,1.3650272,1.9084651,1.893615,1.8817414,2.033627,0.0,2.4415622,2.0931568,2.3633938,2.1120324,2.5250704,2.3834696,2.453815,2.2906132,2.172371,2.2575681,2.2954166,2.005138
MYG1,0.0,0.0,0.0,0.0,0.0,0.0,0.29905957,0.22153036,0.0,0.0,0.0,0.0,0.0,0.0,0.0,0.0,0.0,0.0,0.0,0.0,0.0,0.0,0.0,0.0,0.18095525,0.0,0.0,0.0,0.0,0.0,0.0,0.0,0.0,0.0,0.0,0.0,0.0,0.0,0.0,0.0,0.0,0.0
AAAS,0.0,0.0,0.0,0.0,0.0,0.0,0.0,0.2674124,0.0,0.4153542,0.0,0.0,0.0,0.0,0.0,0.0,0.0,0.0,0.0,0.0,0.0,0.0,0.0,0.0,0.18984015,0.0,0.0,0.0,0.0,0.0,0.0,0.0,0.0,0.0,0.0,0.0,0.0,0.0,0.0,0.0,0.0,0.0
PRR13,1.2168176,1.085649,1.2131505,1.1839375,0.94015133,1.0488513,1.2494692,0.6226676,0.0,0.81903785,0.61280143,1.3827797,0.91374826,1.0222205,1.2104161,0.8583959,0.5499856,0.5551334,1.0251344,1.1351722,0.9461585,0.0,1.4119415,0.20044874,0.4866162,1.0368743,0.0,0.95574534,0.33005965,0.0,0.9282145,1.0797734,0.9500316,1.1045136,0.9182,1.0099113,0.8721224,1.0976799,1.064357,0.9482845,1.0810587,0.90975106
PCBP2,1.8387872,1.1356167,1.5171807,1.5545037,1.6303482,2.0398388,1.5757756,2.1032214,1.875139,1.8849611,1.553327,1.5501859,1.5203841,1.4392433,1.511234,1.2413632,1.4357285,1.9123739,1.7044618,1.3185108,1.3293959,1.6754541,1.3504184,0.71993333,1.1875738,2.1092482,2.3684235,1.574229,1.4958177,0.0,1.2696224,1.280212,1.2467245,1.3624456,1.1850716,1.5000465,1.3946016,1.3572739,1.2815263,1.259229,1.5293832,1.5746746
ATP5MC2,1.8456022,2.091678,1.852746,2.0579982,1.8659222,2.2105618,2.179793,2.2609446,2.133115,2.0408845,1.6176482,2.1895578,2.2544127,1.561459,1.3148127,1.8793719,1.9652598,1.8795702,1.6650717,1.6514468,1.6473998,1.5766609,2.08154,0.9378126,1.643313,1.8633708,2.142939,2.297451,1.5167787,0.0,1.6731644,1.5146847,1.5743049,1.3174101,1.801566,1.576982,1.5308007,1.7569317,1.3396468,1.5863246,1.5402355,1.8514498
CBX5,0.0,0.0,0.0,0.0,0.91238785,0.0,0.0,0.5660991,0.0,0.36239028,0.0,0.0,0.0,0.0,0.0,0.0,0.0,0.0,0.0,0.0,0.0,0.0,0.0,0.0,0.57753813,0.0,0.0,0.45003533,0.0,0.0,0.0,0.0,0.0,0.0,0.0,0.0,0.0,0.0,0.0,0.0,0.0,0.0
HNRNPA1,1.9971565,1.2975402,1.6084558,2.1137962,2.1616457,1.9716513,2.2008278,2.903559,1.1799252,2.4441795,2.341732,1.8151047,1.5203841,2.1255317,2.0670288,2.010668,2.4156897,2.0996346,2.0381875,1.9534047,2.1229374,2.149274,1.7665117,0.8300885,1.8795286,2.6844633,2.4151947,2.533283,2.0966594,0.0,2.220895,1.818935,1.9797902,1.9398506,2.28862,2.1754897,2.2598066,2.1675603,1.9001151,2.066627,2.0365922,2.2783012
NFE2,0.0,0.0,0.0,0.5775851,0.0,0.0,0.0,0.68825006,0.0,0.0,0.0,0.0,0.0,0.0,0.0,0.0,0.0,0.9942864,0.0,0.0,0.0,0.0,0.0,0.0,0.0,0.0,0.0,0.5920674,0.0,0.0,0.0,0.0,0.0,0.0,0.0,0.0,0.0,0.0,0.0,0.0,0.0,0.0
COPZ1,0.0,0.0,0.0,0.0,0.6207165,0.38395348,0.48373562,0.38409084,0.0,0.4532262,0.0,0.0,0.7257168,0.0,0.0,0.0,0.0,0.0,0.0,0.0,0.0,0.0,0.0,0.35941315,0.7538993,0.0,0.0,0.18406945,0.0,0.0,0.0,0.0,0.0,0.0,0.0,0.0,0.0,0.0,0.0,0.0,0.0,0.6716633
ZNF385A,0.0,0.0,0.0,0.0,0.0,0.59331524,0.8313916,0.0,0.0,0.0,0.0,0.3987304,0.0,0.0,0.0,0.0,0.0,0.0,0.0,0.0,0.0,0.0,0.5405049,0.0,0.0,0.0,0.0,0.0,0.0,0.0,0.0,0.0,0.0,0.0,0.0,0.0,0.0,0.0,0.0,0.0,0.0,0.0
NCKAP1L,0.0,0.0,0.9258385,0.74095434,0.5180507,0.6968005,0.7178564,0.0,0.0,0.7565536,0.0,0.838519,1.141807,0.0,0.8421502,0.0,0.0,0.0,0.0,0.0,0.0,0.0,0.7672417,0.0,0.12226113,0.0,0.0,0.34786314,0.0,0.0,0.0,0.0,0.0,0.0,0.0,0.0,0.0,0.0,0.0,0.0,0.0,0.7310693
BLOC1S1,0.8109302,0.0,1.2292808,1.5321503,1.3056602,0.9467374,1.2611744,0.8135782,1.5762908,1.0925946,0.0,1.0337517,0.0,0.0,0.7355936,0.64344007,0.0,0.41506335,0.0,0.0,0.0,0.0,1.4812593,0.23992173,0.72134984,0.0,0.0,0.6422675,0.24147177,0.0,0.0,0.9095196,0.0,0.0,0.0,0.0,0.0,0.0,0.0,0.0,0.0,0.0
CD63,0.510213,2.546955,1.849034,1.9768106,1.3997948,0.87529373,1.5746193,0.50859565,1.8997824,0.3960203,1.303761,2.4557612,1.5848913,0.0,0.6868571,1.830275,2.4079328,1.7454388,0.0,1.3741189,1.6021186,0.0,1.7518095,1.0945952,0.25504547,0.0,0.0,1.3280816,0.5225817,0.0,0.0,1.0879928,0.0,1.1391284,0.0,0.0,0.0,0.0,0.0,0.0,0.0,0.77796304
SARNP,0.0,0.0,0.0,0.41645426,0.721481,0.0,0.3996023,0.60168487,0.0,0.70693946,0.0,0.0,0.44090223,0.0,0.0,0.0,0.0,0.0,0.0,0.0,0.0,0.0,0.0,0.0,0.44615608,0.0,0.0,0.46824223,0.0,0.0,0.0,0.0,0.0,0.0,0.0,0.0,0.0,0.0,0.0,0.0,0.0,0.0
ORMDL2,0.0,0.0,0.0,0.0,0.0,0.0,0.0,0.0,0.0,0.0,0.0,0.5950968,0.0,0.0,0.0,0.0,0.0,0.0,0.0,0.0,0.0,0.0,0.0,0.21425852,0.3823041,0.0,0.0,0.0,0.0,0.0,0.0,0.0,0.0,0.0,0.0,0.0,0.0,0.0,0.0,0.0,0.0,0.0
MMP19,0.0,0.0,0.0,0.0,0.0,0.0,0.0,0.0,0.0,0.0,0.0,0.5073828,1.4048783,0.0,0.0,0.0,0.0,0.0,0.0,0.0,0.0,0.0,0.0,0.0,0.0,0.0,0.0,0.0,0.0,0.0,0.0,0.0,0.0,0.0,0.0,0.0,0.0,0.0,0.0,0.0,0.0,0.0
PYM1,0.0,0.0,0.0,0.0,0.0,0.0,0.3358107,0.18297052,0.0,0.0,0.0,0.0,0.44090223,0.0,0.0,0.0,0.0,0.0,0.0,0.0,0.0,0.0,0.0,0.0,0.11483783,0.0,0.0,0.0,0.0,0.0,0.0,0.0,0.0,0.0,0.0,0.0,0.0,0.0,0.0,0.0,0.0,0.0
DGKA,0.0,0.0,0.0,0.0,0.0,0.0,0.0,0.0,0.0,0.0,0.0,0.0,0.0,0.0,0.0,0.0,0.0,0.0,0.0,0.0,0.0,0.0,0.0,0.0,0.0,0.0,0.0,0.0,0.0,0.0,0.0,0.0,0.0,0.0,0.0,0.88966346,0.0,0.0,0.0,0.0,0.0,0.0
CDK2,0.0,0.0,0.0,0.0,0.0,0.0,0.0,0.19524616,0.0,0.0,0.0,0.0,0.0,0.0,0.0,0.0,0.0,0.0,0.0,0.0,0.0,0.0,0.0,0.0,0.0,0.0,0.0,0.0,0.0,0.0,0.0,0.0,0.0,0.0,0.0,0.0,0.0,0.0,0.0,0.0,0.0,0.0
RPS26,2.8141963,2.4764698,2.4247575,2.5813634,2.467277,2.1489394,2.5995538,3.0907562,2.5341778,2.8280091,2.8214948,2.1895578,3.2730641,3.0700192,2.9324872,2.9439883,2.640195,2.5633368,2.8827813,2.7157311,2.8343725,2.766516,2.387889,1.9495189,2.6998966,2.3028777,2.393362,2.9634018,2.6434484,1.6707071,3.3329325,3.0820308,3.2533014,2.9275196,3.4647424,3.4513273,3.2977061,3.1915767,3.0851436,3.1365023,2.9649444,2.6553514
PA2G4,0.7109612,0.0,0.0,1.1190906,1.3475773,0.7133947,0.8914837,1.8972673,0.0,0.9850838,0.0,0.4254868,0.7257168,0.0,0.0,0.0,0.5724597,0.0,0.0,0.0,0.82967615,0.0,0.5586656,0.22109266,1.2749323,0.0,0.76748186,1.5137062,0.0,0.0,0.8111386,0.0,0.0,0.0,0.7937859,0.0,0.7308715,0.8190001,0.0,0.0,0.0,0.7577807
RPL41,4.6225743,3.8141227,3.6802912,3.920528,3.4609687,4.516543,4.1212373,4.4864073,3.8775516,4.434227,4.3656774,3.9363513,3.9755201,4.4426775,4.520116,4.220358,4.0375967,3.4541798,4.6361794,3.8412824,4.1782694,4.486779,4.0694585,3.2851255,4.024416,3.9132895,3.953201,4.3462386,4.302184,2.393362,4.623757,4.234501,4.489243,4.2990093,4.603174,4.532682,4.59636,4.379678,4.3410797,4.397768,4.3938255,4.106618
ESYT1,0.0,0.0,0.0,0.0,0.0,0.0,0.0,0.0,0.0,0.18083665,0.0,0.0,0.0,0.0,0.0,0.0,0.0,0.0,0.0,0.0,0.0,0.0,0.0,0.0,0.0,0.0,0.0,0.0,0.0,0.0,0.0,0.0,0.0,0.0,0.0,0.0,0.0,0.0,0.0,0.0,0.0,0.0
MYL6B,0.0,0.0,0.0,0.0,0.0,0.0,0.0,0.24889365,0.0,0.4532262,0.0,0.0,0.0,0.0,0.0,0.0,0.0,0.0,0.0,0.0,0.0,0.0,0.0,0.0,0.20615016,0.0,0.0,0.28758124,0.0,0.0,0.0,0.0,0.0,0.0,0.0,0.0,0.0,0.0,0.0,0.0,0.0,0.0
MYL6,1.9250743,2.7540352,2.7817602,2.9416213,2.6177855,2.8475876,2.6481786,1.8525698,3.061081,2.4225097,2.1346803,2.8525524,2.5610352,2.0268989,1.4796834,2.4278584,2.380589,3.506062,1.6350291,2.424168,2.22685,1.4766784,2.9106464,1.3785096,2.0109267,1.9084651,1.9173207,2.0749264,1.9608123,0.0,1.8002472,2.1779623,1.6694818,2.1602573,1.4993699,1.545876,1.5951915,2.0299568,2.123423,2.054354,1.6515319,2.4652424
SMARCC2,0.0,0.0,0.0,0.0,0.0,0.0,0.27371624,0.29918575,0.0,0.18155362,0.0,0.0,0.0,0.0,0.7355936,0.0,0.0,0.0,0.0,0.0,0.0,0.0,0.0,0.0,0.0,0.0,0.0,0.21397093,0.0,0.0,0.0,0.0,0.0,0.0,0.0,0.0,0.0,0.0,0.0,0.0,0.0,0.0
NABP2,0.0,0.0,0.0,0.0,0.0,0.0,0.0,0.17040983,0.0,0.0,0.0,0.0,0.0,0.0,0.0,0.0,0.0,0.0,0.0,0.0,0.0,0.0,0.0,0.0,0.24775629,0.0,0.0,0.0,0.0,0.0,0.0,0.0,0.0,0.0,0.0,0.0,0.0,0.0,0.0,0.0,0.0,0.0
CS,0.0,0.0,0.0,0.0,0.0,0.49875098,0.29905957,0.5567965,0.0,0.6069472,0.0,0.0,0.0,0.0,0.0,0.0,0.0,0.0,0.0,0.0,0.0,0.0,0.0,0.0,0.2975178,0.0,0.0,0.20261046,0.0,0.0,0.0,0.0,0.0,0.0,0.0,0.0,0.0,0.0,0.0,0.0,0.0,0.0
CNPY2,0.0,0.0,0.0,0.0,0.35831282,0.3828968,0.44408643,0.59724444,0.0,0.0,0.0,0.0,0.0,0.0,0.0,0.0,0.0,0.0,0.0,0.0,0.0,0.0,0.0,0.77902114,1.0587176,0.0,0.0,0.60937357,0.0,0.0,0.0,0.0,0.0,0.0,0.0,0.0,0.0,0.0,0.0,0.0,0.0,0.0
STAT2,0.0,0.0,0.0,0.0,0.0,0.3139043,0.27371624,0.0,0.0,0.0,0.0,0.0,0.0,0.0,0.0,0.0,0.0,0.0,0.0,0.0,0.0,0.0,0.0,0.0,0.0,0.0,0.0,0.0,0.0,0.0,0.0,0.0,0.0,0.0,0.0,0.0,0.0,0.0,0.0,0.0,0.0,0.0
TIMELESS,0.0,0.0,0.0,0.0,0.0,0.0,0.0,0.14955862,0.0,0.5812388,0.0,0.0,0.0,0.0,0.0,0.0,0.0,0.0,0.0,0.0,0.0,0.0,0.0,0.0,0.0,0.0,0.0,0.0,0.0,0.0,0.0,0.0,0.0,0.0,0.0,0.0,0.0,0.0,0.0,0.0,0.0,0.0
BAZ2A,0.0,0.0,0.0,0.0,0.0,0.37521976,0.39008018,0.0,0.0,0.6028327,0.0,0.0,0.0,0.0,0.0,0.0,0.0,0.0,0.0,0.0,0.0,0.0,0.4453349,0.0,0.25475153,1.3969741,1.3830035,0.0,0.0,0.0,0.0,0.0,0.0,0.0,0.0,0.0,0.0,0.0,0.0,0.0,0.0,0.0
ATP5F1B,1.1405746,0.4366376,1.0526509,1.3768075,1.3101245,1.4320271,1.4158441,1.9673581,0.0,1.0994625,1.064357,1.3194139,1.1757209,1.0309584,1.1548164,0.8498967,1.0822453,1.2979031,0.90201235,1.072131,1.0134184,0.0,1.3039362,0.5912925,1.680163,1.5339386,1.641556,1.4807131,0.960924,0.0,0.84087366,0.9879682,0.0,1.0346864,0.0,0.9559118,0.8837054,0.9109838,0.95521617,0.9602629,0.0,1.3225061
PTGES3,1.1386954,0.0,0.7186372,1.1619737,1.374413,0.53241324,0.9764408,1.8067062,0.0,1.492387,0.0,0.90413547,0.7458428,1.204907,0.0,0.7393773,0.7580851,1.5249262,1.1334977,0.9632084,0.89008564,0.0,1.1187136,0.4895564,1.2289195,0.0,0.0,1.3073331,0.8845479,0.0,1.1417344,1.2444329,1.2174871,1.2562561,1.0131387,1.5006658,1.0339851,1.233116,1.315012,1.265588,1.2524059,1.0159682
NACA,2.8680184,2.4764698,2.480389,2.3016272,2.3905578,2.9480734,2.9820108,3.0622172,2.2524211,2.53259,2.8327832,2.511387,2.6981828,2.8772876,3.0998185,2.8198977,2.413437,2.2406354,2.9473522,2.5993686,2.8059864,2.8977373,2.864387,1.7606884,2.562294,2.8286989,3.2038312,2.8521323,2.7270088,0.0,3.1233947,2.6696906,2.9809015,2.4974427,3.3515058,3.1153567,3.1979403,3.0275393,2.6389909,2.7832584,2.8291159,3.254467
PRIM1,0.0,0.0,0.0,0.0,0.0,0.0,0.0,0.22252527,0.0,0.4195962,0.0,0.0,0.0,0.0,0.0,0.0,0.0,0.0,0.0,0.0,0.0,0.0,0.0,0.0,0.0,0.0,0.0,0.0,0.0,0.0,0.0,0.0,0.0,0.0,0.0,0.0,0.0,0.0,0.0,0.0,0.0,0.0
STAT6,0.65283537,0.0,0.0,0.0,0.0,0.3139043,0.47833383,0.0,0.0,0.23380059,0.0,0.72981226,0.0,0.0,0.0,0.0,0.0,0.0,0.0,0.0,0.0,0.0,0.6121826,0.0,0.0,0.0,0.0,0.0,0.0,0.0,0.0,0.0,0.0,0.0,0.0,0.0,0.0,0.0,0.0,0.0,0.0,0.0
LRP1,0.0,0.0,0.7146714,0.0,0.0,0.0,0.0,0.0,0.0,0.0,0.0,1.0883627,1.141807,0.0,0.0,0.0,0.0,0.0,0.0,0.0,0.0,0.0,0.5960474,0.0,0.0,0.0,0.0,0.0,0.0,0.0,0.0,0.0,0.0,0.0,0.0,0.0,0.0,0.0,0.0,0.0,0.0,0.0
SHMT2,0.0,0.0,0.0,0.0,0.0,0.3139043,0.0,0.65750605,0.0,0.21446666,0.0,0.0,0.0,0.0,0.0,0.0,0.0,0.0,0.0,0.0,0.0,0.0,0.0,0.15189148,0.65940875,0.0,0.0,0.24558255,0.0,0.0,0.0,0.0,0.0,0.0,0.0,0.0,0.0,0.0,0.0,0.0,0.0,0.0
ARHGAP9,0.0,0.0,0.0,0.0,1.0055501,0.0,0.3606974,0.0,0.0,0.23380059,0.7733425,0.0,0.0,0.0,0.0,0.0,0.0,0.0,0.0,1.3580245,1.4221774,0.0,0.0,0.0,0.0,0.0,0.0,0.0,0.0,0.0,0.0,0.0,0.0,1.1287637,0.0,0.0,0.0,0.0,0.0,0.0,0.980621,0.7788042
MARS1,0.0,0.0,0.0,0.0,0.0,0.0,0.0,0.2293312,0.0,0.0,0.0,0.0,0.0,0.0,0.0,0.0,0.0,0.0,0.0,0.0,0.0,0.0,0.0,0.17707415,0.4343768,0.0,0.0,0.0,0.0,0.0,0.0,0.0,0.0,0.0,0.0,0.0,0.0,0.0,0.0,0.0,0.0,0.0
DDIT3,0.5121089,0.0,0.0,0.0,0.0,0.37093928,0.36281422,0.0,0.0,0.5449097,0.0,1.1521438,0.0,0.0,0.0,0.0,0.0,0.0,0.0,0.0,0.0,0.0,0.5078729,0.0,0.0,0.0,0.0,0.0,0.0,0.0,0.0,0.0,0.0,0.0,0.0,0.89972615,0.0,0.0,0.0,0.92719793,0.0,0.0
DCTN2,0.0,0.0,0.0,0.0,0.4941784,0.48598903,0.43482453,0.62451917,0.0,0.61415184,0.0,0.4963503,0.44090223,0.0,0.0,0.0,0.0,0.46254689,0.0,0.0,0.0,0.0,0.0,0.14278156,0.49838933,0.0,0.0,0.3121543,0.0,0.0,0.0,0.0,0.0,0.0,0.0,0.0,0.0,0.0,0.0,0.0,0.0,0.0
OS9,0.0,0.0,0.55735433,0.6031221,0.0,0.7133947,0.7566353,0.0,0.0,0.3640731,0.0,0.90413547,0.44090223,0.0,0.0,0.0,0.0,0.0,0.0,0.0,0.0,0.0,0.6507686,0.7498557,0.584139,0.0,0.0,0.38704792,0.0,0.0,0.0,0.0,0.0,0.0,0.0,0.0,0.0,0.0,0.0,0.0,0.0,0.78247535
CDK4,0.0,0.0,0.0,0.0,0.0,0.0,0.0,1.4024407,0.0,0.18155362,0.0,0.0,0.0,0.0,0.0,0.0,0.0,0.0,0.0,0.0,0.0,0.0,0.0,0.0,0.39058423,0.0,0.0,0.62932706,0.0,0.0,0.0,0.0,0.0,0.0,0.0,0.0,0.0,0.0,0.0,0.0,0.0,0.0
MARCHF9,0.0,0.0,0.0,0.0,0.0,0.0,0.0,0.0,0.0,0.0,0.0,0.0,0.0,0.0,0.0,0.0,0.0,0.0,0.0,0.0,0.0,0.0,0.0,0.0,0.0,0.0,0.0,0.0,0.0,0.0,0.0,0.0,0.0,0.0,0.0,0.0,0.0,0.0,0.0,0.0,0.0,0.55407417
TSFM,0.0,0.0,0.0,0.0,0.0,0.0,0.0,0.3905276,0.0,0.0,0.0,0.0,0.0,0.0,0.0,0.0,0.0,0.0,0.0,0.0,0.0,0.0,0.0,0.0,0.23118974,0.0,0.0,0.0,0.0,0.0,0.0,0.0,0.0,0.0,0.0,0.0,0.0,0.0,0.0,0.0,0.0,0.0
CTDSP2,0.0,0.0,0.0,0.0,0.0,0.0,0.3404857,0.0,0.0,0.0,0.0,0.0,0.0,0.0,0.0,0.0,0.0,0.0,0.0,0.0,0.0,0.0,0.0,0.0,0.15349633,0.0,0.0,0.0,0.0,0.0,0.0,0.0,0.0,0.0,0.0,0.0,0.0,0.0,0.0,0.0,0.0,0.0
ATP23,0.0,0.0,0.0,0.0,0.0,0.0,0.0,0.12337117,0.0,0.0,0.0,0.0,0.0,0.0,0.0,0.0,0.0,0.0,0.0,0.0,0.0,0.0,0.0,0.0,0.0,0.0,0.0,0.0,0.0,0.0,0.0,0.0,0.0,0.0,0.0,0.0,0.0,0.0,0.0,0.0,0.0,0.0
ENSG00000257698,0.0,0.0,0.0,0.0,0.0,0.0,0.0,1.2244987,0.0,0.0,0.0,0.0,0.0,0.0,0.0,0.0,1.1622846,0.0,0.0,0.0,0.0,0.0,0.0,0.0,0.0,0.0,0.0,1.0765907,0.0,0.0,0.0,0.0,0.0,0.0,0.0,0.0,0.0,0.0,0.0,0.0,0.0,0.0
USP15,0.84139884,0.0,1.0489718,0.75195324,0.6034215,0.27226898,0.6595515,0.89402366,0.0,0.57238364,1.1359036,0.68302804,0.91374826,0.0,0.6868571,0.0,0.0,0.0,0.0,0.0,0.75941414,0.0,0.7279525,0.19237135,0.24775629,0.0,0.76748186,0.5822877,0.0,0.0,0.0,0.0,0.0,0.0,0.79758906,0.75401103,0.0,1.0767021,0.0,0.0,0.0,0.89113784
MON2,0.0,0.0,0.0,0.0,0.0,0.0,0.0,0.0,0.0,0.47349092,0.0,0.0,0.0,0.0,0.0,0.0,0.0,0.0,0.0,0.0,0.0,0.0,0.0,0.0,0.0,0.0,0.0,0.0,0.0,0.0,0.0,0.0,0.0,0.0,0.0,0.0,0.0,0.0,0.0,0.0,0.0,0.0
XPOT,0.0,0.0,0.0,0.0,0.0,0.0,0.0,0.35589665,0.0,0.0,0.0,0.0,0.0,0.0,0.0,0.0,0.0,0.0,0.0,0.0,0.0,0.0,0.0,0.0,0.12881172,0.0,0.0,0.0,0.0,0.0,0.0,0.0,0.0,0.0,0.0,0.0,0.0,0.0,0.0,0.0,0.0,0.0
TBK1,0.0,0.0,0.0,0.0,0.0,0.0,0.0,0.0,0.0,0.21446666,0.0,0.0,0.0,0.0,0.0,0.0,0.0,0.0,0.0,0.0,0.0,0.0,0.0,0.0,0.0,0.0,0.0,0.0,0.0,0.0,0.0,0.0,0.0,0.0,0.0,0.0,0.0,0.0,0.0,0.0,0.0,0.0
RASSF3,0.0,0.0,0.0,0.0,0.0,0.0,0.0,0.0,0.0,0.18083665,0.0,0.0,0.0,0.0,0.0,0.0,0.0,0.0,0.0,0.0,0.0,0.0,0.0,0.0,0.0,0.0,0.0,0.0,0.0,0.0,0.0,0.0,0.0,0.0,0.0,0.0,0.0,0.0,0.0,0.0,0.0,0.0
GNS,0.0,0.0,0.5510835,0.0,0.0,0.0,0.0,0.0,0.0,0.0,0.0,0.68302804,0.91374826,0.0,0.0,0.0,0.0,0.0,0.0,0.0,0.0,0.0,0.87403053,0.0,0.0,0.0,0.0,0.0,0.0,0.0,0.0,0.0,0.0,0.0,0.0,0.0,0.0,0.0,0.0,0.0,0.0,0.0
MSRB3,0.0,0.0,0.0,0.0,0.0,0.0,0.0,0.0,0.0,0.0,0.0,0.0,0.0,0.0,0.0,0.0,0.0,0.0,0.0,0.0,0.0,0.0,0.0,0.0,0.0,0.0,0.0,0.17718485,0.0,0.0,0.0,0.0,0.0,0.0,0.0,0.0,0.0,0.0,0.0,0.0,0.0,0.0
LLPH,0.0,0.0,0.0,0.0,0.0,0.0,0.36171302,0.35587108,0.0,0.3953033,0.0,0.0,0.0,0.0,0.0,0.0,0.0,0.0,0.0,0.0,0.0,0.0,0.0,0.0,0.3215746,0.0,0.0,0.30223995,0.0,0.0,0.0,0.0,0.0,0.0,0.0,0.0,0.0,0.0,0.0,0.0,0.0,0.0
TMBIM4,0.7109612,0.0,0.8701023,0.89686584,0.7550795,0.41057968,0.9150027,0.3584625,0.0,0.0,0.5784484,0.82655406,0.91374826,0.0,0.0,0.0,0.6590623,0.0,0.0,0.0,0.0,0.0,1.0590583,0.42802918,0.66193724,0.0,0.0,0.6622919,0.0,0.0,0.7092786,0.0,0.0,0.0,0.0,0.0,0.0,0.7390057,0.0,0.0,0.0,0.7422972
IRAK3,0.0,0.0,1.0229616,0.88389796,0.0,0.0,0.35920435,0.0,0.0,0.0,0.0,0.965619,0.0,0.0,0.0,0.0,0.0,0.0,0.0,0.0,0.0,0.0,0.8091651,0.0,0.0,0.0,0.0,0.39295012,0.0,0.0,0.0,0.0,0.0,0.0,0.0,0.0,0.0,0.0,0.0,0.0,0.0,0.0
CAND1,0.0,0.0,0.0,0.0,0.57979393,0.3977822,0.0,0.19677243,0.0,0.0,0.0,0.0,0.91374826,0.0,0.0,0.0,0.0,0.0,0.0,0.0,0.0,0.0,0.0,0.0,0.24290843,0.0,0.0,0.22403005,0.0,0.0,0.0,0.0,0.0,0.0,0.0,0.0,0.0,0.0,0.0,0.0,0.0,0.0
RAP1B,0.7611661,0.0,0.9527142,1.0118,1.5883634,0.59331524,0.8826514,0.88154495,1.0112442,1.0980103,1.2911952,1.0393877,1.1682736,1.0754282,0.0,0.6605679,0.17859715,3.3347354,0.0,1.6154653,1.3175097,0.0,1.4654853,0.38957235,0.8149371,0.0,1.0581769,0.9223744,0.949049,0.0,0.9796848,1.6410527,1.0605161,1.2100067,0.9974294,0.98491347,1.1095303,1.0868847,1.22051,1.2052343,1.0877972,0.7138462
NUP107,0.0,0.0,0.0,0.0,0.0,0.0,0.0,0.19677243,0.0,0.44826725,0.0,0.0,0.0,0.0,0.0,0.0,0.0,0.0,0.0,0.0,0.0,0.0,0.0,0.0,0.0,0.0,0.0,0.0,0.0,0.0,0.0,0.0,0.0,0.0,0.0,0.0,0.0,0.0,0.0,0.0,0.0,0.0
MDM2,0.0,0.0,0.0,0.0,0.0,0.0,0.0,0.0,0.0,0.0,0.0,0.4963503,0.0,0.0,0.0,0.0,0.0,0.0,0.0,0.0,0.0,0.0,0.0,0.0,0.24788901,0.0,0.0,0.0,0.0,0.0,0.0,0.0,0.0,0.0,0.0,0.0,0.0,0.0,0.0,0.0,0.0,0.0
CPM,0.0,0.0,0.0,0.0,0.0,0.0,0.0,0.0,0.0,0.0,0.0,0.4254868,0.44090223,0.0,0.0,0.0,0.0,0.0,0.0,0.0,0.0,0.0,0.0,0.0,0.0,0.0,0.0,0.0,0.0,0.0,0.0,0.0,0.0,0.0,0.0,0.0,0.0,0.0,0.0,0.0,0.0,0.0
CPSF6,0.0,0.0,0.0,0.0,0.0,0.37093928,0.3259039,0.50536066,0.0,0.23380059,0.5784484,0.0,0.0,0.0,0.0,0.0,0.0,0.0,0.0,0.0,0.0,0.0,0.0,0.0,0.31352228,0.0,0.0,0.3505457,0.0,0.0,0.0,0.0,0.0,0.0,0.0,0.0,0.0,0.0,0.0,0.0,0.0,0.5691263
LYZ,0.0,1.9303445,4.4819317,5.4942627,0.0,3.3941891,3.842592,0.0,0.0,0.18155362,0.0,3.210593,1.5203841,0.0,0.0,3.5899658,0.0,0.0,0.0,0.0,0.0,0.0,2.1170793,0.0,0.0,0.0,0.0,1.0354334,0.0,0.0,0.0,0.0,0.0,0.0,0.0,0.0,0.0,0.0,0.0,0.0,0.0,0.0
ENSG00000257764,0.0,0.0,0.84316707,1.264602,0.0,0.0,0.0,0.0,0.0,0.0,0.0,0.0,0.0,0.0,0.0,0.0,0.0,0.0,0.0,0.0,0.0,0.0,0.0,0.0,0.0,0.0,0.0,0.0,0.0,0.0,0.0,0.0,0.0,0.0,0.0,0.0,0.0,0.0,0.0,0.0,0.0,0.0
YEATS4,0.0,0.0,0.0,0.0,0.4392687,0.0,0.0,0.41897923,0.0,0.0,0.0,0.0,0.0,0.0,0.0,0.0,0.0,0.0,0.0,0.0,0.0,0.0,0.0,0.0,0.17694849,0.0,0.0,0.0,0.0,0.0,0.0,0.0,0.0,0.0,0.0,0.0,0.0,0.0,0.0,0.0,0.0,0.0
CCT2,0.4650107,0.0,0.0,0.40825948,0.809175,0.6816006,0.6220476,1.604973,0.0,0.62309736,0.0,0.0,0.7257168,0.0,0.7355936,0.0,0.0,0.0,0.0,0.0,0.0,0.0,0.0,0.0,1.0139062,0.0,0.0,1.0288655,0.3740505,0.0,0.0,0.0,0.0,0.0,0.0,0.8126688,0.0,0.0,0.0,0.0,0.0,0.7219151
CNOT2,0.51613474,0.0,0.0,0.0,0.4941784,0.0,0.4023233,0.25649914,0.0,0.55321854,0.0,0.0,0.44090223,0.0,0.0,0.0,0.0,0.0,0.0,0.0,0.0,0.0,0.0,0.0,0.20380595,0.0,1.0764471,0.28440842,0.0,0.0,0.0,0.0,0.0,0.0,0.0,0.0,0.0,0.0,0.0,0.0,0.0,0.0
ZFC3H1,0.0,0.0,0.0,0.0,0.0,0.28412688,0.40317827,0.0,0.0,0.6785321,0.0,0.5046885,0.0,0.0,0.0,0.0,0.0,0.0,0.0,0.0,0.0,0.0,0.0,0.0,0.14103276,0.0,0.0,0.0,0.0,0.0,0.0,0.0,0.0,0.0,0.0,0.0,0.0,0.0,0.0,0.0,0.0,0.45781356
TMEM19,0.0,0.0,0.0,0.0,0.0,0.0,0.0,0.0,0.0,0.0,0.0,0.0,0.0,0.0,0.0,0.0,0.0,0.0,0.0,0.0,0.0,0.0,0.0,0.0,0.17517093,0.0,0.0,0.0,0.0,0.0,0.0,0.0,0.0,0.0,0.0,0.0,0.0,0.0,0.0,0.0,0.0,0.0
RAB21,0.0,0.0,0.0,0.0,0.0,0.0,0.36281422,0.0,0.0,0.18083665,0.0,0.5950968,0.0,0.0,0.0,0.0,0.0,0.0,0.0,0.0,0.0,0.0,0.0,0.0,0.15884948,0.0,0.0,0.0,0.0,0.0,0.0,0.0,0.0,0.0,0.0,0.0,0.0,0.0,0.0,0.0,0.0,0.0
TBC1D15,0.0,0.0,0.0,0.0,0.0,0.0,0.0,0.0,0.0,0.0,0.0,0.0,0.0,0.0,0.0,0.0,0.0,0.0,0.0,0.0,0.0,0.0,0.0,0.0,0.113108404,0.0,0.0,0.0,0.0,0.0,0.0,0.0,0.0,0.0,0.0,0.0,0.0,0.0,0.0,0.0,0.0,0.0
ATXN7L3B,0.0,0.0,0.0,0.0,0.0,0.0,0.0,0.17570476,0.0,0.23875955,0.7733425,0.0,0.0,0.0,0.0,0.0,0.0,0.0,0.0,0.0,0.0,0.0,0.0,0.0,0.0,0.0,0.0,0.3254423,0.0,0.0,0.0,0.0,0.0,0.0,0.0,0.0,0.0,0.0,0.0,0.0,0.0,0.56649435
GLIPR1,0.0,0.0,1.2995739,0.9520874,0.0,1.092648,1.3431929,0.0,0.0,0.18083665,0.0,1.1278445,0.0,0.0,0.77814996,0.0,0.0,0.0,0.0,0.0,0.0,0.0,0.87450534,0.0,0.0,0.0,0.0,0.0,0.0,0.0,0.0,0.0,0.0,0.0,0.0,0.0,0.0,0.0,0.0,0.9573862,1.0800302,1.0448238
KRR1,0.0,0.0,0.0,0.0,0.6481052,0.0,0.0,0.37577614,0.0,0.3960203,0.0,0.0,0.0,0.0,0.0,0.0,0.0,0.0,0.0,0.0,0.0,0.0,0.0,0.0,0.31577328,0.0,0.0,0.3329187,0.0,0.0,0.0,0.0,0.0,0.0,0.0,0.0,0.0,0.0,0.0,0.0,0.0,0.5707404
PHLDA1,0.0,0.0,0.0,0.0,0.0,0.0,0.0,0.0,0.0,0.0,0.0,1.2107468,0.0,0.0,0.0,0.0,0.0,0.0,0.0,0.0,0.0,0.0,0.0,0.0,0.0,0.0,0.0,0.0,0.0,0.0,0.0,0.0,0.0,0.0,0.0,0.0,0.0,0.0,0.0,0.0,0.0,0.0
NAP1L1,1.1811445,1.5535964,1.177596,1.6031424,1.5695574,1.737087,1.7482835,1.1540561,0.0,1.4905534,1.3712598,1.054872,1.4347595,1.0951576,1.80621,1.2631721,0.6395736,2.0605226,1.4661466,0.0,1.0577474,1.3047392,1.9833995,0.2457521,1.2157435,0.99918044,1.4311959,1.9789262,0.9775282,0.0,1.505479,0.9918468,1.684988,1.0450912,1.6719933,1.1582923,1.4473971,1.694233,1.0906757,1.112263,1.1442078,1.8728184
OSBPL8,0.57448566,0.0,0.6529682,0.71429193,0.82266974,0.50819945,0.8388545,0.5546577,0.0,0.36239028,0.0,0.4254868,0.5578004,0.0,0.0,0.0,0.54435766,0.0,0.0,0.0,0.0,0.0,0.7530475,0.0,0.18095525,0.0,0.0,0.37539157,0.0,0.0,0.0,0.0,0.0,0.0,0.0,0.0,0.0,0.0,0.0,0.0,0.0,0.68752325
ZDHHC17,0.0,0.0,0.0,0.0,0.0,0.0,0.0,0.0,0.0,0.0,0.0,0.0,0.0,0.0,0.0,0.0,0.0,0.0,0.0,0.0,0.0,0.0,0.0,0.0,0.0,0.0,0.0,0.0,0.0,0.0,0.0,0.0,0.0,0.0,0.0,0.0,0.0,0.0,0.0,0.0,0.0,0.82965255
PPP1R12A,0.0,0.0,0.0,0.6146635,0.927498,0.49875098,0.75630534,0.33433178,0.0,0.82128066,0.59476876,0.0,0.0,0.0,0.0,0.0,0.0,0.0,0.0,0.913793,0.7981938,0.0,0.5646133,0.0,0.30593717,0.0,0.0,0.47621557,0.0,0.0,0.0,0.0,0.0,0.0,0.0,0.0,0.0,0.7785959,0.0,0.0,0.0,0.5997939
CCDC59,0.0,0.0,0.0,0.4629706,0.0,0.0,0.5724241,0.45335034,0.0,0.0,0.0,0.0,0.0,0.0,0.9916867,0.0,0.2230401,0.0,0.0,0.0,0.0,0.0,0.0,0.0,0.39612186,0.0,0.0,0.45211747,0.0,0.0,0.35089958,0.0,0.0,0.0,0.8902972,0.0,0.0,0.57937884,0.0,0.0,0.0,0.72074646
RLIG1,0.0,0.0,0.0,0.0,0.0,0.0,0.0,0.16616654,0.0,0.0,0.0,0.0,0.0,0.0,0.0,0.0,0.0,0.0,0.0,0.0,0.0,0.0,0.0,0.0,0.0,0.0,0.0,0.0,0.0,0.0,0.0,0.0,0.0,0.0,0.0,0.0,0.0,0.0,0.0,0.0,0.0,0.0
DUSP6,0.0,0.0,0.7634529,0.0,0.0,0.0,0.0,0.0,0.0,0.0,0.0,0.7784047,1.5203841,0.0,0.0,0.0,0.0,0.0,0.0,0.0,0.0,0.0,0.0,0.0,0.0,0.0,0.0,0.0,0.0,0.0,0.0,0.0,0.0,0.0,0.0,0.0,0.0,0.0,0.0,0.0,0.0,0.0
ATP2B1,0.8471455,0.0,0.0,0.0,0.0,0.65338784,0.84484196,0.0,0.0,0.47349092,0.3526248,0.84672683,0.5578004,0.0,1.0902166,0.0,0.0,0.0,0.8117672,0.0,0.0,0.0,0.66567594,0.0,0.2958905,0.0,0.0,0.0,0.0,0.0,0.0,0.0,0.0,0.0,0.0,0.0,0.0,0.0,0.0,0.0,0.0,0.0
ENSG00000271614,0.0,0.0,1.0265119,0.75747705,0.0,0.37521976,0.58423555,0.0,0.0,0.18083665,0.0,1.5802746,0.0,0.0,0.0,0.0,0.0,0.0,0.0,0.0,0.0,0.0,0.8266882,0.0,0.0,0.0,0.0,0.0,0.0,0.0,0.0,0.0,0.0,0.0,0.0,0.0,0.0,0.0,0.0,0.0,0.0,0.0
BTG1,3.039263,2.2670116,2.077375,1.6016121,2.4181523,1.5505899,1.6501027,0.0,0.0,2.0048232,3.4060898,2.6398644,1.4643317,3.7291694,3.5254283,2.511632,2.7853184,0.0,3.1686702,3.115211,3.371156,3.8575656,2.286964,0.79302317,0.79695255,3.6043086,3.2763848,1.0152478,2.9619768,2.842295,3.337018,3.2004066,3.5727403,3.6047828,3.2548304,3.1480103,3.1326132,3.2461548,3.4658113,3.512152,3.6546469,1.4950312
EEA1,0.58264226,0.0,0.0,0.0,0.0,0.0,0.32769254,0.0,0.0,0.0,0.0,0.0,0.0,0.0,0.0,0.0,0.0,0.0,0.0,0.0,0.0,0.0,0.0,0.0,0.0,0.0,0.0,0.0,0.0,0.0,0.0,0.0,0.0,0.0,0.0,0.0,0.0,0.0,0.0,0.0,0.0,0.0
NUDT4,0.0,0.0,0.0,0.0,0.0,0.0,0.0,0.5426929,0.0,0.0,0.0,0.0,0.0,0.0,0.0,0.0,0.0,0.0,0.0,0.0,0.0,0.0,0.0,0.0,0.28265542,0.0,0.0,0.0,0.0,0.0,0.0,0.0,0.0,0.0,0.0,0.0,0.0,0.0,0.0,0.0,0.0,0.0
UBE2N,0.0,0.0,0.0,0.4595206,0.7224314,0.49875098,0.45611674,0.67908335,0.0,0.63381934,0.0,0.0,0.0,0.0,0.8421502,0.0,0.0,0.0,0.0,0.0,0.0,0.0,0.0,0.0,0.6677885,0.0,0.0,0.44548702,0.0,0.0,0.0,0.0,0.0,0.0,0.0,0.0,0.0,0.0,0.0,0.0,0.0,0.0
MRPL42,0.0,0.0,0.0,0.0,0.0,0.0,0.0,0.5913069,0.0,0.0,0.0,0.0,0.0,0.0,0.0,0.0,0.0,0.0,0.0,0.0,0.0,0.0,0.0,0.0,0.32550788,0.0,0.0,0.0,0.0,0.0,0.0,0.0,0.0,0.0,0.0,0.0,0.0,0.0,0.0,0.0,0.0,0.0
SOCS2-AS1,0.0,0.0,0.0,0.0,0.0,0.0,0.0,0.0,0.0,0.0,0.0,0.0,0.0,0.0,0.0,0.0,0.0,0.0,0.0,0.0,0.0,0.0,0.0,0.0,0.0,0.0,1.1540726,0.0,0.0,0.0,0.0,0.0,0.0,0.0,0.0,0.0,0.0,0.0,0.0,0.0,0.0,0.0
SOCS2,0.0,0.0,0.0,0.0,0.0,0.0,0.0,0.14603369,0.0,0.0,0.0,0.0,0.0,0.0,0.0,0.0,0.0,0.0,0.0,0.0,0.0,0.0,0.0,0.0,0.0,0.0,1.9421482,0.0,0.0,0.0,0.0,0.0,0.0,0.0,0.0,0.0,0.0,0.0,0.0,0.0,0.0,0.0
NDUFA12,0.0,0.0,0.0,0.565871,1.0869462,0.47506863,0.91983026,0.8636942,0.0,0.41801506,0.59476876,0.0,1.141807,0.0,0.0,0.0,0.0,0.0,0.0,0.0,0.0,0.0,0.7203708,0.25083283,0.90058744,0.0,0.0,0.6268258,0.0,0.0,0.0,0.0,0.0,0.0,0.6774614,0.0,0.0,0.0,0.0,0.0,0.0,0.73109716
METAP2,0.0,0.0,0.0,0.57300854,0.6263746,0.3139043,0.5384762,1.5857068,0.0,0.8481529,0.0,0.0,0.0,0.0,0.0,0.0,0.0,0.0,0.0,0.0,0.0,0.0,0.0,0.17707415,0.6790993,0.0,0.0,0.76272094,0.0,0.0,0.0,0.0,0.0,0.0,0.0,0.0,0.0,0.0,0.0,0.0,0.0,0.6180197
SNRPF,0.65283537,0.0,0.0,0.99984616,1.0586631,0.83915305,0.91983026,1.5543965,0.0,1.4993284,0.0,0.0,0.0,0.0,0.0,0.0,0.0,0.0,0.0,0.0,0.0,0.0,0.45232376,0.0,1.0979195,0.0,0.9506155,1.2503688,0.13517354,0.0,0.7884137,0.0,0.71477777,0.0,0.83990026,0.83041644,0.8351424,0.0,0.0,0.0,0.0,0.7800011
LTA4H,0.0,0.0,1.6147392,1.001935,0.0,0.0,0.8126005,0.28555635,0.0,0.0,0.0,0.91348,0.0,0.0,0.0,0.0,0.0,0.0,0.0,0.0,0.0,0.0,1.2401109,0.0,0.20090127,0.0,0.0,0.42504954,0.0,0.0,0.0,0.0,0.0,0.0,0.0,0.0,0.0,0.0,0.0,0.0,0.0,0.0
NEDD1,0.0,0.0,0.0,0.0,0.0,0.0,0.0,0.0,0.0,0.21446666,0.0,0.0,0.0,0.0,0.0,0.0,0.0,0.0,0.0,0.0,0.0,0.0,0.0,0.0,0.0,0.0,0.0,0.0,0.0,0.0,0.0,0.0,0.0,0.0,0.0,0.0,0.0,0.0,0.0,0.0,0.0,0.0
TMPO,0.0,0.0,0.0,1.3731301,1.5345728,0.0,0.56046355,0.8774819,0.0,0.9333116,0.0,0.0,0.7458428,0.0,0.6868571,0.0,0.0,0.0,0.0,0.0,0.0,0.0,0.60086167,0.0,0.9253046,0.0,0.0,0.6562835,0.0,0.0,0.0,0.0,0.0,0.0,0.0,0.0,0.0,0.0,0.0,0.0,0.0,0.0
SLC25A3,1.1879435,0.0,1.2901444,1.6199222,1.6034677,1.6101984,1.6571765,2.0249631,1.1340667,1.7218479,1.2632177,1.5155156,0.5578004,1.034102,1.0902166,1.31817,1.2861981,1.6356406,1.0892406,1.268152,1.2761014,1.1095303,1.3687916,0.6285095,1.6355405,1.3993025,1.8076286,1.7587986,1.3702404,0.0,1.0502588,1.0883193,0.79209673,1.1100078,1.0687308,0.9417947,1.1031663,1.2026212,1.060763,1.0148737,0.9293262,1.1414466
IKBIP,0.0,0.0,0.0,0.0,0.0,0.0,0.0,0.0,0.0,0.0,0.0,0.0,0.0,0.0,0.0,0.0,0.0,0.0,0.0,0.0,0.0,0.0,0.0,0.0,0.27992752,0.0,0.0,0.0,0.0,0.0,0.0,0.0,0.0,0.0,0.0,0.0,0.0,0.0,0.0,0.0,0.0,0.0
APAF1,0.0,0.0,0.0,0.41072604,0.0,0.0,0.41778326,0.0,0.0,0.18083665,0.0,0.0,0.0,0.0,0.0,0.0,0.0,0.0,0.0,0.0,0.0,0.0,0.0,0.0,0.0,0.0,0.0,0.0,0.0,0.0,0.0,0.0,0.0,0.0,0.0,0.0,0.0,0.0,0.0,0.0,0.0,0.0
BLTP3B,0.0,0.0,0.0,0.0,0.0,0.329874,0.0,0.0,0.0,0.0,0.0,0.0,0.0,0.0,0.0,0.0,0.0,0.0,0.0,0.0,0.0,0.0,0.0,0.0,0.0,0.0,0.0,0.0,0.0,0.0,0.0,0.0,0.0,0.0,0.0,0.0,0.0,0.0,0.0,0.0,0.0,0.0
ARL1,0.0,0.0,0.0,0.0,0.0,0.0,0.0,0.0,0.0,0.0,0.0,0.0,0.0,0.0,0.0,0.0,0.0,0.0,0.0,0.0,0.0,0.0,0.0,0.19715774,0.3220604,0.0,0.0,0.0,0.0,0.0,0.0,0.0,0.0,0.0,0.0,0.0,0.0,0.0,0.0,0.0,0.0,0.0
CHPT1,0.0,0.0,0.0,0.0,0.0,0.48126704,0.38106546,0.76632917,0.0,0.314459,0.0,0.0,0.0,0.0,1.0902166,0.0,0.58219385,0.0,0.0,0.0,0.0,0.0,0.0,0.0,0.0,0.0,0.0,0.0,0.0,0.0,0.0,0.0,0.0,0.0,0.0,0.0,0.0,0.0,0.0,0.0,0.0,0.0
GNPTAB,0.0,0.0,0.0,0.0,0.7932589,0.0,0.0,0.0,0.0,0.0,0.0,0.0,0.0,0.0,0.0,0.0,0.0,0.0,0.0,1.2126522,0.0,0.0,0.0,0.0,0.0,0.0,0.0,0.0,0.0,0.0,0.0,0.0,0.0,0.0,0.0,0.0,0.0,0.0,0.0,0.0,0.0,0.0
DRAM1,0.0,0.0,0.0,0.0,0.0,0.0,0.0,0.0,0.0,0.0,0.0,0.4963503,0.0,0.0,0.0,0.0,0.0,0.0,0.0,0.0,0.0,0.0,0.0,0.0,0.0,0.0,0.0,0.0,0.0,0.0,0.0,0.0,0.0,0.0,0.0,0.0,0.0,0.0,0.0,0.0,0.0,0.0
WASHC3,0.0,0.0,0.0,0.0,0.0,0.2875488,0.0,0.0,0.0,0.0,0.0,0.0,0.0,0.0,0.0,0.0,0.0,0.0,0.0,0.0,0.0,0.0,0.0,0.1304064,0.28064317,0.0,0.0,0.0,0.0,0.0,0.0,0.0,0.0,0.0,0.0,0.0,0.0,0.0,0.0,0.0,0.0,0.0
NUP37,0.0,0.0,0.0,0.0,0.0,0.0,0.0,0.40673578,0.0,0.0,0.0,0.0,0.0,0.0,0.0,0.0,0.0,0.0,0.0,0.0,0.0,0.0,0.0,0.0,0.16462293,0.0,0.0,0.0,0.0,0.0,0.0,0.0,0.0,0.0,0.0,0.0,0.0,0.0,0.0,0.0,0.0,0.0
IGF1,0.0,0.0,0.0,0.0,0.0,0.0,0.0,0.0,0.0,0.0,0.0,0.0,0.0,0.0,0.0,0.0,0.0,0.0,0.0,0.0,0.0,0.0,0.0,0.12958227,0.0,0.0,0.0,0.0,0.0,0.0,0.0,0.0,0.0,0.0,0.0,0.0,0.0,0.0,0.0,0.0,0.0,0.0
HSP90B1,1.1365354,1.6898952,1.037384,1.8332853,1.3486116,1.4853401,1.3305334,1.153367,0.0,1.0369529,1.2193325,1.8995714,2.6981828,1.1378303,0.9916867,1.1775415,1.5997365,0.0,1.088584,1.264584,1.0628047,0.0,1.22704,2.712448,3.4322174,1.1221257,0.0,1.9551077,1.0048625,0.0,0.98977053,1.2593193,1.0397422,1.2704523,0.8473741,1.0183704,1.0189285,0.8576395,1.1732996,1.2225345,1.2078601,2.4549823
TDG,0.0,0.0,0.0,0.0,0.0,0.0,0.0,0.38603178,0.0,0.0,0.0,0.0,0.0,0.0,0.0,0.0,0.0,0.0,0.0,0.0,0.0,0.0,0.0,0.0,0.2261846,0.0,0.0,0.0,0.0,0.0,0.0,0.0,0.0,0.0,0.0,0.0,0.0,0.0,0.0,0.0,0.0,0.0
TXNRD1,0.0,0.0,0.0,0.21529189,0.0,0.0,0.3869771,0.34489712,0.0,0.0,0.0,0.0,0.0,0.0,0.0,0.0,0.0,0.0,0.0,0.0,0.0,0.0,0.0,0.0,0.3097772,0.0,0.0,0.26372397,0.0,0.0,0.0,0.0,0.0,0.0,0.0,0.0,0.0,0.0,0.0,0.0,0.0,0.0
CHST11,0.0,0.0,0.0,0.0,0.0,0.0,0.0,0.0,0.0,0.0,0.0,0.0,0.0,0.0,0.6868571,0.0,0.27113533,0.0,0.0,0.0,0.0,0.0,0.0,0.0,0.17878182,0.0,0.0,0.0,0.0,0.0,0.0,0.0,0.0,0.0,0.0,0.0,0.0,0.0,0.0,0.0,0.0,0.0
NOPCHAP1,0.0,0.0,0.0,0.0,0.0,0.0,0.43283626,0.0,0.0,0.0,0.0,0.0,0.0,0.0,0.0,0.0,0.0,0.0,0.0,0.0,0.0,0.0,0.0,0.0,0.31600973,0.0,0.0,0.0,0.0,0.0,0.0,0.0,0.0,0.0,0.0,0.0,0.0,0.0,0.0,0.0,0.0,0.7577783
WASHC4,0.0,0.0,0.0,0.0,0.0,0.0,0.29905957,0.0,0.0,0.23875955,0.0,0.0,1.3272191,0.0,0.0,0.0,0.0,0.0,0.0,0.0,0.0,0.0,0.36915344,0.0,0.0,0.0,0.0,0.0,0.0,0.0,0.0,0.0,0.0,0.0,0.0,0.0,0.0,0.0,0.0,0.0,0.0,0.0
C12orf75,0.0,0.0,0.0,0.0,1.1471331,0.0,0.0,0.0,0.0,0.49282485,0.0,0.0,0.0,0.0,0.0,0.0,0.0,1.1913794,0.0,0.0,0.0,0.0,0.0,0.0,0.8451247,0.0,0.0,0.0,0.0,0.0,0.0,1.1860974,0.0,0.0,0.0,0.0,0.0,0.0,0.0,0.0,0.0,1.8788731
CKAP4,0.0,0.0,0.99883664,0.89504963,0.0,0.0,0.0,0.0,0.0,0.0,0.0,0.0,0.0,0.0,0.0,0.0,0.0,0.0,0.0,0.0,0.0,0.0,0.0,0.46245798,0.56451565,0.0,0.0,0.0,0.0,0.0,0.0,0.0,0.0,0.0,0.0,0.0,0.0,0.0,0.0,0.0,0.0,0.0
TMEM263,0.0,0.0,0.0,0.0,0.0,0.0,0.0,0.0,0.0,0.0,0.0,0.0,0.0,0.0,0.0,0.0,0.0,0.0,0.0,0.0,0.0,0.0,0.0,0.0,0.16462293,0.0,0.0,0.0,0.0,0.0,0.0,0.0,0.0,0.0,0.0,0.0,0.0,0.0,0.0,0.0,0.0,0.0
PWP1,0.0,0.0,0.0,0.0,0.0,0.0,0.0,0.47428232,0.0,0.0,0.0,0.0,0.0,0.0,0.0,0.0,0.0,0.0,0.0,0.0,0.0,0.0,0.0,0.0,0.3117829,0.0,0.0,0.0,0.0,0.0,0.0,0.0,0.0,0.0,0.0,0.0,0.0,0.0,0.0,0.0,0.0,0.0
SART3,0.0,0.0,0.0,0.0,0.0,0.0,0.0,0.0,0.0,0.0,0.0,0.0,0.0,0.0,0.0,0.0,0.0,0.0,0.0,0.0,0.0,0.0,0.0,0.0,0.12881172,0.0,0.0,0.0,0.0,0.0,0.0,0.0,0.0,0.0,0.0,0.0,0.0,0.0,0.0,0.0,0.0,0.0
ISCU,1.1567551,0.0,0.0,0.0,0.5608138,0.3977822,0.41778326,0.55111074,0.0,0.44826725,0.0,0.5221987,0.7257168,0.88470626,0.77814996,0.0,0.0,0.36439082,1.1124687,0.0,0.0,0.0,0.582754,0.71993333,0.8485188,0.0,0.0,0.23891278,0.19933298,0.0,0.84087366,0.0,0.8893249,0.9197452,0.85301465,0.82579887,0.8498967,0.90244776,0.9336143,0.7137665,0.74956125,0.6598234
SELPLG,0.0,0.0,0.0,0.3942686,0.65379786,0.9662237,0.43891594,0.0,0.0,0.0,0.0,0.0,0.0,0.0,0.0,0.0,0.0,0.0,0.0,0.81999445,0.0,0.0,0.8096858,0.0,0.21339111,0.0,0.0,0.0,0.0,0.0,0.0,0.0,0.0,0.0,0.0,0.0,0.0,0.7100663,0.0,0.0,0.0,0.8034687
CORO1C,0.0,0.0,0.0,0.44098204,0.0,0.0,0.3479272,0.18204531,0.0,0.18083665,0.0,0.5046885,0.0,0.0,0.0,0.0,0.0,0.5970048,0.0,0.0,0.0,0.0,0.0,0.0,0.124119386,0.0,0.0,0.0,0.0,0.0,0.0,0.0,0.0,0.0,0.0,0.0,0.0,0.0,0.0,0.0,0.0,0.65632385
UNG,0.0,0.0,0.0,0.0,0.0,0.0,0.0,0.52722687,0.0,0.0,0.0,0.0,0.0,0.0,0.0,0.0,0.0,0.0,0.0,0.0,0.0,0.0,0.0,0.0,0.0,0.0,0.0,0.0,0.0,0.0,0.0,0.0,0.0,0.0,0.0,0.0,0.0,0.0,0.0,0.0,0.0,0.0
KCTD10,0.0,0.0,0.0,0.0,0.0,0.0,0.0,0.0,0.0,0.18155362,0.0,0.0,0.0,0.0,0.0,0.0,0.0,0.0,0.0,0.0,0.0,0.0,0.0,0.0,0.0,0.0,0.0,0.0,0.0,0.0,0.0,0.0,0.0,0.0,0.0,0.0,0.0,0.0,0.0,0.0,0.0,0.0
MMAB,0.0,0.0,0.0,0.0,0.0,0.0,0.0,0.1495519,0.0,0.0,0.0,0.0,0.0,0.0,0.0,0.0,0.0,0.0,0.0,0.0,0.0,0.0,0.0,0.0,0.0,0.0,0.0,0.0,0.0,0.0,0.0,0.0,0.0,0.0,0.0,0.0,0.0,0.0,0.0,0.0,0.0,0.0
GLTP,0.0,0.0,0.0,0.26229984,0.0,0.48604932,0.33419082,0.0,0.0,0.0,0.0,0.0,0.0,0.0,0.0,0.0,0.0,0.0,0.0,0.0,0.0,0.0,0.0,0.0,0.0,0.0,0.0,0.0,0.0,0.0,0.0,0.0,0.0,0.0,0.0,0.0,0.0,0.0,0.0,0.0,0.0,0.0
GIT2,0.0,0.0,0.0,0.0,0.0,0.0,0.40772784,0.0,0.0,0.0,0.0,0.0,0.0,0.0,0.0,0.0,0.0,0.0,0.0,0.0,0.0,0.0,0.0,0.0,0.0,0.0,0.0,0.0,0.0,0.0,0.0,0.0,0.0,0.0,0.0,0.0,0.0,0.0,0.0,0.0,0.0,0.5552654
ANKRD13A,0.0,0.0,0.0,0.0,0.0,0.0,0.0,0.0,0.0,0.47256014,0.0,0.0,0.0,0.0,0.9916867,0.0,0.0,0.0,0.0,0.0,0.0,0.0,0.0,0.0,0.0,0.0,0.0,0.0,0.0,0.0,0.0,0.0,0.0,0.0,0.0,0.0,0.0,0.0,0.0,0.0,0.0,0.0
ATP2A2,0.0,0.0,0.0,0.44126976,0.0,0.37093928,0.0,0.0,0.0,0.21446666,0.0,0.6449004,0.91374826,0.0,0.0,0.0,0.0,0.0,0.0,0.0,0.0,0.0,0.0,0.0,0.3734547,0.0,0.0,0.14991158,0.0,0.0,0.0,0.0,0.0,0.0,0.0,0.0,0.0,0.0,0.0,0.0,0.0,0.0
ANAPC7,0.0,0.0,0.0,0.0,0.0,0.0,0.0,0.24969327,0.0,0.21446666,0.0,0.0,0.0,0.0,0.0,0.0,0.0,0.0,0.0,0.0,0.0,0.0,0.0,0.0,0.0,0.0,0.0,0.0,0.0,0.0,0.0,0.0,0.0,0.0,0.0,0.0,0.0,0.0,0.0,0.0,0.0,0.0
ARPC3,2.1239092,2.2043674,2.113316,2.0978098,2.0838466,2.0862525,2.419537,1.30518,2.5284958,2.030753,1.4382622,2.508893,2.3604677,1.4554077,1.7812538,1.9636611,1.5505152,1.9008658,1.871084,1.9105867,1.7228633,1.9502082,2.5454764,0.6739177,1.641238,1.9399924,1.7345462,1.6490017,1.6796868,0.0,1.514454,1.6924223,1.3699448,1.5977023,1.3255218,1.0399919,1.3913405,1.6330498,1.5877167,1.3441353,1.4201515,2.2160354
GPN3,0.0,0.0,0.0,0.0,0.0,0.0,0.0,0.31554723,0.0,0.0,0.0,0.0,0.0,0.0,0.0,0.0,0.0,0.0,0.0,0.0,0.0,0.0,0.0,0.0,0.22068115,0.0,0.0,0.0,0.0,0.0,0.0,0.0,0.0,0.0,0.0,0.0,0.0,0.0,0.0,0.0,0.0,0.0
VPS29,0.0,0.0,0.0,0.8122345,0.8263555,0.685242,0.82148993,0.87109375,0.44440928,0.9779134,0.0,0.4963503,0.0,0.0,0.0,0.0,0.0,0.2523833,0.0,0.0,0.0,0.0,0.76013553,0.16501774,0.77076435,0.0,0.0,0.46326452,0.0,0.0,0.0,0.0,0.0,0.0,0.0,0.0,0.0,0.0,0.0,0.0,0.0,0.6884558
HVCN1,0.8087835,0.0,0.0,0.0,0.0,0.0,0.0,0.0,0.0,0.0,0.0,0.0,0.44090223,0.0,0.0,0.0,0.0,0.0,0.0,0.0,0.0,1.2271174,0.0,0.0,0.0,0.0,0.0,0.0,0.0,0.0,0.0,0.0,0.0,0.0,0.0,0.0,0.0,0.0,0.0,0.0,0.0,0.0
PPP1CC,0.886296,0.0,0.0,0.76909447,0.6338428,0.6620797,0.51747286,1.0267801,0.0,1.0172601,0.0,0.0,0.44090223,0.0,0.0,0.0,0.0,0.0,0.0,0.0,0.0,0.0,0.5612577,0.30019924,0.774931,0.0,0.0,0.65760726,0.19114219,0.0,0.0,0.0,0.0,0.0,0.0,0.0,0.0,0.0,0.0,0.0,0.0,0.0
SH2B3,0.0,0.0,0.0,0.0,0.0,0.5035982,0.3996023,0.0,0.0,0.0,0.0,0.0,1.4347595,0.0,0.0,0.0,0.0,0.0,0.0,0.0,0.0,0.0,0.54248685,0.0,0.0,0.0,0.0,0.0,0.0,0.0,0.0,0.0,0.0,0.0,0.0,0.0,0.0,0.0,0.0,0.0,0.0,0.5126575
ALDH2,0.0,0.0,0.48472798,0.0,0.0,0.48126704,0.94222367,0.0,0.0,0.0,0.0,0.5104259,0.7257168,0.0,0.0,0.0,0.0,0.0,0.0,0.0,0.0,0.0,0.0,0.0,0.0,0.0,0.0,0.0,0.0,0.0,0.0,0.0,0.0,0.0,0.0,0.0,0.0,0.0,0.0,0.0,0.0,0.7261298
MAPKAPK5-AS1,0.0,0.0,0.0,0.0,0.0,0.0,0.0,0.0,0.0,0.0,0.0,0.0,0.0,0.0,0.0,0.0,0.0,0.0,0.0,0.0,0.0,0.0,0.0,0.0,0.1666439,0.0,0.0,0.0,0.0,0.0,0.0,0.0,0.0,0.0,0.0,0.0,0.0,0.0,0.0,0.0,0.0,0.0
ERP29,1.4011769,0.0,1.0705117,1.4022561,1.1704175,0.99629664,1.3490015,0.95350975,0.0,1.4905534,0.0,0.5950968,1.1757209,1.0832516,1.0902166,0.91946745,0.0,0.0,1.2534785,0.86334777,0.83345306,1.3924761,1.0435996,1.03118,1.6010207,2.0186663,1.4101219,1.2190752,1.3774803,0.0,1.3541037,1.1518477,1.2281411,1.1225091,1.4030826,1.3081665,1.1682353,1.2668686,1.1556109,1.0887113,1.3962387,2.166005
RPL6,3.2317328,2.8430557,2.830989,2.8650117,2.738665,3.1947412,3.3414783,3.5847912,2.781338,3.309667,3.0575922,2.743459,3.1529403,3.2865746,3.0359282,3.1451097,3.154961,2.4733586,3.213735,2.9633346,3.1761076,3.2675192,2.8769574,2.2321799,2.9123108,2.8868237,3.0469747,3.409379,2.9586277,1.5106838,3.5258172,3.1443,3.380618,2.9957986,3.6218784,2.972322,3.3355615,3.3243067,3.0558305,3.1568089,3.1048925,3.5873303
PTPN11,0.0,0.0,0.0,0.0,0.0,0.0,0.0,0.31008708,0.0,0.47256014,0.0,0.0,0.5578004,0.0,0.0,0.0,0.0,0.0,0.0,0.0,0.0,0.0,0.0,0.0,0.15287328,0.0,0.0,0.0,0.0,0.0,0.0,0.0,0.0,0.0,0.0,0.0,0.0,0.0,0.0,0.0,0.0,0.0
OAS1,0.0,0.0,0.0,0.0,0.0,0.0,0.0,0.0,0.0,0.0,0.0,0.0,0.0,0.0,0.0,0.0,0.0,0.0,0.0,0.0,0.0,0.0,0.5689521,0.0,0.0,0.0,0.0,0.0,0.0,0.0,0.0,0.0,0.0,0.0,0.0,0.0,0.0,0.0,0.0,0.0,0.0,0.0
OAS2,0.0,0.0,0.0,0.0,0.0,0.0,0.0,0.0,0.0,0.0,0.0,0.0,0.0,0.0,0.0,0.0,0.0,0.0,0.0,0.0,0.0,0.0,0.0,0.0,0.09044729,0.0,0.0,0.0,0.0,0.0,0.0,0.0,0.0,0.0,0.0,0.0,0.0,0.0,0.0,0.0,0.0,0.0
DTX1,0.0,0.0,0.0,0.0,0.0,0.0,0.0,0.0,0.0,0.0,0.0,0.0,0.0,0.0,0.0,0.0,0.0,0.0,0.0,0.0,0.0,0.0,0.0,0.0,0.0,1.6847329,0.0,0.0,0.0,0.0,0.0,0.0,0.0,0.0,0.0,0.0,0.0,0.0,0.0,0.0,0.0,0.0
DDX54,0.0,0.0,0.0,0.0,0.0,0.0,0.35920435,0.5619507,0.0,0.21446666,0.0,0.0,0.0,0.0,0.0,0.0,0.0,0.0,0.0,0.0,0.0,0.0,0.0,0.0,0.41827974,1.329276,0.0,0.0,0.0,0.0,0.0,0.0,0.0,0.0,0.0,0.0,0.0,0.0,0.0,0.0,0.0,0.0
RITA1,0.0,0.0,0.0,0.0,0.0,0.0,0.0,0.18566182,0.0,0.0,0.0,0.0,0.0,0.0,0.0,0.0,0.0,0.0,0.0,0.0,0.0,0.0,0.0,0.0,0.0,0.0,0.0,0.0,0.0,0.0,0.0,0.0,0.0,0.0,0.0,0.0,0.0,0.0,0.0,0.0,0.0,0.0
PLBD2,0.0,0.0,0.0,0.0,0.0,0.0,0.0,0.0,0.0,0.0,0.0,0.0,0.44090223,0.0,0.0,0.0,0.0,0.0,0.0,0.0,0.0,0.0,0.0,0.0,0.0,0.0,0.0,0.0,0.0,0.0,0.0,0.0,0.0,0.0,0.0,0.0,0.0,0.0,0.0,0.0,0.0,0.0
SDS,0.0,0.0,0.0,0.0,0.0,0.0,0.0,0.0,0.0,0.0,0.0,0.0,0.5578004,0.0,0.0,0.0,0.0,0.0,0.0,0.0,0.0,0.0,0.0,0.0,0.0,0.0,0.0,0.0,0.0,0.0,0.0,0.0,0.0,0.0,0.0,0.0,0.0,0.0,0.0,0.0,0.0,0.0
MED13L,0.0,0.0,0.7659082,0.6950556,0.0,0.0,0.49660182,0.0,0.0,0.0,0.0,0.0,0.0,0.0,0.0,0.0,1.1599637,0.0,0.0,0.0,0.0,0.0,0.5396968,0.2674124,0.44463843,0.0,1.1540726,0.48220298,0.0,0.0,0.0,0.0,0.0,0.0,0.0,0.0,0.0,0.0,0.0,0.0,0.0,0.78044915
TESC,0.0,0.0,0.0,0.5354714,0.0,0.0,0.0,0.6706564,0.0,0.0,0.0,0.0,0.0,0.0,0.0,0.0,0.0,0.117325075,0.0,0.0,0.0,0.0,0.56050354,0.0,0.16683619,0.0,0.0,0.23499964,0.0,0.0,0.0,0.0,0.0,0.0,0.0,0.0,0.0,0.0,0.0,0.0,0.0,0.0
RFC5,0.0,0.0,0.0,0.0,0.0,0.0,0.0,0.2773953,0.0,0.0,0.0,0.0,0.0,0.0,0.0,0.0,0.0,0.0,0.0,0.0,0.0,0.0,0.0,0.0,0.0,0.0,0.0,0.0,0.0,0.0,0.0,0.0,0.0,0.0,0.0,0.0,0.0,0.0,0.0,0.0,0.0,0.0
PEBP1,0.8471455,0.0,0.0,0.640591,0.5570519,0.9168612,0.9479214,1.6116817,1.1439662,0.6334858,1.2076957,0.0,0.44090223,1.0438974,0.6868571,0.37106457,0.0,0.0,1.015828,0.0,0.0,0.0,0.0,0.55521584,1.4390306,0.0,1.0764471,1.465668,0.47820127,0.0,1.0712471,0.7581828,1.0694212,0.86938,1.0556656,0.87940216,0.97308326,0.9621577,0.9968357,0.9941467,1.0800302,1.2755146
TAOK3,0.5121089,0.0,0.48370028,0.59757876,0.7460762,0.5035982,0.76983976,0.0,0.0,0.0,0.0,0.4254868,0.97920024,0.0,0.0,0.0,0.0,0.5395023,0.0,0.0,0.0,0.0,0.7549694,0.0,0.23792577,0.0,0.0,0.5782776,0.0,0.0,0.0,0.0,0.0,0.0,0.0,0.0,0.0,0.0,0.0,0.0,0.0,0.7602565
SUDS3,0.0,0.0,0.0,0.0,0.0,0.0,0.0,0.0,0.0,0.0,0.0,0.0,0.0,0.0,0.0,0.0,0.0,0.0,0.0,0.0,0.0,0.0,0.0,0.0,0.14557157,0.0,0.0,0.0,0.0,0.0,0.0,0.0,0.0,0.0,0.0,0.0,0.0,0.0,0.0,0.0,0.0,0.0
PRKAB1,0.0,0.0,0.0,0.0,0.0,0.0,0.0,0.308616,0.0,0.0,0.0,0.0,0.0,0.0,0.0,0.0,0.0,0.0,0.0,0.0,0.0,0.0,0.0,0.0,0.0,0.0,0.0,0.0,0.0,0.0,0.0,0.0,0.0,0.0,0.0,0.0,0.0,0.0,0.0,0.0,0.0,0.0
RAB35,0.0,0.0,0.0,0.0,0.0,0.0,0.0,0.0,0.0,0.0,0.0,0.0,0.5578004,0.0,0.0,0.0,0.0,0.0,0.0,0.0,0.0,0.0,0.0,0.0,0.0,0.0,0.0,0.0,0.0,0.0,0.0,0.0,0.0,0.0,0.0,0.0,0.0,0.0,0.0,0.0,0.0,0.0
RPLP0,2.9918675,2.5481763,2.3854308,2.9783883,2.584938,3.300474,3.1027858,4.1404953,2.7471728,3.402092,2.7668653,2.717322,2.7275865,3.0794706,3.1956506,2.9332354,2.926241,2.9873648,3.0643978,2.2169318,2.7323976,3.2701945,2.4864292,2.3630173,3.114972,3.0309732,3.2127523,3.5356379,2.9399285,1.6191076,3.3347344,2.4340453,2.9988863,2.5276518,3.2809148,3.4555368,3.2835107,2.8916678,2.5751264,2.9581084,3.0086277,3.3505068
PXN,0.0,0.0,0.0,0.0,0.6263746,0.3556153,0.3358107,0.0,0.0,0.0,0.0,0.0,0.0,0.0,0.0,0.0,0.0,0.0,0.0,0.0,0.0,0.0,0.0,0.0,0.0,0.0,0.0,0.0,0.0,0.0,0.0,0.0,0.0,0.0,0.0,0.0,0.0,0.0,0.0,0.0,0.0,0.0
COX6A1,1.2390066,0.8459288,1.1133602,1.4096539,1.6674116,1.515971,1.3876458,1.6582735,1.8345932,1.6511459,0.94255817,1.6304033,1.1757209,1.0838984,1.3768444,1.157054,1.2224512,1.5541654,1.1520698,1.262763,1.1988099,1.1865715,1.5599654,1.0275245,1.8088671,1.2576432,1.4101219,1.324529,0.9787562,0.0,1.0739671,1.1534041,1.012971,1.1339561,0.97482747,0.9620731,0.9764752,1.1481606,1.121387,1.0795168,1.1596017,1.422273
TRIAP1,0.0,0.0,0.0,0.0,0.0,0.0,0.0,0.3961457,0.0,0.0,0.0,0.0,0.0,0.0,0.0,0.0,0.0,0.0,0.0,0.0,0.0,0.0,0.0,0.0,0.12525262,0.0,0.0,0.0,0.0,0.0,0.0,0.0,0.0,0.0,0.0,0.0,0.0,0.0,0.0,0.0,0.0,0.0
SRSF9,0.58264226,0.0,0.9260225,1.2774994,1.0193914,1.1705313,1.199729,1.1592011,0.0,1.0187601,0.5784484,0.7784047,0.0,0.0,0.0,0.0,1.1006752,0.0,0.0,0.99807787,0.8492477,0.0,0.81319594,0.55936944,1.3959527,1.3126262,1.515377,1.260486,0.5395761,0.0,0.71621996,0.9698183,0.8230632,0.0,0.78244054,0.0,0.76841086,0.8699411,0.89067817,0.0,0.0,1.1965919
DYNLL1,0.0,0.0,0.71236163,0.98712516,1.0274644,1.0784061,1.1870065,1.4959435,1.6251612,1.286627,0.0,0.90413547,0.5578004,0.0,0.0,0.63700837,0.7311593,2.0512843,0.0,0.0,0.0,0.0,0.96773976,0.70692647,1.4091864,0.882176,0.0,1.1405785,0.0,0.0,0.0,0.0,0.0,0.0,0.0,0.0,0.0,0.7100663,0.0,0.0,0.0,1.271992
RNF10,0.0,0.0,0.0,0.0,0.0,0.37521976,0.3404857,0.4650988,0.0,0.41463724,0.0,0.0,0.0,0.0,0.0,0.0,0.0,0.28245133,0.0,0.0,0.0,0.0,0.0,0.0,0.27992752,0.0,0.0,0.0,0.0,0.0,0.0,0.0,0.0,0.0,0.0,0.0,0.0,0.0,0.0,0.0,0.0,0.0
POP5,0.0,0.0,0.0,0.0,0.0,0.0,0.33851904,0.22834241,0.0,0.18083665,0.0,0.0,0.0,0.0,0.0,0.0,0.0,0.0,0.0,0.0,0.0,0.0,0.0,0.0,0.37302485,0.0,0.0,0.0,0.0,0.0,0.0,0.0,0.0,0.0,0.0,0.0,0.0,0.0,0.0,0.0,0.0,0.0
MLEC,0.0,0.0,0.0,0.48894972,0.4719042,0.3431283,0.528968,0.4264631,0.0,0.18083665,0.0,0.0,0.0,0.0,0.0,0.0,0.0,0.8446063,0.0,0.0,0.0,0.0,0.0,0.49981987,1.0831999,0.0,0.0,0.78524935,0.0,0.0,0.0,0.0,0.0,0.0,0.0,0.0,0.0,0.0,0.0,0.0,0.0,0.7239335
ANAPC5,0.0,0.0,0.0,0.52630085,0.6936492,0.3977822,0.43932745,0.8239959,0.0,0.93481153,0.0,0.0,0.0,0.0,0.0,0.0,0.0,0.6760093,0.0,0.0,0.0,0.0,0.0,0.3458126,0.92212313,0.0,0.0,0.7386512,0.0,0.0,0.0,0.0,0.0,0.0,0.0,0.0,0.0,0.0,0.0,0.0,0.0,0.7454647
RNF34,0.0,0.0,0.0,0.0,0.0,0.0,0.0,0.0,0.0,0.0,0.0,0.0,0.0,0.0,0.0,0.0,0.0,0.0,0.0,0.0,0.0,0.0,0.0,0.0,0.113108404,0.0,0.0,0.0,0.0,0.0,0.0,0.0,0.0,0.0,0.0,0.0,0.0,0.0,0.0,0.0,0.0,0.0
KDM2B,0.0,0.0,0.0,0.0,0.0,0.28951037,0.0,0.0,0.0,0.0,0.0,0.0,0.0,0.0,0.0,0.0,0.0,0.0,0.0,0.0,0.0,0.0,0.0,0.0,0.0,0.0,0.0,0.0,0.0,0.0,0.0,0.0,0.0,0.0,0.0,0.0,0.0,0.0,0.0,0.0,0.0,0.0
ENSG00000276045,0.0,0.0,0.0,0.0,0.2905417,0.0,0.0,0.0,0.0,0.0,0.0,0.0,0.0,0.0,0.77814996,0.0,0.0,0.0,0.0,0.0,0.0,0.0,0.0,0.0,0.0,0.0,0.0,0.0,0.0,0.0,0.0,0.0,0.0,0.0,0.0,0.0,0.0,0.0,0.0,0.0,0.0,0.0
RHOF,0.0,0.0,0.0,0.0,0.635717,0.50819945,0.3259039,0.0,0.0,0.18083665,0.0,0.0,0.0,0.0,0.0,0.0,0.0,0.8538615,0.0,0.0,0.0,0.0,0.0,0.0,0.1146783,0.0,0.0,0.0,0.0,0.0,0.0,0.0,0.0,0.0,0.0,0.0,0.0,0.0,0.0,0.0,0.0,0.0
PSMD9,0.0,0.0,0.0,0.3942686,0.6349451,0.0,0.49283025,0.85869616,0.0,0.42031318,0.0,0.0,0.0,0.0,0.0,0.0,0.0,0.0,0.0,0.0,0.0,0.0,0.0,0.0,0.6228536,0.0,0.0,0.24518287,0.0,0.0,0.0,0.0,0.0,0.0,0.0,0.0,0.0,0.0,0.0,0.0,0.0,0.58529127
BCL7A,0.0,0.0,0.0,0.0,0.0,0.0,0.0,0.1766852,0.0,0.18155362,0.0,0.0,0.0,0.0,0.0,0.0,0.0,0.0,0.0,0.0,0.0,0.0,0.0,0.0,0.0,1.8164778,0.0,0.0,0.0,0.0,0.0,0.0,0.0,0.0,0.0,0.0,0.0,0.0,0.0,0.0,0.0,0.72549915
MLXIP,0.0,0.0,0.0,0.0,0.0,0.0,0.0,0.0,0.0,0.0,0.0,0.0,0.0,0.0,0.0,0.0,0.0,0.0,0.0,0.0,0.0,0.0,0.0,0.0,0.0,0.0,1.5827801,0.2199606,0.0,0.0,0.0,0.0,0.0,0.0,0.0,0.0,0.0,0.0,0.0,0.0,0.0,0.0
CLIP1,0.0,0.0,0.0,0.0,0.0,0.34146005,0.36097383,0.0,0.0,0.44826725,0.0,0.0,0.44090223,0.0,0.0,0.0,0.0,0.0,0.0,0.0,0.0,0.0,0.0,0.0,0.0,0.0,0.0,0.0,0.0,0.0,0.0,0.0,0.0,0.0,0.0,0.0,0.0,0.0,0.0,0.0,0.0,0.0
ZCCHC8,0.0,0.0,0.0,0.0,0.0,0.0,0.0,0.0,0.0,0.18083665,0.0,0.0,0.0,0.0,0.0,0.0,0.0,0.0,0.0,0.0,0.0,0.0,0.0,0.0,0.30612123,0.0,0.0,0.0,0.0,0.0,0.0,0.0,0.0,0.0,0.0,0.0,0.0,0.0,0.0,0.0,0.0,0.0
RSRC2,1.1567551,0.0,0.84836596,1.0111136,1.177933,0.52941227,0.792229,0.7221045,0.0,1.0785167,1.0716889,0.5073828,1.141807,0.9323982,1.1810663,0.0,0.7903112,0.0,0.9166212,1.0932742,0.9375669,0.0,0.6203145,0.28415126,0.87785685,1.1291785,0.9181548,0.83116853,0.19114219,0.0,0.9079722,1.1294718,0.98239446,1.1134288,0.90867895,0.9958745,0.8835387,1.0429444,1.1113049,1.0412813,1.0810587,0.81726676
DENR,0.0,0.0,0.0,0.0,0.42602977,0.34549886,0.38839248,0.45335034,0.0,0.21446666,0.0,0.0,0.7257168,0.0,0.0,0.0,0.0,0.0,0.0,0.0,0.0,0.0,0.0,0.0,0.4188397,0.0,0.0,0.4073069,0.0,0.0,0.0,0.0,0.0,0.0,0.0,0.0,0.0,0.0,0.0,0.0,0.0,0.55297554
VPS37B,0.0,0.0,0.0,0.0,0.0,0.0,0.0,0.5026847,0.0,0.0,0.0,0.0,0.0,0.0,0.0,0.0,0.0,0.0,0.0,0.0,0.0,0.0,0.0,0.34609064,0.30593717,0.0,0.0,0.0,0.0,0.0,0.0,0.0,0.0,0.0,0.0,0.0,0.0,0.0,0.0,0.0,0.0,0.0
ABCB9,0.0,0.0,0.0,0.0,0.0,0.0,0.0,0.0,0.0,0.0,0.0,0.0,0.0,0.0,0.0,0.0,0.0,0.0,0.0,0.0,0.0,0.0,0.0,0.25018308,0.0,0.0,0.0,0.0,0.0,0.0,0.0,0.0,0.0,0.0,0.0,0.0,0.0,0.0,0.0,0.0,0.0,0.0
ARL6IP4,1.1102121,0.0,1.0253923,1.3123609,1.4261693,1.0942316,1.2127186,1.3088658,1.3956617,1.2294254,1.1449375,0.8840804,0.7257168,0.93342704,0.8421502,0.6016998,1.2384946,1.1217623,0.95738614,1.0844812,0.98622566,0.0,1.3308761,0.73701125,1.2210903,0.0,0.0,1.3097906,1.1885498,0.0,0.9896644,1.0614426,1.0065377,1.0126925,0.9554131,0.9422716,1.0052176,1.0868847,1.0531672,1.0079719,1.0624948,1.088875
MPHOSPH9,0.0,0.0,0.0,0.0,0.5861735,0.0,0.0,0.0,0.0,0.3640731,0.0,0.0,0.0,0.0,0.0,0.0,0.0,0.0,0.0,0.0,0.0,0.0,0.0,0.0,0.0,0.0,0.0,0.0,0.0,0.0,0.0,0.0,0.0,0.0,0.0,0.0,0.0,0.0,0.0,0.0,0.0,0.0
MTRFR,0.0,0.0,0.0,0.0,0.0,0.0,0.0,0.19282532,0.0,0.0,0.0,0.0,0.0,0.0,0.0,0.0,0.0,0.0,0.0,0.0,0.0,0.0,0.0,0.0,0.0,0.0,0.0,0.0,0.0,0.0,0.0,0.0,0.0,0.0,0.0,0.0,0.0,0.0,0.0,0.0,0.0,0.0
CDK2AP1,0.0,0.0,0.0,0.0,0.0,1.0655091,0.49489614,0.51235026,0.0,0.23380059,0.0,0.0,0.0,0.0,0.0,0.0,0.0,0.7544199,0.0,0.0,0.0,0.0,0.0,0.0,0.0,0.0,0.0,0.5399854,0.0,0.0,0.0,0.0,0.0,0.0,0.0,0.0,0.0,0.0,0.0,0.0,0.0,0.0
SBNO1,0.0,0.0,0.0,0.0,0.0,0.34146005,0.3007177,0.29918575,0.0,0.0,0.0,0.0,0.0,0.0,0.0,0.0,0.0,0.0,0.0,0.0,0.0,0.0,0.0,0.0,0.17694849,0.0,0.0,0.30548704,0.0,0.0,0.0,0.0,0.0,0.0,0.0,0.0,0.0,0.0,0.0,0.0,0.0,0.0
KMT5A,0.0,0.0,0.0,0.0,0.0,0.0,0.0,0.17016856,0.0,0.57238364,0.0,0.0,0.0,0.0,0.0,0.0,0.0,0.0,0.0,0.0,0.0,0.0,0.0,0.0,0.0,0.0,0.0,0.0,0.0,0.0,0.0,0.0,0.0,0.0,0.0,0.0,0.0,0.0,0.0,0.0,0.0,0.0
RILPL2,0.565376,0.0,0.7261574,0.69849586,0.0,0.65338784,0.9150027,0.0,0.0,0.21446666,0.0,1.0348424,0.44090223,0.0,0.0,0.0,0.0,0.8830175,0.0,0.0,0.0,0.0,0.9909406,0.0,0.0,0.0,0.0,0.50844574,0.0,0.0,0.0,0.0,0.0,0.0,0.0,0.0,0.0,0.0,0.0,0.0,0.0,0.57844657
SNRNP35,0.0,0.0,0.0,0.0,0.0,0.0,0.0,0.0,0.0,0.18083665,0.0,0.0,0.0,0.0,0.0,0.0,0.0,0.0,0.0,0.0,0.0,0.0,0.0,0.0,0.0,0.0,0.0,0.0,0.0,0.0,0.0,0.0,0.0,0.0,0.0,0.0,0.0,0.0,0.0,0.0,0.0,0.0
TMED2,0.0,0.0,0.0,0.713489,0.6199969,0.57750386,0.6915261,0.59142935,0.0,0.0,0.0,0.5046885,0.0,0.0,0.0,0.0,0.0,0.0,0.0,0.0,0.0,0.0,0.0,0.83804977,1.1100605,0.0,0.0,0.6610052,0.62491465,0.0,0.0,0.0,0.0,0.0,0.0,0.0,0.0,0.0,0.0,0.0,0.0,0.9975138
DDX55,0.0,0.0,0.0,0.0,0.0,0.0,0.0,0.0,0.0,0.0,0.0,0.0,0.0,0.0,0.0,0.0,0.0,0.0,0.0,0.0,0.0,0.0,0.0,0.0,0.13131355,0.0,0.0,0.0,0.0,0.0,0.0,0.0,0.0,0.0,0.0,0.0,0.0,0.0,0.0,0.0,0.0,0.0
EIF2B1,0.0,0.0,0.0,0.0,0.0,0.0,0.0,0.33730862,0.0,0.18155362,0.0,0.0,0.0,0.0,0.0,0.0,0.0,0.0,0.0,0.0,0.0,0.0,0.0,0.0,0.23792198,0.0,0.0,0.0,0.0,0.0,0.0,0.0,0.0,0.0,0.0,0.0,0.0,0.0,0.0,0.0,0.0,0.0
GTF2H3,0.0,0.0,0.0,0.0,0.0,0.0,0.0,0.18280953,0.0,0.0,0.0,0.0,0.0,0.0,0.0,0.0,0.0,0.0,0.0,0.0,0.0,0.0,0.0,0.0,0.0,0.0,0.0,0.0,0.0,0.0,0.0,0.0,0.0,0.0,0.0,0.0,0.0,0.0,0.0,0.0,0.0,0.0
ATP6V0A2,0.0,0.0,0.0,0.0,0.0,0.3556153,0.0,0.0,0.0,0.0,0.0,0.0,0.0,0.0,0.0,0.0,0.36532193,0.0,0.0,0.0,0.0,0.0,0.0,0.0,0.0,0.0,0.0,0.0,0.0,0.0,0.0,0.0,0.0,0.0,0.0,0.0,0.0,0.0,0.0,0.0,0.0,0.0
NCOR2,0.0,0.0,0.0,0.0,0.0,0.34549886,0.42593443,0.0,0.0,0.0,0.0,0.72981226,0.0,0.0,0.0,0.0,0.0,0.0,0.0,0.0,0.0,0.0,0.0,0.0,0.0,0.0,0.0,0.0,0.0,0.0,0.0,0.0,0.0,0.0,0.0,0.0,0.0,0.0,0.0,0.0,0.0,0.0
UBC,2.54591,2.1226137,2.4618058,2.3220901,2.6755328,2.447299,2.5801156,1.5821486,2.1376503,1.7618923,2.7832174,2.5800726,2.7275865,2.828108,2.6541944,2.7464943,1.8647212,1.948061,2.7111952,2.8236547,2.7586899,2.4040544,2.7301936,2.449355,2.0996041,2.1865115,2.1975803,1.9814415,2.780664,1.9426601,2.5817277,2.5808945,2.720931,2.7189286,2.4183717,2.9452546,2.1197064,2.8485713,2.7977884,3.0647454,2.7713172,2.782092
BRI3BP,0.0,0.0,0.0,0.0,0.0,0.0,0.27371624,0.0,0.0,0.0,0.0,0.0,0.0,0.0,0.0,0.0,0.0,0.0,0.0,0.0,0.0,0.0,0.0,0.0,0.37321734,0.0,0.0,0.23720181,0.0,0.0,0.0,0.0,0.0,0.0,0.0,0.0,0.0,0.0,0.0,0.0,0.0,0.0
SLC15A4,0.0,0.0,0.0,0.0,0.0,0.0,0.0,0.0,0.0,0.0,0.0,0.0,0.0,0.0,0.0,0.0,0.0,0.0,0.0,0.0,0.0,0.0,0.0,0.0,0.0,0.0,0.0,0.0,0.0,0.0,0.0,0.0,0.0,0.0,0.0,0.0,0.0,0.0,0.0,0.0,0.0,0.9790617
RAN,1.2397038,0.0,0.0,1.5205073,1.9442729,1.2011975,1.2617942,2.4437494,0.6759173,1.9933915,0.81907105,1.0883627,0.0,1.0431824,0.8421502,1.187046,0.7584225,1.5176411,1.1358185,1.0351253,0.9980782,1.0682285,0.9088595,0.5289537,2.1338108,0.0,0.0,1.738667,1.1909652,0.0,1.1659496,1.0939673,1.0485702,1.0888422,1.0923188,1.0786839,1.0386796,1.2738715,1.0513475,1.0702388,1.1326704,1.3976802
SFSWAP,0.0,0.0,0.0,0.0,0.0,0.0,0.35860544,0.1951735,0.0,0.3960203,0.0,0.0,0.0,0.0,0.0,0.0,0.0,0.0,0.0,0.0,0.0,0.0,0.0,0.0,0.23452023,0.0,0.0,0.0,0.0,0.0,0.0,0.0,0.0,0.0,0.0,0.0,0.0,0.0,0.0,0.0,0.0,0.43491173
PUS1,0.0,0.0,0.0,0.0,0.0,0.0,0.0,0.2775542,0.0,0.0,0.0,0.0,0.0,0.0,0.0,0.0,0.0,0.0,0.0,0.0,0.0,0.0,0.0,0.0,0.0,0.0,0.0,0.0,0.0,0.0,0.0,0.0,0.0,0.0,0.0,0.0,0.0,0.0,0.0,0.0,0.0,0.0
EP400,0.0,0.0,0.0,0.0,0.0,0.0,0.0,0.0,0.0,0.36239028,0.0,0.0,0.5578004,0.0,0.0,0.0,0.0,0.0,0.0,0.0,0.0,0.0,0.0,0.0,0.0,0.0,0.0,0.0,0.0,0.0,0.0,0.0,0.0,0.0,0.0,0.0,0.0,0.0,0.0,0.0,0.0,0.0
NOC4L,0.0,0.0,0.0,0.0,0.0,0.0,0.0,0.16354091,0.0,0.0,0.0,0.0,0.0,0.0,0.0,0.0,0.0,0.0,0.0,0.0,0.0,0.0,0.0,0.0,0.0,0.0,0.0,0.0,0.0,0.0,0.0,0.0,0.0,0.0,0.0,0.0,0.0,0.0,0.0,0.0,0.0,0.0
FBRSL1,0.0,0.0,0.0,0.0,0.0,0.0,0.0,0.1812183,0.0,0.0,0.0,0.0,0.0,0.0,0.0,0.0,0.0,0.0,0.0,0.0,0.0,0.0,0.0,0.0,0.0,0.0,0.0,0.0,0.0,0.0,0.0,0.0,0.0,0.0,0.0,0.0,0.0,0.0,0.0,0.0,0.0,0.0
PXMP2,0.0,0.0,0.0,0.0,0.0,0.0,0.0,0.35852748,0.0,0.44057786,0.0,0.0,0.0,0.0,0.0,0.0,0.0,0.0,0.0,0.0,0.0,0.0,0.0,0.0,0.0,0.0,0.0,0.0,0.0,0.0,0.0,0.0,0.0,0.0,0.0,0.0,0.0,0.0,0.0,0.0,0.0,0.0
ANKLE2,0.0,0.0,0.0,0.0,0.0,0.0,0.0,0.0,0.0,0.36239028,0.0,0.0,0.5578004,0.0,0.0,0.0,0.0,0.0,0.0,0.0,0.0,0.0,0.0,0.0,0.15287328,0.0,0.0,0.0,0.0,0.0,0.0,0.0,0.0,0.0,0.0,0.0,0.0,0.0,0.0,0.0,0.0,0.0
GOLGA3,0.0,0.0,0.0,0.0,0.0,0.0,0.0,0.0,0.0,0.0,0.0,0.0,0.44090223,0.0,0.0,0.0,0.0,0.0,0.0,0.0,0.0,0.0,0.0,0.2008122,0.24290843,0.0,0.0,0.0,0.0,0.0,0.0,0.0,0.0,0.0,0.0,0.0,0.0,0.0,0.0,0.0,0.0,0.0
ZNF84,0.0,0.0,0.0,0.0,0.0,0.0,0.0,0.0,0.0,0.18083665,0.0,0.0,0.0,0.0,0.0,0.0,0.0,0.0,0.0,0.0,0.0,0.0,0.0,0.0,0.0,0.0,0.0,0.0,0.0,0.0,0.0,0.0,0.0,0.0,0.0,0.0,0.0,0.0,0.0,0.0,0.0,0.0
MPHOSPH8,0.78906876,0.0,0.0,0.0,0.6922734,0.0,0.37851083,0.33312896,0.0,0.55321854,0.0,0.0,0.0,0.0,0.0,0.0,0.0,0.0,0.7812112,1.0224483,0.8174442,0.0,0.45377767,0.23647301,0.3790771,0.0,0.0,0.40044302,0.0721409,0.0,0.85756123,0.99954045,0.98239446,1.0093001,0.94683385,0.93827665,0.84913063,0.9286773,0.97154987,0.6491481,1.1232038,0.62947047
PSPC1,0.0,0.0,0.0,0.0,0.0,0.0,0.0,0.19279549,0.0,0.0,0.0,0.0,0.0,0.0,0.0,0.0,0.0,0.0,0.0,0.0,0.0,0.0,0.0,0.0,0.23462802,0.0,0.0,0.0,0.0,0.0,0.0,0.0,0.0,0.0,0.0,0.0,0.0,0.0,0.0,0.0,0.0,0.0
ZMYM2,0.0,0.0,0.0,0.0,0.0,0.0,0.0,0.0,0.0,0.0,0.0,0.0,0.0,0.0,0.0,0.0,0.0,0.0,0.0,0.0,0.0,0.0,0.0,0.0,0.0,0.0,0.0,0.18033075,0.0,0.0,0.0,0.0,0.0,0.0,0.0,0.0,0.0,0.0,0.0,0.0,0.0,0.58529127
SAP18,0.9282145,0.0,0.7575671,1.0118835,1.3578284,1.1772618,1.0646889,1.2252456,0.0,1.1507335,1.0716889,1.074369,0.7257168,1.0528028,0.7355936,0.88646376,0.72310007,1.1945275,1.0144813,1.2305372,1.1897435,1.1073548,1.1053605,0.45293608,1.172463,1.459007,1.4625027,1.1033235,1.1885498,0.0,1.0464078,1.1598103,1.0576859,1.1534045,1.1121945,0.97616595,1.0115213,1.1553749,1.1555612,1.0887113,1.1338125,1.3298686
MRPL57,0.0,0.0,0.0,0.66726816,0.7476292,0.2875488,0.47691563,1.0626895,0.0,1.2310431,0.0,0.5046885,0.0,0.0,0.0,0.0,0.0,0.0,0.0,0.0,0.0,0.0,0.44412673,0.363334,0.9881622,0.0,0.0,1.0032849,0.0,0.0,0.0,0.0,0.0,0.0,0.0,0.0,0.0,0.0,0.0,0.0,0.0,0.73415816
ZDHHC20,0.0,0.0,0.5980203,0.0,0.0,0.0,0.0,0.0,0.0,0.0,0.0,0.0,0.44090223,0.0,0.0,0.0,0.0,0.0,0.0,0.0,0.0,0.0,0.0,0.0,0.0,0.0,0.0,0.0,0.0,0.0,0.0,0.0,0.0,0.0,0.0,0.0,0.0,0.0,0.0,0.0,0.0,0.0
MICU2,0.0,0.0,0.0,0.0,0.0,0.0,0.0,0.2948886,0.0,0.0,0.0,0.0,0.0,0.0,0.0,0.0,0.0,0.0,0.0,0.0,0.0,0.0,0.0,0.0,0.20105934,0.0,0.0,0.0,0.0,0.0,0.0,0.0,0.0,0.0,0.0,0.0,0.0,0.0,0.0,0.0,0.0,0.0
SPATA13,0.0,0.0,0.0,0.0,0.32967103,0.0,0.0,0.0,0.0,0.0,0.0,0.0,0.0,0.0,0.0,0.0,0.0,0.0,0.0,0.0,0.0,0.0,0.0,0.0,0.0,0.0,0.0,0.0,0.0,0.0,0.0,0.0,0.0,0.0,0.0,0.0,0.0,0.0,0.0,0.0,0.0,0.0
PARP4,0.0,0.0,0.0,0.0,0.0,0.0,0.42475292,0.0,0.0,0.0,0.0,0.0,0.0,0.0,0.0,0.0,0.0,0.0,0.0,0.0,0.0,0.0,0.0,0.0,0.0,0.0,0.0,0.0,0.0,0.0,0.0,0.0,0.0,0.0,0.0,0.0,0.0,0.0,0.0,0.0,0.0,0.0
MTMR6,0.0,0.0,0.0,0.0,0.0,0.0,0.0,0.0,0.0,0.21446666,0.0,0.0,0.0,0.0,0.0,0.0,0.0,0.0,0.0,0.0,0.0,0.0,0.0,0.0,0.0,0.0,0.0,0.0,0.0,0.0,0.0,0.0,0.0,0.0,0.0,0.0,0.0,0.0,0.0,0.0,0.0,0.0
NUP58,0.0,0.0,0.0,0.41147068,0.0,0.0,0.0,0.15944593,0.0,0.44826725,0.0,0.0,0.0,0.0,0.0,0.0,0.0,0.0,0.0,0.0,0.0,0.0,0.0,0.0,0.16683619,0.0,0.0,0.0,0.0,0.0,0.0,0.0,0.0,0.0,0.0,0.0,0.0,0.0,0.0,0.0,0.0,0.0
RNF6,0.0,0.0,0.0,0.0,0.0,0.0,0.0,0.0,0.0,0.4153542,0.0,0.0,0.0,0.0,0.0,0.0,0.0,0.0,0.0,0.0,0.0,0.0,0.0,0.0,0.0,0.0,0.0,0.0,0.0,0.0,0.0,0.0,0.0,0.0,0.0,0.0,0.0,0.0,0.0,0.0,0.0,0.0
USP12,0.0,0.0,0.0,0.0,0.0,0.0,0.0,0.12337117,0.0,0.0,0.0,0.0,0.0,0.0,0.0,0.0,0.0,0.0,0.0,0.0,0.0,0.0,0.0,0.0,0.0,0.0,0.0,0.0,0.0,0.0,0.0,0.0,0.0,0.0,0.0,0.0,0.0,0.0,0.0,0.0,0.0,0.0
RPL21,3.4977334,2.9064546,2.957705,3.1972704,2.896642,3.4058864,3.2330189,3.6562433,2.8008766,3.0738788,3.1709895,2.7920196,3.120511,3.449047,3.6375306,3.3078272,3.1878233,2.7492356,3.7060695,3.0564132,3.2629175,3.7490876,2.9685016,2.2368228,3.2151437,2.8600523,3.0940063,3.5511708,3.3933191,1.7595813,3.8325908,3.4799862,3.8229177,3.4255943,4.0158634,3.6751828,4.014134,3.540132,3.4349554,3.4335034,3.3515942,3.4136324
GTF3A,0.89837277,0.0,0.0,0.8939536,1.0952582,0.81162524,0.92035997,1.4147032,0.0,0.7432592,0.48630244,0.5104259,0.5578004,1.1540726,0.7355936,0.0,0.0,0.8411632,0.92485225,1.1088495,1.0575633,0.0,0.66617405,0.5448039,1.3312162,0.0,0.0,1.1354927,0.86481434,0.0,1.0773404,1.1364278,0.9345522,1.0557878,0.942606,0.9777164,1.0813162,1.0183632,1.0703647,1.094496,1.0412813,1.1571693
MTIF3,0.0,0.0,0.0,0.0,0.0,0.0,0.32769254,0.16701494,0.0,0.0,0.0,0.0,0.0,0.0,0.0,0.0,0.0,0.0,0.0,0.0,0.0,0.0,0.0,0.12970348,0.30059022,0.0,0.0,0.0,0.0,0.0,0.0,0.0,0.0,0.0,0.0,0.0,0.0,0.0,0.0,0.0,0.0,0.0
POLR1D,0.53828317,0.0,0.34752542,0.6119149,0.7214253,0.6936225,0.7190507,0.89984214,0.0,0.98358387,0.0,0.0,0.0,0.0,0.0,0.0,0.24983346,0.0,0.0,0.0,0.7317486,0.0,0.7563727,0.20959322,0.69959646,0.5167008,0.0,0.75817,0.0,0.0,0.8194968,0.0,0.85936296,0.0,0.8755796,0.0,0.8409486,1.0183632,0.0,0.0,0.0,0.83374166
FLT3,0.0,0.0,0.0,0.0,0.0,1.0865375,0.55155104,0.0,0.0,0.0,0.0,0.0,0.0,0.0,0.0,0.0,0.0,0.0,0.0,0.0,0.0,0.0,0.0,0.0,0.0,0.0,0.0,0.0,0.0,0.0,0.0,0.0,0.0,0.0,0.0,0.0,0.0,0.0,0.0,0.0,0.0,0.0
POMP,0.7109612,1.2975402,0.92792165,1.1908844,1.2132235,1.1255188,1.1406035,1.3775239,1.6565537,0.527826,0.67302287,1.0883627,1.1757209,0.0,0.0,0.0,0.5828557,1.3041929,0.0,1.0709318,0.7527276,0.0,1.1512523,0.42182493,1.3628426,0.0,1.0764471,0.8989397,0.696363,0.0,0.0,0.0,0.0,0.76115,0.0,0.0,0.0,0.8736644,0.0,0.0,0.0,1.1485686
SLC46A3,0.0,0.0,0.0,0.0,0.0,0.4165121,0.0,0.0,0.0,0.0,0.0,0.0,0.0,0.0,0.0,0.0,0.0,0.0,0.0,0.0,0.0,0.0,0.0,0.0,0.0,0.0,0.0,0.0,0.0,0.0,0.0,0.0,0.0,0.0,0.0,0.0,0.0,0.0,0.0,0.0,0.0,0.0
SLC7A1,0.0,0.0,0.0,0.0,0.0,0.0,0.0,0.0,0.0,0.0,0.0,0.0,0.0,0.0,0.0,0.0,0.0,0.0,0.0,0.0,0.0,0.0,0.0,0.0,0.16899817,0.0,0.0,0.0,0.0,0.0,0.0,0.0,0.0,0.0,0.0,0.0,0.0,0.0,0.0,0.0,0.0,0.0
HMGB1,1.7583878,1.6155457,1.929883,3.028798,3.3212485,1.8252811,1.8976609,3.2853906,1.4781537,2.684518,2.0856006,1.6733403,1.5848913,1.8869339,2.029038,2.2184606,2.6377292,2.8373837,1.9072838,2.1889124,2.2244685,1.9094431,1.5399909,1.0632389,2.9976099,2.2918162,2.5405617,2.932499,2.0457463,1.9655356,1.821681,2.234709,1.8176379,2.0553627,1.6915789,1.5860834,1.6936288,1.9715421,2.0909004,1.8420936,1.8737509,2.232477
ALOX5AP,0.72478276,1.929212,1.3358381,1.2398354,1.046468,0.0,0.45373747,0.0,0.0,0.0,0.0,0.0,0.0,1.3238497,0.0,0.0,2.1234317,0.0,0.0,1.3754435,0.95852506,0.0,0.0,0.0,0.0,0.0,0.0,0.0,0.0,0.0,0.0,0.0,0.0,1.0543234,0.0,0.0,0.0,0.0,0.9867003,1.0995464,1.1442078,2.125967
HSPH1,0.0,0.0,0.0,0.0,0.0,0.37093928,0.37619096,0.52916855,0.0,1.4135761,0.6301467,0.0,1.5547979,0.0,1.1548164,0.0,0.0,0.0,0.0,0.0,0.0,0.0,0.0,0.1598034,0.2500447,0.0,0.0,0.0,0.0,0.0,0.0,0.0,0.0,0.0,0.0,2.4286766,0.0,0.0,0.0,0.0,0.0,0.0
BRCA2,0.0,0.0,0.0,0.0,0.6825677,0.0,0.0,0.0,0.0,0.62309736,0.0,0.0,0.0,0.0,0.0,0.0,0.0,0.0,0.0,0.0,0.0,0.0,0.0,0.0,0.0,0.0,0.0,0.0,0.0,0.0,0.0,0.0,0.0,0.0,0.0,0.0,0.0,0.0,0.0,0.0,0.0,0.0
N4BP2L1,0.0,0.0,0.0,0.0,0.0,0.0,0.0,0.0,0.0,0.0,0.0,0.0,0.0,0.0,0.0,0.0,0.0,0.0,0.0,0.0,0.0,0.0,0.0,0.0,0.0,0.0,0.0,0.0,0.0,0.0,0.0,0.0,0.0,0.0,0.0,0.0,0.0,0.0,0.0,0.0,0.0,0.6799403
N4BP2L2,0.99629664,0.0,0.51065254,0.30193222,0.7583834,0.0,0.7941844,0.19520792,0.0,0.18083665,1.064357,0.0,0.44090223,1.0262245,0.7355936,0.0,0.8539807,0.0,0.90066737,1.2160656,1.1026621,0.0,0.5769398,0.27354294,0.23725653,0.0,1.2039261,0.5558412,0.28719532,1.6775744,0.92087513,1.2084363,1.0605161,1.159827,0.9804648,0.84990704,0.934646,1.0523171,1.1636735,1.0008444,1.0495343,0.9679928
PDS5B,0.0,0.0,0.0,0.38171744,0.46605927,0.0,0.0,0.0,0.0,0.31335935,0.0,0.0,0.0,0.0,0.0,0.0,0.0,0.0,0.0,0.0,0.0,0.0,0.0,0.0,0.1802879,0.0,0.0,0.0,0.0,0.0,0.0,0.0,0.0,0.0,0.0,0.0,0.0,0.0,0.0,0.0,0.0,0.0
RFC3,0.0,0.0,0.0,0.0,0.0,0.0,0.0,0.18431313,0.0,0.0,0.0,0.0,0.0,0.0,0.0,0.0,0.0,0.0,0.0,0.0,0.0,0.0,0.0,0.0,0.1720261,0.0,0.0,0.0,0.0,0.0,0.0,0.0,0.0,0.0,0.0,0.0,0.0,0.0,0.0,0.0,0.0,0.0
SPART,0.0,0.0,0.0,0.0,0.0,0.0,0.0,0.16928208,0.0,0.0,0.0,0.0,0.44090223,0.0,0.0,0.0,0.0,0.0,0.0,0.0,0.0,0.0,0.0,0.0,0.0,0.0,0.0,0.26457042,0.0,0.0,0.0,0.0,0.0,0.0,0.0,0.0,0.0,0.0,0.0,0.0,0.0,0.0
ALG5,0.0,0.0,0.0,0.0,0.0,0.0,0.0,0.0,0.0,0.0,0.0,0.0,0.0,0.0,0.0,0.0,0.0,0.0,0.0,0.0,0.0,0.0,0.0,0.4275832,0.644377,0.0,0.0,0.0,0.0,0.0,0.0,0.0,0.0,0.0,0.0,0.0,0.0,0.0,0.0,0.0,0.0,0.0
EXOSC8,0.0,0.0,0.0,0.0,0.69199914,0.0,0.0,0.58987784,0.0,0.36239028,0.0,0.0,0.0,0.0,0.0,0.0,0.0,0.0,0.0,0.0,0.0,0.0,0.0,0.0,0.43977243,0.0,0.0,0.0,0.0,0.0,0.0,0.0,0.0,0.0,0.0,0.0,0.0,0.0,0.0,0.0,0.0,0.0
SUPT20H,0.0,0.0,0.0,0.0,0.0,0.0,0.0,0.15943319,0.0,0.0,0.0,0.0,0.0,0.0,0.0,0.0,0.0,0.0,0.0,0.0,0.0,0.0,0.0,0.0,0.0,0.0,0.0,0.0,0.0,0.0,0.0,0.0,0.0,0.0,0.0,0.0,0.0,0.0,0.0,0.0,0.0,0.0
UFM1,0.0,0.0,0.0,0.0,0.0,0.0,0.43482453,0.35121706,0.0,0.4532262,0.3526248,0.5046885,0.7257168,0.0,0.7355936,0.0,0.0,0.0,0.0,0.0,0.0,0.0,0.0,0.6043797,0.8485188,0.0,0.0,0.28815138,0.0,0.0,0.0,0.0,0.0,0.0,0.0,0.0,0.0,0.0,0.0,0.0,0.0,0.7349731
PROSER1,0.0,0.0,0.0,0.0,0.0,0.0,0.0,0.0,0.0,0.18083665,0.0,0.0,0.0,0.0,0.0,0.0,0.0,0.0,0.0,0.0,0.0,0.0,0.0,0.0,0.0,0.0,0.0,0.0,0.0,0.0,0.0,0.0,0.0,0.0,0.0,0.0,0.0,0.0,0.0,0.0,0.0,0.0
FOXO1,0.0,0.0,0.0,0.0,0.0,0.0,0.0,0.0,0.0,0.0,0.0,0.0,0.0,0.0,0.0,0.0,0.0,0.0,0.0,0.0,0.0,0.0,0.0,0.0,0.0,0.0,0.0,0.0,0.0,0.0,0.0,0.0,0.0,0.0,0.0,0.0,0.0,0.37459403,0.0,0.0,0.0,0.0
MRPS31,0.0,0.0,0.0,0.0,0.0,0.0,0.0,0.21723494,0.0,0.0,0.0,0.0,0.0,0.0,0.0,0.0,0.0,0.0,0.0,0.0,0.0,0.0,0.0,0.24449907,0.3734547,0.0,0.0,0.0,0.0,0.0,0.0,0.0,0.0,0.0,0.0,0.0,0.0,0.0,0.0,0.0,0.0,0.0
SLC25A15,0.0,0.0,0.0,0.0,0.0,0.0,0.0,0.18177983,0.0,0.0,0.0,0.0,0.0,0.0,0.0,0.0,0.0,0.0,0.0,0.0,0.0,0.0,0.0,0.0,0.0,0.0,0.0,0.0,0.0,0.0,0.0,0.0,0.0,0.0,0.0,0.0,0.0,0.0,0.0,0.0,0.0,0.0
ELF1,1.4352064,0.0,0.88092387,0.85439366,0.9880499,0.65338784,0.875049,0.29719716,0.0,0.87155294,1.1892662,1.0209692,0.0,1.1937344,1.3148127,0.7182062,1.25216,1.1078287,1.1625427,1.2466362,1.2308841,1.3417302,0.9993052,0.28807428,0.5445607,1.6285977,1.8512362,0.93962854,1.0853732,0.0,1.2006696,1.2134829,1.3984157,1.448256,1.1198549,1.4199141,1.1748438,1.4238508,1.4328941,1.4187255,1.323445,0.7239335
WBP4,0.0,0.0,0.0,0.0,0.0,0.0,0.0,0.23317982,0.0,0.0,0.0,0.0,0.0,0.0,0.0,0.0,0.0,0.0,0.0,0.0,0.0,0.0,0.0,0.0,0.0,0.0,0.0,0.0,0.0,0.0,0.0,0.0,0.0,0.0,0.0,0.0,0.0,0.0,0.0,0.0,0.0,0.0
RGCC,0.0,0.0,0.0,0.0,0.0,1.4520156,0.0,0.18988355,0.0,0.18155362,0.0,0.6602513,0.7257168,0.0,0.0,0.0,0.0,0.0,0.0,0.0,0.0,0.0,0.0,0.0,0.0,0.0,0.0,0.0,0.0,0.0,0.8030261,0.0,0.7713369,0.0,0.0,1.0663898,0.7984955,0.55697155,0.0,1.0938352,0.0,0.0
DNAJC15,0.510213,0.0,0.5622108,0.8408176,0.69175017,0.9168612,0.8827622,0.8914224,0.0,0.5521189,0.0,0.84672683,0.97920024,0.0,0.0,0.0,0.0,0.85421956,0.0,0.0,0.0,0.0,0.62103224,0.3760049,1.0386403,0.0,0.0,0.5556117,0.0,0.0,0.0,0.0,0.0,0.0,0.0,0.0,0.0,0.0,0.0,0.0,0.0,0.61441433
TSC22D1,0.0,0.0,0.0,0.0,0.0,0.0,0.0,0.61920017,0.0,0.0,0.0,0.0,0.0,0.0,0.0,0.0,0.0,0.0,0.0,0.0,0.0,0.0,0.0,0.0,0.0,0.0,0.0,0.0,0.0,0.0,0.0,0.0,0.0,0.0,0.0,0.0,0.0,0.0,0.0,0.0,0.0,0.0
GTF2F2,0.0,0.0,0.0,0.0,0.0,0.0,0.0,0.3484845,0.0,0.18155362,0.0,0.0,0.0,0.0,0.0,0.0,0.0,0.0,0.0,0.0,0.0,0.0,0.0,0.0,0.21783592,0.0,0.0,0.0,0.0,0.0,0.0,0.0,0.0,0.0,0.0,0.0,0.0,0.0,0.0,0.0,0.0,0.0
TPT1,3.6471994,3.7155404,3.844347,3.6821384,3.210155,3.6344287,3.9793248,3.5212877,3.7034996,3.665508,4.3162537,3.6236517,3.6262372,4.186617,4.1147194,3.8955026,3.9810328,3.270142,4.0211387,3.5421734,4.0397377,3.8150427,3.5928702,3.0329523,3.3792088,3.5579534,4.0149364,3.7482738,3.786488,2.222508,4.533439,3.9030511,4.394914,3.8607724,4.522107,4.370287,4.5029793,4.2671943,3.904925,4.162799,4.036694,4.058239
ENSG00000273149,0.0,0.0,0.0,0.0,0.0,0.0,0.0,0.0,0.0,0.21446666,0.0,0.47305363,0.0,0.0,0.0,0.0,0.0,0.0,0.0,0.0,0.0,0.0,0.0,0.0,0.0,0.0,0.0,0.0,0.0,0.0,0.0,0.0,0.0,0.0,0.0,1.1186116,0.0,0.0,0.0,0.0,0.0,0.0
ZC3H13,0.0,0.0,0.0,0.0,0.5772128,0.0,0.44790858,0.29690823,0.0,0.47256014,0.0,0.0,0.0,0.0,0.0,0.0,0.0,0.0,0.0,0.0,0.0,0.0,0.0,0.0,0.2500447,0.0,0.0,0.30559093,0.0,0.0,0.0,0.0,0.0,0.0,0.0,0.0,0.0,0.0,0.0,0.0,0.0,0.31480503
LCP1,1.226436,1.0205148,2.3967595,2.2840323,2.222463,2.2082512,2.0432854,0.0,0.44440928,1.606609,1.4470241,1.889313,2.2890682,1.8749185,1.4796834,1.5252428,1.7058661,0.0,1.1774026,1.8911622,1.71084,0.0,2.0687337,0.0,0.781283,0.0,0.0,1.2645204,1.0974844,0.0,1.16793,1.8206681,1.0647304,1.6622624,0.8711919,1.4134665,1.0284123,1.2531202,1.641556,1.7273777,1.4201515,1.6866157
RUBCNL,0.0,0.0,0.0,0.0,0.0,0.48802102,0.0,0.0,0.0,0.23380059,0.0,0.0,0.0,0.0,0.0,0.0,0.0,0.0,0.0,0.0,0.0,0.0,0.0,0.0,0.0,1.7172877,0.0,0.0,0.0,0.0,0.0,0.0,0.0,0.0,0.0,0.0,0.0,0.0,0.0,0.0,0.0,0.14763065
ESD,0.0,0.0,0.0,0.2981531,0.0,0.0,0.48666447,0.99987966,0.0,0.0,0.0,0.0,0.0,0.0,0.0,0.0,0.0,0.0,0.0,0.0,0.0,0.0,0.0,0.0,0.16245984,0.0,1.2286537,0.7798022,0.0,0.0,0.0,0.0,0.0,0.0,0.0,0.0,0.0,0.0,0.0,0.0,0.0,0.6209743
SUCLA2,0.0,0.0,0.0,0.0,0.0,0.0,0.0,0.16023965,0.0,0.0,0.0,0.0,0.0,0.0,0.0,0.0,0.0,0.0,0.0,0.0,0.0,0.0,0.0,0.0,0.1720261,0.0,0.0,0.0,0.0,0.0,0.0,0.0,0.0,0.0,0.0,0.0,0.0,0.0,0.0,0.0,0.0,0.0
MED4,0.0,0.0,0.0,0.0,0.45704502,0.0,0.35920435,0.37387848,0.0,0.0,0.0,0.0,0.0,0.0,0.0,0.0,0.0,0.0,0.0,0.0,0.0,0.0,0.0,0.0,0.20615016,0.0,0.0,0.0,0.0,0.0,0.0,0.0,0.0,0.0,0.0,0.0,0.0,0.0,0.0,0.0,0.0,0.0
ITM2B,0.84139884,1.6075206,1.7242783,1.1803626,1.4710346,0.97485316,1.6120028,0.7645148,1.3746078,0.62781835,2.0831692,2.005142,2.5016317,1.9086273,0.8421502,1.8737509,1.7520839,1.5202249,1.1704876,1.7349305,1.7856055,1.2677851,2.419973,1.2475601,0.47473156,1.0686904,1.8263296,1.0571647,1.562437,0.0,1.9832948,1.8398111,1.994318,1.8057497,1.796917,1.8355005,1.7723051,1.8863008,1.8768682,2.0038362,2.1131241,1.3509332
RB1,0.0,0.0,0.0,0.35444698,0.0,0.0,0.5621453,0.15539156,0.0,0.49282485,0.0,0.4963503,0.0,0.0,0.0,0.0,0.0,0.0,0.0,0.0,0.0,0.0,0.0,0.22176713,0.20406052,1.3670175,0.76748186,0.0,0.0,0.0,0.0,0.0,0.0,0.0,0.0,0.0,0.0,0.0,0.0,0.0,0.0,0.0
FNDC3A,0.0,0.0,0.0,0.0,0.0,0.0,0.0,0.0,0.0,0.0,0.0,0.0,1.141807,0.0,0.0,0.0,0.0,0.0,0.0,0.0,0.0,0.0,0.0,0.5499853,0.26444438,0.0,0.0,0.0,0.0,0.0,0.0,0.0,0.0,0.0,0.0,0.0,0.0,0.0,0.0,0.0,0.0,0.0
SETDB2,0.0,0.0,0.0,0.0,0.0,0.0,0.0,0.0,0.0,0.0,0.0,0.0,0.0,0.0,0.0,0.0,0.0,0.0,0.0,0.0,0.0,0.0,0.0,0.0,0.11483783,0.0,0.0,0.0,0.0,0.0,0.0,0.0,0.0,0.0,0.0,0.0,0.0,0.0,0.0,0.0,0.0,0.0
PHF11,0.0,0.0,0.0,0.0,0.0,0.28305006,0.0,0.0,0.0,0.0,0.0,0.0,0.5578004,0.0,0.0,0.0,0.0,0.0,0.0,0.0,0.0,0.0,0.0,0.0,0.0,0.0,0.0,0.0,0.0,0.0,0.0,0.0,0.0,0.0,0.0,0.0,0.0,0.0,0.0,0.0,0.0,0.0
EBPL,0.0,0.0,0.0,0.0,0.0,0.50513124,0.0,0.60235345,0.0,0.0,0.0,0.0,0.0,0.0,0.0,0.0,0.0,0.0,0.0,0.0,0.0,0.0,0.0,0.0,0.3683824,0.0,0.0,0.89067733,0.0,0.0,0.0,0.0,0.0,0.0,0.0,0.0,0.0,0.0,0.0,0.0,0.0,0.0
KPNA3,0.0,0.0,0.0,0.0,0.0,0.0,0.0,0.29719716,0.0,0.0,0.0,0.0,0.0,0.0,0.0,0.0,0.0,0.0,0.0,0.0,0.0,0.0,0.0,0.0,0.19805485,0.0,0.0,0.0,0.0,0.0,0.0,0.0,0.0,0.0,0.0,0.0,0.0,0.0,0.0,0.0,0.0,0.0
DLEU2,0.0,0.0,0.0,0.0,0.0,0.0,0.0,0.0,0.0,0.0,0.0,0.0,0.0,0.0,0.0,0.0,0.0,0.0,0.0,0.0,0.0,0.0,0.0,0.0,0.14598884,0.0,0.0,0.0,0.0,0.0,0.0,0.0,0.0,0.0,0.0,0.0,0.0,0.0,0.0,0.0,0.0,0.0
DLEU1,0.0,0.0,0.0,0.0,0.0,0.0,0.0,0.334157,0.0,0.0,0.0,0.0,0.0,0.0,0.0,0.0,0.0,0.0,0.0,0.0,0.0,0.0,0.0,0.0,0.0,0.0,0.0,0.0,0.0,0.0,0.0,0.0,0.0,0.0,0.0,0.0,0.0,0.0,0.0,0.0,0.0,0.0
RNASEH2B,0.0,0.0,0.0,0.44422686,0.8273505,0.0,0.44790858,0.95040685,0.0,0.57238364,0.0,0.0,0.0,0.0,0.0,0.0,0.0,0.0,0.0,0.0,0.0,0.0,0.0,0.0,0.3734547,0.0,0.0,0.8580533,0.0,0.0,0.0,0.0,0.0,0.0,0.0,0.0,0.0,0.0,0.0,0.0,0.0,0.8149968
INTS6,0.0,0.0,0.0,0.0,0.7201499,0.0,0.0,0.0,0.0,0.3960203,0.0,0.0,0.0,0.9298831,0.0,0.0,0.0,0.0,0.0,0.0,0.0,0.0,0.0,0.0,0.20105934,0.0,0.0,0.0,0.0,0.0,0.0,0.0,0.0,0.0,0.0,0.0,0.0,0.0,0.0,0.0,0.0,0.50154823
WDFY2,0.0,0.0,0.0,0.0,0.0,0.0,0.40476632,0.0,0.0,0.4195962,0.0,0.0,0.0,0.0,0.0,0.0,0.0,0.0,0.0,0.0,0.0,0.0,0.0,0.0,0.0,0.0,0.0,0.0,0.0,0.0,0.0,0.0,0.0,0.0,0.0,0.0,0.0,0.0,0.0,0.0,0.0,0.0
VPS36,0.0,0.0,0.0,0.0,0.0,0.34549886,0.41778326,0.0,0.0,0.3953033,0.0,0.0,0.0,0.0,0.0,0.0,0.0,0.0,0.0,0.0,0.0,0.0,0.0,0.0,0.24788901,0.0,0.0,0.0,0.0,0.0,0.0,0.0,0.0,0.0,0.0,0.0,0.0,0.0,0.0,0.0,0.0,0.5926568
CKAP2,0.0,0.0,0.0,0.0,0.0,0.28305006,0.0,0.4426146,0.0,0.18155362,0.0,0.0,0.0,0.0,0.0,0.0,0.0,0.0,0.0,0.0,0.0,0.0,0.0,0.0,0.25504547,0.0,0.0,0.0,0.0,0.0,0.0,0.0,0.0,0.0,0.0,0.0,0.0,0.0,0.0,0.0,0.0,0.0
SUGT1,0.0,0.0,0.0,0.0,0.0,0.0,0.4004618,0.5427533,0.0,0.4153542,0.0,0.0,0.0,0.0,0.0,0.0,0.0,0.0,0.0,0.0,0.0,0.0,0.0,0.0,0.4343768,0.0,0.0,0.21234725,0.0,0.0,0.0,0.0,0.0,0.0,0.0,0.0,0.0,0.0,0.0,0.0,0.0,0.0
DIAPH3,0.0,0.0,0.0,0.0,0.0,0.0,0.0,0.0,0.0,0.0,0.0,0.0,0.0,0.0,0.0,0.0,0.0,0.0,0.0,0.0,0.0,0.0,0.0,0.0,0.124119386,0.0,0.0,0.0,0.0,0.0,0.0,0.0,0.0,0.0,0.0,0.0,0.0,0.0,0.0,0.0,0.0,0.0
PCDH9,0.0,0.0,0.0,0.0,0.0,0.0,0.0,0.0,0.0,0.0,0.0,0.0,0.0,0.0,0.0,0.0,0.0,0.0,0.0,0.0,0.0,0.0,0.0,0.0,0.0,1.6532316,0.0,0.0,0.0,0.0,0.0,0.0,0.0,0.0,0.0,0.0,0.0,0.0,0.0,0.0,0.0,0.0
MZT1,0.0,0.0,0.0,0.0,0.5772128,0.0,0.0,0.5022293,0.0,0.23380059,0.0,0.0,0.0,0.0,0.0,0.0,0.0,0.0,0.0,0.0,0.0,0.0,0.0,0.0,0.29190183,0.0,0.0,0.0,0.0,0.0,0.0,0.0,0.0,0.0,0.0,0.0,0.0,0.0,0.0,0.0,0.0,0.0
DIS3,0.0,0.0,0.0,0.0,0.0,0.0,0.0,0.0,0.0,0.0,0.0,0.0,0.0,0.0,0.0,0.0,0.0,0.0,0.0,0.0,0.0,0.0,0.0,0.0,0.14972688,0.0,0.0,0.0,0.0,0.0,0.0,0.0,0.0,0.0,0.0,0.0,0.0,0.0,0.0,0.0,0.0,0.0
COMMD6,1.4011769,1.6178101,1.2929187,1.1998372,1.1175679,1.5356439,1.4405334,0.7387771,0.0,0.9031914,1.5503948,0.8635058,1.5203841,1.4870603,1.1810663,1.3616834,1.160578,0.7297021,1.624814,1.3575954,1.4196166,1.4949269,1.3066025,0.24069932,0.6239476,1.4396842,1.4929177,1.2165251,1.5153322,0.0,1.7088923,1.5847812,1.68469,1.5362878,1.8245556,1.6550623,1.7449994,1.6393441,1.574229,1.614739,1.5651891,1.8067348
UCHL3,0.0,0.0,0.0,0.0,0.0,0.3556153,0.0,0.49959043,0.0,0.0,0.0,0.0,0.0,0.0,0.0,0.0,0.0,0.0,0.0,0.0,0.0,0.0,0.0,0.0,0.30367142,0.0,0.0,0.0,0.0,0.0,0.0,0.0,0.0,0.0,0.0,0.0,0.0,0.0,0.0,0.0,0.0,0.0
KCTD12,0.0,0.0,1.3292127,0.895707,0.0,0.48802102,0.8347239,0.0,0.0,0.0,0.0,0.5073828,0.7257168,0.0,0.0,0.0,0.0,0.0,0.0,0.0,0.0,0.0,0.0,0.0,0.0,0.0,0.0,0.0,0.0,0.0,0.0,0.0,0.0,0.0,0.0,0.0,0.0,0.0,0.0,0.0,0.0,0.0
MYCBP2,1.1883135,0.0,0.6746732,0.748046,0.6000999,0.4224942,0.79777914,0.0,0.0,0.4532262,0.61280143,0.0,0.0,0.0,1.2927269,0.0,0.0,0.0,0.9832338,0.0,0.0,0.98712254,0.5435016,0.19568309,0.5902984,0.0,0.9506155,0.76755285,0.33005965,0.0,0.7547791,0.0,0.8230632,0.0,0.8288381,0.77418506,0.7680389,0.9380398,0.0,0.0,0.0,0.5617665
RBM26,0.0,0.0,0.0,0.0,0.0,0.0,0.0,0.0,0.0,0.36239028,0.0,0.0,0.0,0.0,0.0,0.0,0.0,0.0,0.0,0.0,0.0,0.0,0.0,0.0,0.33617535,0.0,0.0,0.33863628,0.0,0.0,0.0,0.0,0.0,0.0,0.0,0.0,0.0,0.0,0.0,0.0,0.0,0.0
DNAJC3,0.0,0.0,0.0,0.43779933,0.0,0.28305006,0.3832682,0.0,0.0,0.0,0.0,0.6602513,0.7458428,0.0,0.0,0.0,0.0,0.0,0.0,0.0,0.0,0.0,0.0,0.59185696,0.6790195,0.0,0.0,0.0,0.0,0.0,0.0,0.0,0.0,0.0,0.0,0.0,0.0,0.0,0.0,0.0,0.0,0.5600137
MBNL2,0.0,0.0,0.0,0.0,0.0,0.0,0.0,0.0,0.0,0.0,0.0,0.0,0.5578004,0.0,0.7355936,0.0,0.0,0.0,0.0,0.0,0.0,0.0,0.0,0.35941315,0.0,0.0,0.0,0.0,0.0,0.0,0.0,0.0,0.0,0.0,0.0,0.0,0.0,0.0,0.0,0.0,0.0,0.0
IPO5,0.0,0.0,0.0,0.0,0.0,0.0,0.0,0.646506,0.0,0.0,0.0,0.0,0.0,0.0,0.0,0.0,0.0,0.0,0.0,0.0,0.0,0.0,0.0,0.0,0.3456074,0.0,0.0,0.4177128,0.0,0.0,0.0,0.0,0.0,0.0,0.0,0.0,0.0,0.0,0.0,0.0,0.0,0.0
STK24,0.0,0.0,0.0,0.0,0.30978233,0.28412688,0.41658252,0.1391865,0.0,0.18155362,0.3526248,0.5950968,0.0,0.0,0.0,0.0,0.0,0.0,0.0,0.0,0.0,0.0,0.36356336,0.0,0.17393991,0.0,0.0,0.0,0.0,0.0,0.0,0.0,0.0,0.0,0.0,0.0,0.0,0.0,0.0,0.0,0.0,0.0
UBAC2,0.0,0.0,0.0,0.0,0.0,0.0,0.30307323,0.38361055,0.0,0.57238364,0.0,0.3987304,0.0,0.0,0.0,0.0,0.0,0.0,0.0,0.0,0.0,0.0,0.0,0.0,0.0,0.0,0.0,0.0,0.0,0.0,0.0,0.0,0.0,0.0,0.0,0.0,0.0,0.0,0.0,0.0,0.0,0.0
GPR18,0.470424,0.0,0.0,0.0,0.0,0.0,0.0,0.0,0.0,0.0,0.0,0.0,0.0,0.0,0.0,0.0,0.0,0.0,0.0,0.0,0.0,0.0,0.0,0.0,0.0,0.0,0.0,0.0,0.0,0.0,0.0,0.0,0.0,0.0,0.0,0.0,0.0,0.0,0.0,0.0,0.0,0.0
GPR183,1.6282605,0.0,0.0,0.0,0.0,0.82469076,1.5509384,0.0,0.0,0.41801506,0.0,1.2880964,0.7458428,0.0,1.449307,0.0,0.0,0.0,1.4588826,0.0,0.0,0.0,0.0,0.0,0.0,0.0,0.0,0.0,0.0,0.0,1.1096666,0.0,1.5335027,0.0,0.95713913,1.3540877,0.0,1.0321203,0.0,0.83117205,0.0,1.4812369
TM9SF2,0.0,0.0,0.0,0.49115193,0.0,0.6017931,0.51399225,0.15994428,0.0,0.23380059,0.0,0.0,0.0,0.0,0.0,0.0,0.0,0.0,0.0,0.0,0.0,0.0,0.552114,0.32146513,0.44657642,0.0,0.0,0.26803625,0.0,0.0,0.0,0.0,0.0,0.0,0.0,0.0,0.0,0.0,0.0,0.0,0.0,0.8123914
TPP2,0.0,0.0,0.0,0.0,0.0,0.0,0.0,0.15944593,0.0,0.0,0.0,0.0,0.0,0.0,0.0,0.0,0.0,0.0,0.0,0.0,0.0,0.0,0.0,0.0,0.3187574,0.0,0.0,0.0,0.0,0.0,0.0,0.0,0.0,0.0,0.0,0.0,0.0,0.0,0.0,0.0,0.0,0.0
TEX30,0.0,0.0,0.0,0.0,0.0,0.0,0.0,0.24383698,0.0,0.0,0.0,0.0,0.0,0.0,0.0,0.0,0.0,0.0,0.0,0.0,0.0,0.0,0.0,0.0,0.0,0.0,0.0,0.0,0.0,0.0,0.0,0.0,0.0,0.0,0.0,0.0,0.0,0.0,0.0,0.0,0.0,0.0
ERCC5,0.0,0.0,0.0,0.0,0.0,0.0,0.0,0.0,0.0,0.21446666,0.0,0.0,0.0,0.0,0.0,0.0,0.0,0.0,0.0,0.0,0.0,0.0,0.0,0.0,0.0,0.0,0.0,0.0,0.0,0.0,0.0,0.0,0.0,0.0,0.0,0.0,0.0,0.0,0.0,0.0,0.0,0.0
ARGLU1,1.2050706,0.0,0.6933473,0.93979514,1.3930278,0.6936225,1.0580132,0.6311178,0.0,1.1947199,1.6219708,0.4963503,0.7458428,1.1496322,1.2104161,0.8498967,1.0601586,0.0,1.2671435,1.333544,1.2911972,1.3178093,0.66567594,0.49905586,0.8682792,1.7126788,1.7345462,1.0193099,1.1527927,1.8150508,1.1417344,1.3330296,1.3952101,1.3339597,1.1588886,1.1679854,1.0931753,1.2772194,1.2809627,1.101286,1.3471818,1.3579605
TNFSF13B,0.0,0.0,1.2408386,0.9974172,0.0,0.3431283,0.9574851,0.0,0.0,0.0,0.0,0.5950968,0.44090223,0.0,0.0,0.0,0.0,0.0,0.0,0.0,0.0,0.0,1.0543616,0.0,0.0,0.0,0.0,0.45250005,0.0,0.0,0.0,0.0,0.0,0.0,0.0,0.0,0.0,0.0,0.0,0.0,0.0,0.0
IRS2,0.0,0.0,1.156363,0.75202733,0.0,0.0,0.3044914,0.0,0.0,0.0,0.0,0.91348,0.0,0.0,0.0,0.0,0.17624961,0.0,0.0,0.0,0.0,0.0,0.3766635,0.0,0.0,0.0,1.1540726,0.0,0.0,0.0,0.0,0.0,0.0,0.0,0.0,0.0,0.0,0.0,0.0,0.0,0.0,0.0
RAB20,0.0,0.0,0.0,0.0,0.0,0.40578204,0.0,0.0,0.0,0.0,0.0,1.0209692,0.44090223,0.0,0.0,0.0,0.0,0.0,0.0,0.0,0.0,0.0,0.0,0.0,0.0,0.0,0.0,0.0,0.0,0.0,0.0,0.0,0.0,0.0,0.0,0.0,0.0,0.0,0.0,0.0,0.0,0.0
CARS2,0.0,0.0,0.0,0.0,0.0,0.0,0.0,0.16873805,0.0,0.0,0.0,0.0,0.0,0.0,0.0,0.0,0.0,0.0,0.0,0.0,0.0,0.0,0.0,0.0,0.14557157,0.0,0.0,0.0,0.0,0.0,0.0,0.0,0.0,0.0,0.0,0.0,0.0,0.0,0.0,0.0,0.0,0.0
ING1,0.0,0.0,0.0,0.0,0.0,0.0,0.0,0.0,0.0,0.23875955,0.0,0.0,0.7257168,0.0,0.0,0.0,0.0,0.0,0.0,0.0,0.0,0.0,0.0,0.0,0.0,0.0,0.0,0.0,0.0,0.0,0.0,0.0,0.0,0.0,0.0,0.0,0.0,0.0,0.0,0.0,0.0,0.0
ANKRD10,0.0,0.0,0.0,0.0,0.0,0.34115425,0.41995525,0.15469545,0.0,0.0,0.0,0.47305363,0.0,0.0,0.0,0.0,0.0,0.0,0.0,0.0,0.0,0.0,0.0,0.0,0.0,0.0,0.0,0.30134887,0.0,0.0,0.0,0.0,0.0,0.0,0.0,0.0,0.0,0.0,0.0,0.0,0.0,0.48037156
ARHGEF7,0.0,0.0,0.0,0.0,0.0,0.0,0.0,0.0,0.0,0.41463724,0.0,0.0,0.0,0.0,0.0,0.0,0.0,0.0,0.0,0.0,0.0,0.0,0.0,0.0,0.0,0.0,1.0257652,0.0,0.0,0.0,0.0,0.0,0.0,0.0,0.0,0.0,0.0,0.0,0.0,0.0,0.0,0.0
PCID2,0.0,0.0,0.0,0.0,0.0,0.0,0.0,0.22153036,0.0,0.0,0.0,0.0,0.0,0.0,0.0,0.0,0.0,0.0,0.0,0.0,0.0,0.0,0.0,0.0,0.0,0.0,0.0,0.0,0.0,0.0,0.0,0.0,0.0,0.0,0.0,0.0,0.0,0.0,0.0,0.0,0.0,0.0
CUL4A,0.0,0.0,0.0,0.0,0.0,0.0,0.0,0.36691293,0.0,0.0,0.0,0.0,0.0,0.0,0.0,0.0,0.0,0.0,0.0,0.0,0.0,0.0,0.0,0.0,0.0,0.0,0.0,0.0,0.0,0.0,0.0,0.0,0.0,0.0,0.0,0.0,0.0,0.0,0.0,0.0,0.0,0.0
LAMP1,0.0,0.0,0.77952147,0.74672616,0.7979585,0.0,0.3664031,0.5332707,0.0,0.25902426,0.392094,0.5950968,0.7257168,0.0,0.0,0.0,0.0,0.0,0.0,0.6845663,0.0,0.0,0.5973861,0.0,0.2261846,0.0,0.0,0.53976345,0.49840292,0.0,0.0,0.0,0.0,0.0,0.0,0.0,0.0,0.0,0.0,0.0,0.0,0.6621359
TFDP1,0.0,0.0,0.0,0.52182615,0.62085193,0.34115425,0.0,1.2314432,0.0,0.7058399,0.0,0.5046885,0.0,0.0,0.0,0.0,0.0,0.0,0.0,0.0,0.0,0.0,0.0,0.0,0.607712,0.0,0.0,0.36060128,0.0,0.0,0.0,0.0,0.0,0.0,0.0,0.0,0.0,0.0,0.0,0.0,0.0,0.0
GAS6,0.0,0.0,0.0,0.0,0.0,0.4580726,0.44683003,0.0,0.0,0.0,0.0,0.0,0.0,0.0,0.0,0.0,0.0,0.0,0.0,0.0,0.0,0.0,0.0,0.691014,0.17338812,0.0,0.0,0.0,0.0,0.0,0.0,0.0,0.0,0.0,0.0,0.0,0.0,0.0,0.0,0.0,0.0,1.2918656
CDC16,0.0,0.0,0.0,0.0,0.0,0.0,0.0,0.23317982,0.0,0.0,0.0,0.0,0.0,0.0,0.0,0.0,0.0,0.0,0.0,0.0,0.0,0.0,0.0,0.0,0.16899817,0.0,0.0,0.0,0.0,0.0,0.0,0.0,0.0,0.0,0.0,0.0,0.0,0.0,0.0,0.0,0.0,0.0
UPF3A,0.0,0.0,0.0,0.0,0.0,0.0,0.0,0.31401363,0.0,0.21446666,0.0,0.0,0.0,0.0,0.0,0.0,0.0,0.0,0.0,0.0,0.0,0.0,0.0,0.0,0.20406052,0.0,0.0,0.0,0.0,0.0,0.0,0.0,0.0,0.0,0.0,0.0,0.0,0.0,0.0,0.0,0.0,0.0
CHAMP1,0.0,0.0,0.0,0.0,0.0,0.0,0.0,0.12812422,0.0,0.0,0.0,0.0,0.0,0.0,0.0,0.0,0.0,0.0,0.0,0.0,0.0,0.0,0.0,0.0,0.0,0.0,0.0,0.0,0.0,0.0,0.0,0.0,0.0,0.0,0.0,0.0,0.0,0.0,0.0,0.0,0.0,0.0
CCNB1IP1,0.0,0.0,0.0,0.0,0.0,0.2875488,0.3520353,0.0,0.0,0.3953033,0.0,0.0,0.0,0.0,0.0,0.0,0.0,0.0,0.0,0.0,0.0,0.0,0.0,0.0,0.0,0.0,0.0,0.0,0.0,0.0,0.0,0.0,0.0,0.0,0.0,0.0,0.0,0.0,0.0,0.0,0.0,0.0
OSGEP,0.0,0.0,0.0,0.0,0.0,0.0,0.33295542,0.0,0.0,0.23380059,0.0,0.0,0.0,0.0,0.0,0.0,0.0,0.0,0.0,0.0,0.0,0.0,0.0,0.0,0.15287328,0.0,0.0,0.0,0.0,0.0,0.0,0.0,0.0,0.0,0.0,0.0,0.0,0.0,0.0,0.0,0.0,0.0
APEX1,0.4650107,0.0,0.0,0.39142424,0.0,0.69288063,0.8982003,1.2566515,0.0,0.49282485,0.0,0.0,0.0,0.0,0.0,0.0,0.0,0.0,0.0,0.0,0.0,0.0,0.0,0.0,0.5315845,1.1241069,0.9045438,1.3317974,0.0,0.0,0.0,0.0,0.0,0.0,0.8334098,0.90485775,0.823924,0.0,0.0,0.0,0.0,1.3259788
PNP,0.0,0.0,0.0,0.43312258,0.0,0.0,0.3869165,0.6746259,0.0,0.4153542,0.0,0.0,0.7257168,0.0,0.0,0.0,0.0,0.64774716,0.0,0.0,0.0,0.0,0.0,0.0,0.20875011,0.0,0.0,0.26884553,0.0,0.0,0.0,0.0,0.0,0.0,0.0,0.0,0.0,0.0,0.0,0.0,0.0,0.0
RNASE6,0.0,0.0,0.84756476,0.71333325,0.0,0.0,0.88901544,0.0,0.0,0.0,0.0,0.5950968,0.0,0.0,0.0,0.0,0.0,0.0,0.0,0.0,0.0,0.0,0.0,0.0,0.16472894,0.0,0.0,0.0,0.0,0.0,0.0,0.0,0.0,0.0,0.0,0.0,0.0,0.0,0.0,0.0,0.0,1.5163865
RNASE1,0.0,0.0,0.0,0.0,0.0,0.0,0.0,0.0,0.7106712,0.0,0.0,0.5221987,0.5578004,0.0,0.0,0.0,0.0,0.0,0.0,0.0,0.0,0.0,0.0,0.0,0.0,0.0,0.0,0.0,0.0,0.0,0.0,0.0,0.0,0.0,0.0,0.0,0.0,0.0,0.0,0.0,0.0,0.0
RNASE2,0.0,0.0,1.2359412,2.1735797,0.0,0.0,0.0,0.0,0.0,0.0,0.0,0.8423759,0.0,0.0,0.0,0.0,1.7375398,0.0,0.0,0.0,0.0,0.0,0.0,0.0,0.0,0.0,0.0,1.0733857,0.0,0.0,0.0,0.0,0.0,0.0,0.0,0.0,0.0,0.0,0.0,0.0,0.0,0.0
METTL17,0.0,0.0,0.0,0.0,0.0,0.0,0.0,0.27202302,0.0,0.18083665,0.0,0.0,0.0,0.0,0.0,0.0,0.0,0.0,0.0,0.0,0.0,0.0,0.0,0.0,0.13153149,0.0,0.0,0.0,0.0,0.0,0.0,0.0,0.0,0.0,0.0,0.0,0.0,0.0,0.0,0.0,0.0,0.0
NDRG2,0.0,0.0,0.0,0.0,0.0,0.50819945,0.3664031,0.0,0.0,0.0,0.0,0.0,0.0,0.0,0.0,0.0,0.0,0.0,0.0,0.0,0.0,0.0,0.0,0.0,0.0,0.0,0.0,0.0,0.0,0.0,0.0,0.0,0.0,0.0,0.0,0.0,0.0,0.0,0.0,0.0,0.0,0.0
HNRNPC,1.2629145,1.2629145,1.3624666,1.6714085,1.527479,1.2889053,1.5153077,1.7581465,0.0,1.7139375,1.5042977,1.3194139,0.0,1.2530309,1.511234,1.2394422,1.4827869,1.3321989,1.2671435,1.3129228,1.3471818,1.2339783,1.2331591,0.3733489,1.4468999,1.2258217,1.6043375,1.7187779,1.0260687,0.0,1.200264,1.3125257,1.2545515,1.4415187,1.0946286,1.1679103,1.2047434,1.1992106,1.2981205,1.1873627,1.2529416,1.5718837
SUPT16H,0.0,0.0,0.0,0.6742008,0.8843754,0.0,0.40317827,0.9605814,0.0,0.31335935,0.0,0.0,0.0,0.0,0.0,0.0,0.0,0.0,0.0,0.0,0.0,0.0,0.0,0.0,0.4460296,0.0,0.0,0.6589782,0.0,0.0,0.0,0.0,0.0,0.0,0.0,0.0,0.0,0.0,0.0,0.0,0.0,0.0
CHD8,0.0,0.0,0.0,0.0,0.0,0.0,0.39040408,0.0,0.0,0.0,0.0,0.0,0.0,0.0,0.0,0.0,0.0,0.0,0.0,0.0,0.0,0.0,0.0,0.0,0.18132702,0.0,0.0,0.0,0.0,0.0,0.0,0.0,0.0,0.0,0.0,0.0,0.0,0.0,0.0,0.0,0.0,0.0
TOX4,0.0,0.0,0.0,0.0,0.5167893,0.2875488,0.4004618,0.19115049,0.0,0.47256014,0.0,0.3987304,0.0,0.0,0.0,0.0,0.0,0.0,0.0,0.0,0.0,0.0,0.0,0.0,0.24795079,0.0,0.0,0.0,0.0,0.0,0.0,0.0,0.0,0.0,0.0,0.0,0.0,0.0,0.0,0.0,0.0,0.6303606
ENSG00000211829,0.0,0.0,0.0,0.0,1.0318886,0.0,0.0,0.0,0.0,0.0,0.0,0.0,0.0,0.0,0.0,0.0,0.0,0.0,0.0,0.0,1.3040547,0.0,0.0,0.0,0.0,0.0,0.0,0.0,0.0,0.0,0.0,0.0,0.0,0.0,0.0,0.0,0.0,0.0,0.0,0.0,0.0,0.0
ENSG00000277734,0.0,0.0,0.0,0.0,0.0,0.0,0.0,0.0,0.0,0.0,0.0,0.0,0.0,1.1946967,0.0,0.0,0.0,0.0,0.0,0.0,0.0,0.0,0.0,0.0,0.0,0.0,0.0,0.0,0.0,0.0,1.6473998,1.5839338,1.9858662,1.1814578,1.690406,0.0,1.405691,2.0923002,1.7167144,1.3261819,1.270175,0.0
DAD1,0.6760944,0.0,0.0,0.5789285,1.048691,0.55245733,0.726488,0.8253053,0.0,0.25902426,0.81907105,0.72303134,0.0,0.8893249,0.6868571,0.0,0.8581264,1.7226534,0.0,0.8228841,0.0,0.0,0.5941974,1.1041899,1.5115819,0.0,0.0,0.84900963,0.0,0.0,0.88612837,0.85054916,0.9018383,0.8112702,0.90036196,0.9432764,0.7841837,0.9266444,0.90036196,0.9163508,0.9293262,1.2041143
OXA1L,0.53828317,0.0,0.0,0.36727542,0.0,0.6620797,0.6672891,0.6564592,0.0,0.3953033,0.0,0.5221987,0.5578004,0.0,0.0,0.0,0.0,0.0,0.0,0.0,0.0,0.0,0.5551969,0.16441134,0.5027708,0.5167008,0.0,0.41712606,0.0,0.0,0.0,0.0,0.0,0.0,0.0,0.0,0.0,0.0,0.0,0.0,0.0,0.0
SLC7A7,0.0,0.0,0.0,0.0,0.0,0.0,0.0,0.0,0.0,0.0,0.0,0.47305363,0.0,0.0,0.0,0.0,0.0,0.0,0.0,0.0,0.0,0.0,1.1788995,0.0,0.0,0.0,0.0,0.0,0.0,0.0,0.0,0.0,0.0,0.0,0.0,0.0,0.0,0.0,0.0,0.0,0.0,0.0
MRPL52,0.72478276,0.0,0.0,0.733213,0.7197714,0.442071,0.6699801,1.2078172,0.0,0.9500345,0.0,0.0,0.7257168,0.0,0.6868571,0.0,0.0,0.0,0.0,0.0,0.0,0.0,0.5780422,0.5265734,1.3110392,0.0,0.0,0.6384429,0.0,0.0,0.0,0.0,0.0,0.0,0.0,0.0,0.0,0.0,0.0,0.0,0.0,0.44153106
LRP10,0.0,0.0,0.0,0.0,0.0,0.4580726,0.0,0.0,0.0,0.0,0.0,0.0,0.0,0.0,0.6868571,0.0,0.0,0.0,0.0,0.0,0.0,0.0,0.0,0.28842568,0.3453101,0.0,0.0,0.0,0.0,0.0,0.0,0.0,0.0,0.0,0.0,0.0,0.0,0.0,0.0,0.0,0.0,0.0
RBM23,0.0,0.0,0.0,0.0,0.36773276,0.0,0.32453808,0.0,0.0,0.36239028,0.0,0.0,0.0,0.0,0.0,0.0,0.0,0.0,0.0,0.0,0.0,0.0,0.0,0.0,0.0,0.0,0.0,0.0,0.0,0.0,0.0,0.0,0.0,0.0,0.0,0.0,0.0,0.0,0.0,0.0,0.0,0.0
PRMT5,0.0,0.0,0.0,0.0,0.0,0.0,0.0,0.21530977,0.0,0.0,0.0,0.0,0.0,0.0,0.0,0.0,0.0,0.0,0.0,0.0,0.0,0.0,0.0,0.0,0.0,0.0,0.0,0.0,0.0,0.0,0.0,0.0,0.0,0.0,0.0,0.0,0.0,0.0,0.0,0.0,0.0,0.0
HAUS4,0.0,0.0,0.0,0.0,0.0,0.0,0.33851904,0.60116863,0.0,0.18155362,0.0,0.0,0.0,0.0,0.0,0.0,0.0,0.0,0.0,0.0,0.0,0.0,0.0,0.0,0.15106389,0.0,0.0,0.0,0.0,0.0,0.0,0.0,0.0,0.0,0.0,0.0,0.0,0.0,0.0,0.0,0.0,0.0
PSMB5,0.0,0.0,0.0,0.0,0.0,0.0,0.32453808,1.0508028,0.0,0.0,0.0,0.0,0.0,0.0,0.0,0.0,0.0,0.0,0.0,0.0,0.0,0.0,0.0,0.28967506,0.6155035,0.0,0.0,0.4858752,0.0,0.0,0.0,0.0,0.0,0.0,0.0,0.0,0.0,0.0,0.0,0.0,0.0,0.0
ACIN1,0.0,0.0,0.0,0.40744412,0.57086277,0.34146005,0.41449797,0.41819102,0.0,0.5482596,0.0,0.0,0.0,0.0,0.8421502,0.0,0.0,0.0,0.0,0.0,0.0,0.0,0.0,0.0,0.38533148,0.0,0.0,0.3424939,0.0,0.0,0.0,0.0,0.0,0.0,0.0,0.0,0.0,0.0,0.0,0.0,0.0,0.5491766
C14orf119,0.0,0.0,0.0,0.0,0.0,0.0,0.0,0.18280953,0.0,0.0,0.0,0.0,0.0,0.0,0.0,0.0,0.0,0.0,0.0,0.0,0.0,0.0,0.0,0.0,0.14103276,0.0,0.0,0.0,0.0,0.0,0.0,0.0,0.0,0.0,0.0,0.0,0.0,0.0,0.0,0.0,0.0,0.0
PABPN1,0.0,0.0,0.0,0.67206013,0.65686095,0.50513124,0.72522205,0.69940543,0.0,1.0187601,0.67302287,0.6602513,0.0,0.0,0.0,0.0,0.0,0.0,0.0,0.0,0.0,0.0,0.5456114,0.0,0.4938859,0.0,1.0257652,0.7350212,0.0,0.0,0.0,0.0,0.0,0.0,0.0,0.0,0.0,0.0,0.0,0.0,0.0,0.7166299
CMTM5,0.0,0.0,0.0,0.0,0.0,0.0,0.0,0.0,0.0,0.0,0.0,0.0,0.0,0.0,0.0,0.0,0.0,2.4118104,0.0,0.0,0.0,0.0,0.0,0.0,0.0,0.0,0.0,0.0,0.0,0.0,0.0,0.0,0.0,0.0,0.0,0.0,0.0,0.0,0.0,0.0,0.0,0.0
NGDN,0.0,0.0,0.0,0.0,0.0,0.0,0.0,0.21530977,0.0,0.0,0.0,0.0,0.0,0.0,0.0,0.0,0.0,0.0,0.0,0.0,0.0,0.0,0.0,0.0,0.11483783,0.0,0.0,0.0,0.0,0.0,0.0,0.0,0.0,0.0,0.0,0.0,0.0,0.0,0.0,0.0,0.0,0.0
DHRS4,0.0,0.0,0.0,0.0,0.0,0.0,0.0,0.0,0.0,0.0,0.0,0.0,0.44090223,0.0,0.0,0.0,0.0,0.0,0.0,0.0,0.0,0.0,0.0,0.0,0.0,0.0,0.0,0.0,0.0,0.0,0.0,0.0,0.0,0.0,0.0,0.0,0.0,0.0,0.0,0.0,0.0,0.0
PCK2,0.0,0.0,0.0,0.0,0.0,0.0,0.0,0.14544432,0.0,0.0,0.0,0.0,0.0,0.0,0.0,0.0,0.0,0.0,0.0,0.0,0.0,0.0,0.0,0.0,0.0,0.0,0.0,0.0,0.0,0.0,0.0,0.0,0.0,0.0,0.0,0.0,0.0,0.0,0.0,0.0,0.0,0.0
DCAF11,0.0,0.0,0.0,0.0,0.0,0.0,0.0,0.43485335,0.0,0.0,0.48630244,0.0,0.0,0.0,0.0,0.0,0.0,0.0,0.0,0.0,0.0,0.0,0.0,0.0,0.0,0.0,0.0,0.0,0.0,0.0,0.0,0.0,0.0,0.0,0.0,0.0,0.0,0.0,0.0,0.0,0.0,0.0
PSME1,1.1466931,0.80773175,1.0511456,1.0805253,1.7808883,1.7724983,1.3121998,1.271466,0.0,1.492387,1.3838991,1.5971258,1.4347595,1.5255713,1.1548164,1.3168658,0.6590623,0.8502643,1.3512021,1.773895,1.6639085,1.2969605,1.5659757,0.7935536,1.5157465,1.3702809,1.495822,1.3155105,1.2955136,0.0,1.4666791,1.7139107,1.2626721,1.5642927,1.3317974,1.3236489,1.3076837,1.4821765,1.6530668,1.4909147,1.2679685,1.5478404
EMC9,0.0,0.0,0.0,0.0,0.0,0.0,0.0,0.0,0.0,0.0,0.0,0.0,0.0,0.0,0.0,0.0,0.0,0.0,0.0,0.0,0.0,0.0,0.0,0.0,0.17517093,0.0,0.0,0.0,0.0,0.0,0.0,0.0,0.0,0.0,0.0,0.0,0.0,0.0,0.0,0.0,0.0,0.0
PSME2,0.6535427,0.0,0.0,0.92931086,1.5140266,1.3478141,1.1327775,0.7563203,0.0,1.0070283,0.81207776,1.0209692,1.4048783,0.99759144,0.0,0.49112624,0.0,0.0,0.0,1.1404297,1.1164753,0.0,1.3431677,0.7470244,1.9861103,0.0,0.0,0.95951855,0.696363,0.0,0.8411737,1.0360919,0.7257168,0.9673357,0.7370414,0.7424415,0.77290285,0.8255792,0.98354566,0.9960812,0.0,0.83990693
IRF9,0.0,0.0,0.0,0.0,0.0,0.0,0.35860544,0.0,0.0,0.0,0.0,0.0,0.0,0.0,0.0,0.0,0.0,0.0,0.0,0.0,0.0,0.0,0.44775045,0.0,0.0,0.0,0.0,0.0,0.0,0.0,0.0,0.0,0.0,0.0,0.0,0.0,0.0,0.0,0.0,0.0,0.0,0.0
REC8,0.0,0.0,0.0,0.0,0.0,0.0,0.0,0.2581269,0.0,0.0,0.0,0.0,0.0,0.0,0.0,0.0,0.0,0.0,0.0,0.0,0.0,0.0,0.0,0.0,0.0,0.0,0.0,0.0,0.0,0.0,0.0,0.0,0.0,0.0,0.0,0.0,0.0,0.0,0.0,0.0,0.0,0.0
IPO4,0.0,0.0,0.0,0.0,0.0,0.0,0.0,0.16616654,0.0,0.0,0.0,0.0,0.0,0.0,0.0,0.0,0.0,0.0,0.0,0.0,0.0,0.0,0.0,0.0,0.0,0.0,0.0,0.0,0.0,0.0,0.0,0.0,0.0,0.0,0.0,0.0,0.0,0.0,0.0,0.0,0.0,0.0
TM9SF1,0.0,0.0,0.0,0.0,0.0,0.0,0.0,0.0,0.0,0.0,0.0,0.0,0.0,0.0,0.0,0.0,0.0,0.0,0.0,0.0,0.0,0.0,0.0,0.0,0.22396155,0.0,0.0,0.0,0.0,0.0,0.0,0.0,0.0,0.0,0.0,0.0,0.0,0.0,0.0,0.0,0.0,0.0
CHMP4A,0.0,0.0,0.0,0.45835376,0.82575977,0.3139043,0.56046355,0.34489712,0.0,0.49282485,0.0,0.0,0.0,0.0,0.0,0.0,0.0,0.0,0.0,0.0,0.6340856,0.0,0.0,0.0,0.48779035,0.0,0.0,0.32415757,0.0,0.0,0.0,0.0,0.0,0.0,0.0,0.0,0.0,0.0,0.0,0.0,0.0,0.6195489
NEDD8,0.7278692,0.93747234,1.011577,1.2026451,1.2637844,0.97485316,1.201035,1.1067877,1.4485903,0.8685845,0.48630244,1.0850972,1.141807,0.92269826,0.6868571,0.80058503,0.6554471,0.9497876,0.6833439,1.131958,1.042469,0.0,0.9952489,0.4292449,1.124629,0.0,0.0,1.145492,0.7946085,0.0,0.9159009,1.0280086,0.8872192,0.93123955,0.904719,0.7347235,0.8185041,1.0310745,0.9854884,0.8939098,0.0,1.2039262
TINF2,0.0,0.0,0.0,0.0,0.0,0.0,0.0,0.0,0.0,0.18083665,0.0,0.0,0.0,0.0,0.0,0.0,0.0,0.0,0.0,0.0,0.0,0.0,0.0,0.0,0.0,0.0,0.0,0.0,0.0,0.0,0.0,0.0,0.0,0.0,0.0,0.0,0.0,0.0,0.0,0.0,0.0,0.0
CTSG,0.0,0.0,0.0,0.0,0.0,0.0,0.0,0.0,0.0,0.0,0.0,0.0,0.0,0.0,0.0,0.0,0.0,0.0,0.0,0.0,0.0,0.0,0.0,0.0,0.0,0.0,0.0,0.58246475,0.0,0.0,0.0,0.0,0.0,0.0,0.0,0.0,0.0,0.0,0.0,0.0,0.0,0.0
GZMH,0.0,0.0,0.0,0.0,1.341692,0.0,0.0,0.0,0.0,0.0,0.0,0.0,0.0,0.0,0.0,0.0,0.0,0.0,0.0,1.1669389,0.0,0.0,0.0,0.0,0.0,0.0,0.0,0.0,0.0,0.0,0.0,2.37117,0.0,0.0,0.0,0.0,0.0,0.0,1.0677273,0.0,0.0,0.0
GZMB,0.0,0.0,0.0,0.0,2.8211823,0.0,0.0,0.0,0.0,0.0,0.0,0.0,0.0,0.0,0.0,0.0,0.0,0.0,0.0,3.101378,1.0263481,0.0,0.0,0.0,0.0,0.0,0.0,0.0,0.0,0.0,0.0,1.9987175,0.0,0.0,0.0,0.0,0.0,0.0,0.0,0.0,0.0,3.811337
SCFD1,0.0,0.0,0.0,0.0,0.0,0.0,0.0,0.14603369,0.0,0.0,0.0,0.0,0.0,0.0,0.0,0.0,0.0,0.0,0.0,0.0,0.0,0.0,0.0,0.15529001,0.48046565,0.0,0.0,0.0,0.0,0.0,0.0,0.0,0.0,0.0,0.0,0.0,0.0,0.0,0.0,0.0,0.0,0.0
HECTD1,0.0,0.0,0.0,0.0,0.0,0.0,0.42200556,0.3375845,0.0,0.36239028,0.0,0.0,0.0,0.0,0.0,0.0,0.0,0.0,0.0,0.0,0.0,0.0,0.0,0.0,0.17517093,0.0,0.0,0.24579903,0.0,0.0,0.0,0.0,0.0,0.0,0.0,0.0,0.0,0.0,0.0,0.0,0.0,0.0
ARHGAP5,0.0,0.0,0.0,0.0,0.0,0.38395348,0.44408643,0.0,0.0,0.25902426,0.0,0.0,0.0,0.0,0.0,0.0,0.0,0.0,0.0,0.0,0.0,0.0,0.0,0.0,0.0,0.0,0.0,0.0,0.0,0.0,0.0,0.0,0.0,0.0,0.0,0.0,0.0,0.0,0.0,0.0,0.0,0.0
EGLN3,0.0,0.0,0.0,0.0,0.0,0.37967432,0.0,0.0,0.0,0.0,0.0,0.0,0.0,0.0,0.0,0.0,0.0,0.0,0.0,0.0,0.0,0.0,0.0,0.0,0.0,0.0,0.0,0.0,0.0,0.0,0.0,0.0,0.0,0.0,0.0,0.0,0.0,0.0,0.0,0.0,0.0,0.0
SPTSSA,0.0,0.0,0.0,0.0,0.0,0.0,0.0,0.16460665,0.0,0.0,0.0,0.0,0.0,0.0,0.0,0.0,0.0,0.0,0.0,0.0,0.0,0.0,0.0,0.0,0.28064317,0.0,0.0,0.0,0.0,0.0,0.0,0.0,0.0,0.0,0.0,0.0,0.0,0.0,0.0,0.0,0.0,0.0
EAPP,0.0,0.0,0.0,0.0,0.38769996,0.0,0.42200556,0.22834241,0.0,0.0,0.0,0.0,0.0,0.0,0.0,0.0,0.0,0.0,0.0,0.0,0.0,0.0,0.0,0.0,0.20406052,0.0,0.0,0.0,0.0,0.0,0.0,0.0,0.0,0.0,0.0,0.0,0.0,0.0,0.0,0.0,0.0,0.0
SNX6,0.0,0.0,0.65587556,0.47641534,0.7815406,0.3431283,0.66448283,0.37834653,1.5855346,0.25902426,0.0,0.72303134,1.4643317,0.0,0.0,0.0,0.0,0.0,0.0,0.0,0.0,0.0,0.7253597,0.0,0.25475153,0.0,0.0,0.3788965,0.0,0.0,0.717722,0.0,0.7257168,0.0,0.0,0.0,0.0,0.6970701,0.0,0.0,0.0,0.6303147
BAZ1A,0.0,0.0,0.87423396,1.1269629,0.675383,0.55245733,0.8378116,0.7232976,0.0,0.81770027,0.0,0.5221987,0.44090223,0.0,0.0,0.0,0.0,0.0,0.0,0.0,0.0,0.0,0.61800766,0.0,0.40248197,0.0,0.0,0.8233918,0.0,0.0,0.7348021,0.0,0.0,0.0,0.0,0.80701864,0.0,0.5335475,0.0,0.0,0.0,0.5831194
SRP54,0.0,0.0,0.0,0.0,0.0,0.0,0.0,0.21420786,0.0,0.0,0.0,0.0,0.0,0.0,0.0,0.0,0.0,0.0,0.0,0.0,0.0,0.0,0.0,0.36734912,0.6365854,0.0,0.0,0.0,0.0,0.0,0.0,0.0,0.0,0.0,0.0,0.0,0.0,0.0,0.0,0.0,0.0,0.0
FAM177A1,0.0,0.0,0.0,0.0,0.0,0.28305006,0.0,0.1391865,0.0,0.36239028,0.81207776,0.4254868,0.7458428,0.0,0.0,0.0,0.0,0.0,0.0,0.0,0.0,0.0,0.0,0.24548532,0.30889946,0.0,0.0,0.0,0.0,0.0,0.0,0.0,0.0,0.0,0.0,0.0,0.0,0.0,0.0,0.0,0.0,0.0
PPP2R3C,0.0,0.0,0.0,0.0,0.0,0.0,0.33419082,0.114096716,0.0,0.65150476,0.0,0.0,0.0,0.0,0.0,0.0,0.0,0.0,0.0,0.0,0.0,0.0,0.0,0.0,0.17393991,0.0,0.0,0.0,0.0,0.0,0.0,0.0,0.0,0.0,0.0,0.0,0.0,0.0,0.0,0.0,0.0,0.0
PRORP,0.0,0.0,0.0,0.0,0.0,0.0,0.0,0.0,0.0,0.18083665,0.0,0.0,0.0,0.0,0.0,0.0,0.0,0.0,0.0,0.0,0.0,0.0,0.0,0.0,0.0,0.0,0.0,0.0,0.0,0.0,0.0,0.0,0.0,0.0,0.0,0.0,0.0,0.0,0.0,0.0,0.0,0.0
PSMA6,0.0,1.0522969,0.71011925,0.9419729,1.1495347,0.7064579,0.91747737,1.0372795,1.5628647,0.73271203,0.48630244,1.1521438,0.5578004,0.0,0.0,0.0,0.0,1.4469594,0.0,0.0,0.0,0.0,0.7976004,0.26770046,1.1109859,0.0,1.4311959,0.95763403,0.0,0.0,0.0,0.0,0.0,0.0,0.0,0.0,0.0,0.0,0.0,0.0,0.0,1.0800307
NFKBIA,0.9881799,1.0205148,2.0605757,1.6325045,2.418993,1.4445434,1.4461902,0.1902604,0.0,0.88499784,3.429076,4.5985017,2.4563458,3.3649814,1.6022239,2.264882,2.3434162,0.0,1.8117259,2.5567732,3.232376,1.5120605,2.386048,1.8744924,1.8857534,2.1220336,1.0943637,1.4267912,2.1324344,1.8047942,2.937693,1.4881213,2.720931,2.1478546,2.7222266,1.1916697,1.6860623,2.2508893,1.9303025,3.080286,2.6275425,0.60446286
MBIP,0.0,0.0,0.0,0.0,0.0,0.0,0.0,0.0,0.0,0.18083665,0.0,0.0,0.0,0.0,0.0,0.0,0.0,0.0,0.0,0.0,0.0,0.0,0.0,0.0,0.0,0.0,0.0,0.0,0.0,0.0,0.0,0.0,0.0,0.0,0.0,0.0,0.0,0.0,0.0,0.0,0.0,0.0
PNN,1.2168176,0.0,0.626506,0.96201205,1.3022163,0.5955348,1.0549331,0.89500684,0.0,1.1022857,1.234842,0.0,0.7257168,0.9921136,0.9916867,0.0,1.2450752,0.0,1.0641115,1.287099,1.4584427,1.0367963,0.53899735,0.2391837,0.829484,1.3843678,1.4336234,1.2590845,0.7403772,0.0,0.85220397,1.0366788,1.0065377,1.0396876,0.95398796,0.0,0.75807905,0.9286773,0.9961889,0.6491481,0.99532795,1.5174793
FKBP3,0.0,0.0,0.0,0.0,0.0,0.0,0.4363086,0.6908055,0.0,0.4398609,0.0,0.0,0.0,0.0,0.0,0.0,0.0,0.0,0.0,0.0,0.0,0.0,0.0,0.0,0.56514627,0.0,0.0,0.4763025,0.0,0.0,0.0,0.0,0.0,0.0,0.0,0.0,0.0,0.0,0.0,0.0,0.0,0.44302538
MIS18BP1,0.0,0.0,0.0,1.0729375,1.0560954,0.65910083,0.8126005,0.41897923,0.0,1.07055,0.8185749,0.4963503,0.5578004,0.0,0.0,0.0,0.0,0.0,0.0,0.0,0.0,0.0,0.8174007,0.0,0.5124737,0.0,0.9181548,0.794046,0.0,0.0,0.0,0.0,0.0,0.0,0.0,0.0,0.0,0.0,0.0,0.0,0.0,0.7705269
RPS29,3.6872997,2.9272206,2.639215,2.911891,2.7146447,3.353786,2.8702295,3.4293907,2.9049807,3.3251603,2.9683566,2.1895578,3.0420392,3.4371936,3.1554248,3.3217568,2.8864965,2.4104133,3.7614079,2.937959,3.052576,3.2912688,2.635922,1.856018,2.9692578,2.2627697,2.912792,3.3123221,3.291663,1.8005635,3.8063173,3.8360445,3.8180258,3.8617158,3.735158,3.0907984,4.0015397,3.4772747,3.9211013,3.4497972,3.473518,3.0113158
LRR1,0.0,0.0,0.0,0.0,0.0,0.0,0.0,0.36935025,0.0,0.4153542,0.0,0.0,0.0,0.0,0.0,0.0,0.0,0.0,0.0,0.0,0.0,0.0,0.0,0.0,0.25635368,0.0,0.0,0.0,0.0,0.0,0.0,0.0,0.0,0.0,0.0,0.0,0.0,0.0,0.0,0.0,0.0,0.0
RPL36AL,1.8939027,1.1356167,1.5328381,1.5665803,1.8379893,1.6870698,1.8109021,1.862675,1.8419654,1.6251704,2.0024955,1.5155432,2.0440001,2.2718077,1.3768444,1.9624988,2.060633,1.8818675,1.94309,1.9950038,1.942063,1.7805972,1.807416,1.6155338,2.3147771,1.5945656,1.609758,1.6860197,1.8419845,0.0,2.3823593,2.1648247,2.348999,2.0481234,2.3117032,2.0756638,2.2976277,2.2473497,2.1534135,2.268564,2.340388,2.138174
MGAT2,0.0,0.0,0.0,0.0,0.0,0.0,0.0,0.0,0.0,0.0,0.0,0.0,0.0,0.0,0.0,0.0,0.0,0.0,0.0,0.0,0.0,0.0,0.0,0.0,0.19805485,0.0,0.0,0.0,0.0,0.0,0.0,0.0,0.0,0.0,0.0,0.0,0.0,0.0,0.0,0.0,0.0,0.0
DNAAF2,0.0,0.0,0.0,0.0,0.0,0.0,0.0,0.13451539,0.0,0.0,0.0,0.0,0.0,0.0,0.0,0.0,0.0,0.0,0.0,0.0,0.0,0.0,0.0,0.0,0.0,0.0,0.0,0.0,0.0,0.0,0.0,0.0,0.0,0.0,0.0,0.0,0.0,0.0,0.0,0.0,0.0,0.0
POLE2,0.0,0.0,0.0,0.0,0.0,0.0,0.0,0.21609913,0.0,0.0,0.0,0.0,0.0,0.0,0.0,0.0,0.0,0.0,0.0,0.0,0.0,0.0,0.0,0.0,0.0,0.0,0.0,0.0,0.0,0.0,0.0,0.0,0.0,0.0,0.0,0.0,0.0,0.0,0.0,0.0,0.0,0.0
KLHDC2,0.0,0.0,0.0,0.0,0.0,0.0,0.0,0.18297052,0.0,0.18155362,0.0,0.0,0.0,0.0,0.0,0.0,0.0,0.0,0.0,0.0,0.0,0.0,0.0,0.0,0.13101205,0.0,0.0,0.0,0.0,0.0,0.0,0.0,0.0,0.0,0.0,0.0,0.0,0.0,0.0,0.0,0.0,0.0
NEMF,0.0,0.0,0.0,0.0,0.48512653,0.38395348,0.4739445,0.22834241,0.0,0.47349092,0.0,0.0,0.0,0.0,0.0,0.0,0.0,0.0,0.0,0.0,0.0,0.0,0.0,0.0,0.20406052,0.0,0.0,0.2503184,0.0,0.0,0.0,0.0,0.0,0.0,0.0,0.0,0.0,0.0,0.0,0.0,0.0,0.6358292
ARF6,0.9370472,0.0,0.88915646,0.92272896,1.2793033,1.7341621,1.2364,0.6178416,0.0,1.0172601,1.1449375,0.91348,0.97920024,1.1088495,1.1548164,0.0,0.16742863,0.0,0.9897197,1.2578757,1.345289,1.1508127,0.8121843,0.19568309,0.63233787,0.0,0.9506155,0.48469186,0.6650175,0.0,1.0046687,1.1773239,0.99575824,1.283694,0.9947907,0.92861915,0.92719793,1.0066478,1.1798159,1.112263,1.0800302,0.84439707
DMAC2L,0.0,0.0,0.0,0.0,0.0,0.0,0.0,0.15469545,0.0,0.0,0.0,0.0,0.0,0.0,0.0,0.0,0.0,0.0,0.0,0.0,0.0,0.0,0.0,0.0,0.0,0.0,0.0,0.0,0.0,0.0,0.0,0.0,0.0,0.0,0.0,0.0,0.0,0.0,0.0,0.0,0.0,0.0
MAP4K5,0.0,0.0,0.0,0.0,0.0,0.0,0.0,0.14951381,0.0,0.0,0.0,0.0,0.0,0.0,0.0,0.0,0.0,0.0,0.0,0.0,0.0,0.0,0.0,0.0,0.0,0.0,0.0,0.0,0.0,0.0,0.0,0.0,0.0,0.0,0.0,0.0,0.0,0.0,0.0,0.0,0.0,0.0
NIN,0.94838136,0.0,0.51180124,0.60574913,0.0,0.27226898,0.50284827,0.0,0.0,0.5471599,0.0,0.0,0.44090223,0.0,0.8421502,0.0,0.0,0.0,0.0,0.0,0.0,0.0,0.65103114,0.0,0.14103276,0.0,0.0,0.14782387,0.0,0.0,0.0,0.0,0.0,0.0,0.0,0.0,0.0,0.0,0.0,0.0,0.0,0.7904878
PYGL,0.0,0.0,0.0,0.0,0.0,0.0,0.0,0.0,0.0,0.0,0.0,0.4963503,0.0,0.0,0.0,0.0,0.0,0.0,0.0,0.0,0.0,0.0,0.0,0.0,0.0,0.0,0.0,0.0,0.0,0.0,0.0,0.0,0.0,0.0,0.0,0.0,0.0,0.0,0.0,0.0,0.0,0.0
TMX1,0.0,0.0,0.0,0.35000405,0.4684435,0.65338784,0.41778326,0.46045524,0.0,0.4153542,0.0,0.3987304,0.0,0.0,0.0,0.0,0.0,0.0,0.0,0.0,0.0,0.0,0.0,0.0,0.20931143,0.0,0.0,0.33004442,0.0,0.0,0.0,0.0,0.0,0.0,0.0,0.0,0.0,0.0,0.0,0.0,0.0,0.48874506
GNG2,0.0,0.0,0.0,0.0,1.299834,0.0,0.0,0.0,0.0,0.18155362,0.0,0.0,0.44090223,0.93071985,0.0,0.0,0.0,0.0,0.0,1.3184106,0.0,0.0,0.7592037,0.0,0.0,0.0,0.0,0.0,0.0,0.0,0.0,1.1123316,0.0,1.1285514,0.0,0.0,0.0,0.0,0.98459476,0.93211806,0.0,0.0
RTRAF,0.53828317,0.0,0.0,0.72165644,0.9097267,0.7710557,1.0242468,1.1971638,0.0,0.9193839,0.67302287,0.5950968,0.7257168,0.0,0.0,0.0,0.0,0.521147,0.0,0.0,0.0,0.0,0.66425705,0.39061257,0.9802344,0.0,1.3541749,0.98754954,0.0,0.0,0.8302952,0.0,0.0,0.0,0.9127207,0.0,0.8406488,0.9324916,0.0,0.0,0.0,0.9897202
PTGDR,0.0,0.0,0.0,0.0,0.0,0.0,0.0,0.0,0.0,0.0,0.0,0.0,0.0,0.0,0.0,0.0,0.0,0.0,0.0,0.0,0.87188816,0.0,0.0,0.0,0.0,0.0,0.0,0.0,0.0,0.0,0.0,0.0,0.0,0.0,0.0,0.0,0.0,0.0,0.0,0.0,0.0,0.0
PTGER2,0.0,0.0,0.0,0.0,0.53258795,0.0,0.0,0.0,0.0,0.0,0.0,0.0,0.0,0.0,0.0,0.0,0.0,0.0,0.0,0.0,0.0,0.0,0.0,0.0,0.0,0.0,0.0,0.0,0.0,0.0,0.0,0.0,0.0,0.0,0.0,0.0,0.0,0.0,0.0,0.0,1.106406,0.0
ERO1A,0.0,0.0,0.0,0.0,0.0,0.38395348,0.29905957,0.0,0.0,0.0,0.0,0.68302804,0.44090223,0.0,0.0,0.0,0.0,0.0,0.0,0.0,0.0,0.0,0.0,0.0,0.31626165,0.0,0.0,0.0,0.0,0.0,0.0,0.0,0.0,0.0,0.0,0.0,0.0,0.0,0.0,0.0,0.0,0.0
PSMC6,0.0,0.0,0.0,0.4891065,0.5703906,0.5034041,0.4579872,0.591699,0.0,0.0,0.81207776,0.0,0.0,0.0,0.0,0.0,0.0,0.0,0.0,0.0,0.0,0.0,0.0,0.0,0.5398759,0.0,0.0,0.3942871,0.0,0.0,0.0,0.0,0.0,0.0,0.0,0.0,0.0,0.0,0.0,0.0,0.0,0.0
CDKN3,0.0,0.0,0.0,0.0,0.68133795,0.0,0.0,0.32679036,0.0,0.0,0.0,0.0,0.0,0.0,0.0,0.0,0.0,0.0,0.0,0.0,0.0,0.0,0.0,0.0,0.5113328,0.0,0.0,0.0,0.0,0.0,0.0,0.0,0.0,0.0,0.0,0.0,0.0,0.0,0.0,0.0,0.0,0.0
CNIH1,0.0,0.0,0.0,0.0,0.0,0.37913528,0.41995525,0.29779896,0.0,0.3953033,0.0,0.0,0.0,0.0,0.0,0.0,0.0,0.0,0.0,0.0,0.0,0.0,0.0,0.0,0.27335483,0.0,0.0,0.27990395,0.0,0.0,0.0,0.0,0.0,0.0,0.0,0.0,0.0,0.0,0.0,0.0,0.0,0.0
GCH1,0.0,0.0,0.0,0.0,0.0,0.0,0.0,0.0,0.0,0.0,0.0,0.0,0.0,0.0,0.0,0.0,0.0,0.0,0.0,0.0,0.0,0.0,0.45308053,0.0,0.0,0.0,0.0,0.0,0.0,0.0,0.0,0.0,0.0,0.0,0.0,0.0,0.0,0.0,0.0,0.0,0.0,0.0
SOCS4,0.0,0.0,0.0,0.0,0.0,0.0,0.0,0.0,0.0,0.3960203,0.0,0.0,0.0,0.0,0.0,0.0,0.0,0.0,0.0,0.0,0.0,0.0,0.0,0.0,0.0,0.0,0.0,0.0,0.0,0.0,0.0,0.0,0.0,0.0,0.0,0.0,0.0,0.0,0.0,0.0,0.0,0.0
MAPK1IP1L,0.0,0.0,0.0,0.48483947,0.5288843,0.6884801,0.53160185,0.5759481,0.0,0.23380059,0.392094,0.8840804,0.0,0.0,0.6868571,0.0,0.0,0.0,0.7511673,0.0,0.0,0.0,0.5444871,0.17477192,0.45328242,0.0,0.0,0.40017515,0.60675466,0.0,0.78599995,0.0,0.0,0.0,0.92646,0.8623723,0.633116,0.9286773,0.0,0.0,0.0,0.7594529
LGALS3,0.0,2.1915557,1.3010798,0.96310896,0.0,0.5955348,0.88656855,0.0,1.8822718,0.0,0.0,1.6605629,0.0,0.0,0.0,0.0,0.0,0.0,0.0,0.0,0.0,0.0,1.3763121,0.24428296,0.12638117,0.0,0.0,0.0,0.0,0.0,0.0,0.0,0.0,0.0,0.0,0.0,0.0,0.0,0.0,0.0,0.0,0.0
DLGAP5,0.0,0.0,0.0,0.0,0.0,0.0,0.0,0.3534055,0.0,0.0,0.0,0.0,0.0,0.0,0.0,0.0,0.0,0.0,0.0,0.0,0.0,0.0,0.0,0.0,0.20406052,0.0,0.0,0.0,0.0,0.0,0.0,0.0,0.0,0.0,0.0,0.0,0.0,0.0,0.0,0.0,0.0,0.0
KTN1,0.88428897,0.90542024,0.79631776,0.98445123,0.9067395,0.8514719,0.98955816,1.012413,0.0,0.7935314,1.2076957,0.64906085,0.7458428,0.8938244,1.3148127,0.0,0.0,0.0,0.9922216,0.0,0.89690876,0.0,0.667319,0.40204462,0.74078166,1.1291785,1.2286537,0.97787124,0.7946085,0.0,0.7766885,1.0354472,0.809613,1.0748568,0.0,0.0,0.7737827,0.719771,1.0532888,0.7013468,1.0810587,1.1865323
ACTR10,0.0,0.0,0.0,0.0,0.0,0.0,0.32769254,0.18297052,0.0,0.0,0.0,0.0,0.0,0.0,0.0,0.0,0.0,0.0,0.0,0.0,0.0,0.0,0.0,0.0,0.0,0.0,0.0,0.0,0.0,0.0,0.0,0.0,0.0,0.0,0.0,0.0,0.0,0.0,0.0,0.0,0.0,0.0
PSMA3,0.0,0.0,0.0,0.3257631,0.7442734,0.37913528,0.6055493,0.83691984,0.0,0.42031318,0.0,0.0,0.0,0.0,0.0,0.0,0.0,0.0,0.0,0.0,0.0,0.0,0.0,0.12528247,1.0926371,0.0,0.0,0.57770133,0.0,0.0,0.0,0.0,0.0,0.0,0.0,0.0,0.0,0.0,0.0,0.0,0.0,0.799034
PSMA3-AS1,0.0,0.0,0.0,0.19746187,0.5373943,0.37967432,0.45611674,0.0,0.0,0.0,0.0,0.0,0.0,0.0,0.0,0.0,0.0,0.0,0.0,0.0,0.0,0.0,0.0,0.0,0.0,0.0,0.0,0.32048595,0.0,0.0,0.0,0.0,0.0,0.0,0.7881193,0.0,0.0,0.0,0.0,0.0,0.0,0.6547186
ARID4A,0.0,0.0,0.0,0.0,0.0,0.0,0.38106546,0.0,0.0,0.36239028,0.0,0.0,0.0,0.0,0.7355936,0.0,0.0,0.0,0.0,0.0,0.0,0.0,0.0,0.0,0.0,0.0,0.0,0.0,0.0,0.0,0.0,0.0,0.0,0.0,0.0,0.0,0.0,0.0,0.0,0.0,0.0,0.0
TIMM9,0.0,0.0,0.0,0.0,0.0,0.0,0.0,0.47468564,0.0,0.0,0.0,0.0,0.0,0.0,0.0,0.0,0.0,0.0,0.0,0.0,0.0,0.0,0.0,0.0,0.24290843,0.0,0.0,0.0,0.0,0.0,0.0,0.0,0.0,0.0,0.0,0.0,0.0,0.0,0.0,0.0,0.0,0.0
DAAM1,0.0,0.0,0.0,0.0,0.0,0.0,0.0,0.15994428,0.0,0.18083665,0.0,0.0,0.0,0.0,0.0,0.0,0.0,0.3746584,0.0,0.0,0.0,0.0,0.0,0.0,0.0,0.0,0.0,0.0,0.0,0.0,0.0,0.0,0.0,0.0,0.0,0.0,0.0,0.0,0.0,0.0,0.0,0.0
PCNX4,0.0,0.0,0.0,0.0,0.0,0.0,0.0,0.0,0.0,0.0,0.0,0.0,0.44090223,0.0,0.0,0.0,0.0,0.0,0.0,0.0,0.0,0.0,0.0,0.0,0.0,0.0,0.0,0.0,0.0,0.0,0.0,0.0,0.0,0.0,0.0,0.0,0.0,0.0,0.0,0.0,0.0,0.0
DHRS7,0.0,0.0,0.0,0.0,0.81819236,0.5035982,0.6605679,0.0,0.0,0.0,1.049655,0.0,0.44090223,0.91276526,0.0,0.0,0.0,0.0,0.0,1.1214569,0.0,0.0,0.0,0.28067487,0.22068115,0.0,0.0,0.20235628,0.0,0.0,0.0,0.0,0.0,0.0,0.0,0.0,0.0,0.0,0.0,0.0,0.0,1.087667
MNAT1,0.0,0.0,0.0,0.0,0.0,0.0,0.0,0.0,0.0,0.47256014,0.0,0.0,0.0,0.0,0.0,0.0,0.0,0.0,0.0,0.0,0.0,0.0,0.0,0.0,0.0,0.0,0.0,0.0,0.0,0.0,0.0,0.0,0.0,0.0,0.0,0.0,0.0,0.0,0.0,0.0,0.0,0.0
PRKCH,0.0,0.0,0.0,0.0,0.8778502,0.0,0.0,0.0,0.0,0.0,0.0,0.0,0.0,0.98459476,0.0,0.0,0.0,0.0,0.0,1.1073549,1.000138,0.0,0.0,0.0,0.0,0.0,0.0,0.0,0.0,0.0,0.0,0.96471345,0.0,1.1186742,0.0,0.0,0.0,0.0,1.0253062,0.8565465,0.9293262,0.0
HIF1A,0.65283537,0.0,1.661438,1.1588521,0.30281872,0.685242,1.2732692,0.0,0.0,0.8686701,0.67302287,2.005142,2.5438302,0.0,0.7355936,0.0,0.0,0.0,0.6563758,0.0,0.0,0.0,1.0936964,0.0,0.20178393,0.5167008,0.935398,0.38528657,0.7068117,0.0,0.0,0.0,0.0,0.0,0.0,0.0,0.0,0.0,0.0,0.0,0.0,0.0
PPP2R5E,0.0,0.0,0.0,0.0,0.46659034,0.0,0.3259039,0.19883715,0.0,0.0,0.0,0.0,0.0,0.0,0.0,0.0,0.0,0.0,0.0,0.0,0.0,0.0,0.0,0.0,0.20240685,0.0,0.0,0.0,0.0,0.0,0.0,0.0,0.0,0.0,0.0,0.0,0.0,0.0,0.0,0.0,0.0,0.0
SGPP1,0.0,0.0,0.0,0.0,0.0,0.0,0.0,0.0,0.0,0.18083665,0.0,0.0,0.0,0.0,0.0,0.0,0.0,0.0,0.0,0.0,0.0,0.0,0.0,0.0,0.0,0.0,0.0,0.0,0.0,0.0,0.0,0.0,0.0,0.0,0.0,0.0,0.0,0.0,0.0,0.0,0.0,0.0
SYNE2,0.0,0.0,0.0,0.0,1.6492542,0.0,0.0,0.0,0.0,0.314459,0.0,0.0,0.0,1.1998585,0.0,0.0,0.0,0.0,0.0,1.4279943,0.0,0.0,0.0,0.0,0.41639483,0.0,0.0,0.0,0.0,1.9524529,0.97906184,1.4014076,0.93183804,0.0,0.0,0.0,0.0,1.1782571,1.0229044,1.1008842,0.980621,0.0
MTHFD1,0.0,0.0,0.0,0.0,0.0,0.0,0.0,0.6472555,0.0,0.0,0.0,0.0,0.0,0.0,0.0,0.0,0.0,0.0,0.0,0.0,0.0,0.0,0.0,0.0,0.23792577,0.0,0.0,0.0,0.0,0.0,0.0,0.0,0.0,0.0,0.0,0.0,0.0,0.0,0.0,0.0,0.0,0.0
ZBTB1,0.0,0.0,0.0,0.0,0.46676773,0.0,0.0,0.0,0.0,0.18083665,0.392094,0.0,0.0,0.0,0.0,0.0,0.0,0.0,0.0,0.0,0.0,0.0,0.0,0.0,0.0,0.0,0.0,0.0,0.0,0.0,0.0,0.0,0.0,0.0,0.0,0.0,0.0,0.0,0.0,0.0,0.0,0.0
CHURC1,0.0,0.0,0.5428231,0.4902175,0.80329835,0.41057968,0.7046767,0.5848419,0.0,0.3953033,0.0,0.7063019,0.0,0.0,0.6868571,0.0,0.0,0.5945084,0.0,0.0,0.0,0.0,0.7217015,0.0,0.6388675,0.0,1.0910696,0.6041978,0.19933298,0.0,0.9046314,0.9815591,0.98469985,0.0,0.96230775,0.7610611,0.8601488,1.0310745,0.8478316,0.0,0.0,0.7577783
MAX,0.565376,0.0,0.0,0.0,0.0,0.34146005,0.40476632,0.0,0.0,0.36239028,0.0,0.0,0.0,0.0,0.0,0.0,0.0,1.9709287,0.0,0.0,0.0,0.0,0.0,0.0,0.0,0.0,0.0,0.1968117,0.0,0.0,0.0,0.0,0.0,0.0,0.0,0.0,0.0,0.0,0.0,0.0,0.0,0.0
FUT8,0.0,0.0,0.0,0.0,0.0,0.0,0.0,0.0,0.0,0.0,0.0,0.0,0.0,0.0,0.0,0.0,0.0,0.0,0.0,0.0,0.0,0.0,0.0,0.24548532,0.23654889,0.0,0.0,0.0,0.0,0.0,0.0,0.0,0.0,0.0,0.0,0.0,0.0,0.0,0.0,0.0,0.0,0.0
EIF2S1,0.0,0.0,0.0,0.0,0.0,0.0,0.37851083,0.6783097,0.0,0.36239028,0.0,0.0,0.44090223,0.0,0.0,0.0,0.0,0.0,0.0,0.0,0.0,0.0,0.0,0.0,0.59102863,0.0,0.0,0.0,0.0,0.0,0.0,0.0,0.0,0.0,0.0,0.0,0.0,0.0,0.0,0.0,0.0,0.0
VTI1B,0.0,0.0,0.0,0.0,0.0,0.27226898,0.40317827,0.47110122,0.0,0.6028327,0.0,0.0,0.7257168,0.0,0.0,0.0,0.0,0.6079016,0.0,0.0,0.0,0.0,0.49656558,0.0,0.3150944,0.0,0.0,0.2150644,0.0,0.0,0.0,0.0,0.0,0.0,0.0,0.0,0.0,0.0,0.0,0.0,0.0,0.0
RDH11,0.0,0.0,0.0,0.0,0.0,0.0,0.0,0.0,0.0,0.0,0.0,0.0,0.0,0.0,0.0,0.0,0.0,0.0,0.0,0.0,0.0,0.0,0.0,0.0,0.16684455,0.0,0.0,0.0,0.0,0.0,0.0,0.0,0.0,0.0,0.0,0.0,0.0,0.0,0.0,0.0,0.0,0.0
ZFP36L1,1.1405746,1.6178101,1.377029,0.0,0.7018999,1.3296264,1.0364048,0.43713537,0.47953513,0.7911778,2.1456003,2.0661483,1.3272191,1.2940705,0.77814996,0.80058503,0.0,0.0,1.5016718,0.0,0.79727155,1.4431833,1.7063525,0.0,0.0,1.3239954,1.5883365,0.0,0.84433746,0.0,0.8856259,0.0,1.0735233,0.96064675,0.0,0.9549233,0.0,0.9519809,0.0,1.164128,1.1051886,0.0
ACTN1,0.0,0.0,0.0,0.5341178,0.0,0.9254782,0.0,0.0,0.0,0.0,0.0,0.0,0.0,0.0,0.0,0.0,0.36571574,1.8321705,0.0,0.0,0.0,0.0,0.0,0.0,0.0,0.0,0.0,0.4178143,0.0,0.0,0.0,0.0,0.0,0.0,0.0,0.0,0.0,0.0,0.0,0.0,0.0,0.0
ERH,0.845777,0.0,0.0,0.8718263,1.2286344,0.6816006,0.85181856,1.546821,0.0,1.0785167,0.0,0.6449004,0.5578004,0.0,0.7355936,0.0,0.0,0.9451137,0.0,0.0,0.0,0.0,0.6744617,0.27620402,1.2504463,0.0,0.0,0.9710041,0.0,0.0,0.64356863,0.0,0.0,0.0,0.0,0.0,0.0,0.0,0.0,0.0,0.0,0.9400265
SUSD6,0.0,0.0,0.0,0.0,0.0,0.55245733,0.0,0.0,0.0,0.0,0.0,0.0,0.0,0.0,0.0,0.0,0.0,0.0,0.0,0.0,0.0,0.0,0.0,0.0,0.0,0.0,0.0,0.0,0.0,0.0,0.0,0.0,0.0,0.0,0.0,0.0,0.0,0.0,0.0,0.0,0.0,0.0
SRSF5,1.7583878,0.0,1.5417734,1.4852741,1.6586463,1.3296264,1.649359,0.92585486,0.0,1.1523511,2.0485642,1.2880964,0.0,1.9476264,1.3681959,1.5212224,1.7850935,0.0,1.8047943,2.0312023,2.144823,1.8296161,1.680583,0.58912313,0.88811374,1.7028868,2.0166674,1.4537663,1.5768243,1.6781055,1.7986678,1.7382064,1.8947344,1.9579302,1.9750845,1.9061289,1.7047379,1.9448823,1.8968178,1.8679413,1.9232843,1.7102845
COX16,0.0,0.0,0.0,0.5491099,0.46509945,0.5072514,0.51747286,0.5546577,0.8746934,0.4195962,0.48630244,0.0,0.0,0.0,0.0,0.0,0.0,0.0,0.0,0.0,0.0,0.0,0.36356336,0.21273038,0.5027708,0.0,0.0,0.50291926,0.0,0.0,0.0,0.0,0.0,0.0,0.0,0.0,0.0,0.0,0.0,0.0,0.0,0.6118927
SYNJ2BP,0.0,0.0,0.0,0.0,0.0,0.0,0.0,0.0,0.0,0.18083665,0.0,0.0,0.0,0.0,0.0,0.0,0.0,0.0,0.0,0.0,0.0,0.0,0.0,0.0,0.0,0.0,0.0,0.0,0.0,0.0,0.0,0.0,0.0,0.0,0.0,0.0,0.0,0.0,0.0,0.0,0.0,0.0
MED6,0.0,0.0,0.0,0.0,0.0,0.0,0.0,0.0,0.0,0.0,0.0,0.0,0.0,0.0,0.0,0.0,0.0,0.0,0.0,0.0,0.0,0.0,0.0,0.0,0.13101205,0.0,0.0,0.0,0.0,0.0,0.0,0.0,0.0,0.0,0.0,0.0,0.0,0.0,0.0,0.0,0.0,0.0
PCNX1,0.0,0.0,0.0,0.0,0.0,0.0,0.0,0.0,0.0,0.18155362,0.0,0.0,0.0,0.0,0.0,0.0,0.0,0.0,0.0,0.0,0.0,0.0,0.0,0.0,0.0,0.0,0.0,0.0,0.0,0.0,0.0,0.0,0.0,0.0,0.0,0.0,0.0,0.0,0.0,0.0,0.0,0.0
SIPA1L1,0.0,0.0,0.0,0.0,0.0,0.0,0.2934634,0.0,0.0,0.0,0.0,0.0,0.0,0.0,0.0,0.0,0.0,0.0,0.0,0.0,0.0,0.0,0.525328,0.0,0.0,0.0,0.0,0.0,0.0,0.0,0.0,0.0,0.0,0.0,0.0,0.0,0.0,0.0,0.0,0.0,0.0,0.0
RBM25,0.8548738,0.0,0.81086075,1.1091218,1.3644974,0.6936225,1.0038465,0.95515054,0.0,0.9078726,0.94255817,0.4254868,1.1682736,1.0309584,1.2104161,0.0,1.130944,0.0,0.99169505,1.1800501,1.1383348,0.0,0.74047506,0.3857679,1.0351778,0.0,0.0,1.0950804,0.7608715,1.5296664,0.9046314,1.0931094,1.0299152,1.1225742,0.9182001,0.93091756,0.8900856,0.9653673,1.0815738,0.85760033,1.2047434,1.2302003
NUMB,0.0,0.0,0.67074984,0.0,0.0,0.0,0.4883857,0.0,0.0,0.0,0.0,0.0,0.0,0.0,0.77814996,0.0,0.0,0.0,0.0,0.0,0.0,0.0,0.53499556,0.0,0.0,0.0,0.0,0.0,0.0,0.0,0.0,0.0,0.0,0.0,0.0,0.0,0.0,0.0,0.0,0.0,0.0,0.0
MIDEAS,0.0,0.0,0.0,0.0,0.0,0.0,0.0,0.0,0.0,0.49529564,0.0,0.0,0.0,0.0,0.0,0.0,0.0,0.0,0.0,0.0,0.0,0.0,0.0,0.0,0.0,0.0,0.0,0.0,0.0,0.0,0.0,0.0,0.0,0.0,0.0,0.0,0.0,0.0,0.0,0.0,0.0,0.0
NPC2,0.0,2.2862349,1.266228,0.92128485,0.0,1.2414505,0.7923612,0.18431313,2.5863867,0.52892566,0.0,2.3838925,2.8936656,0.0,1.0902166,0.0,0.0,0.0,0.0,0.0,0.0,0.0,2.0228662,0.85600114,0.27654222,0.0,0.0,0.42753613,0.0,0.0,0.0,0.0,0.0,0.0,0.0,0.0,0.0,0.0,0.0,0.0,0.0,1.9951453
ISCA2,0.0,0.0,0.0,0.0,0.0,0.0,0.0,0.4832767,0.0,0.0,0.0,0.0,0.0,0.0,0.0,0.0,0.0,0.0,0.0,0.0,0.0,0.0,0.0,0.0,0.14103276,0.0,0.0,0.0,0.0,0.0,0.0,0.0,0.0,0.0,0.0,0.0,0.0,0.0,0.0,0.0,0.0,0.0
DLST,0.0,0.0,0.0,0.0,0.0,0.0,0.0,0.24383698,0.0,0.4153542,0.0,0.0,0.0,0.0,0.0,0.0,0.0,0.0,0.0,0.0,0.0,0.0,0.0,0.0,0.14103276,0.0,0.0,0.0,0.0,0.0,0.0,0.0,0.0,0.0,0.0,0.0,0.0,0.0,0.0,0.0,0.0,0.0
ACYP1,0.0,0.0,0.0,0.0,0.43808872,0.0,0.0,0.14951381,0.0,0.36239028,0.0,0.0,0.0,0.0,0.0,0.0,0.0,0.0,0.0,0.0,0.0,0.0,0.0,0.0,0.124119386,0.0,0.0,0.0,0.0,0.0,0.0,0.0,0.0,0.0,0.0,0.0,0.0,0.0,0.0,0.0,0.0,0.0
TMED10,0.0,0.0,0.0,0.68120605,0.57647735,0.81171227,0.7538843,0.4550538,0.0,0.18083665,0.0,0.5950968,0.0,0.0,0.0,0.0,0.0,0.0,0.0,0.0,0.0,0.0,0.47830832,1.1503451,1.2529827,0.0,0.0,0.61227244,0.0,0.0,0.0,0.0,0.0,0.0,0.0,0.0,0.0,0.0,0.0,0.0,0.0,1.2692223
FOS,1.9776683,3.0294108,3.2858405,2.8988929,2.2614121,3.106957,3.2313924,0.18204531,0.88033867,2.264419,3.571377,3.6790826,3.8528135,3.4472837,3.1956506,2.8028674,2.6064148,0.0,1.6783235,2.8548388,3.266939,2.6519861,2.9456887,2.0655231,1.0210543,1.8231682,0.9506155,2.0437527,2.1572409,1.9174857,2.9528146,1.3381935,3.3088744,2.7153509,2.377308,3.2963471,2.6231012,2.0194957,2.4900556,3.424923,3.0963397,2.4335637
JDP2,0.0,0.0,0.0,0.0,0.0,0.0,0.0,0.0,0.0,0.0,0.0,0.5046885,0.0,0.0,0.0,0.0,0.0,0.0,0.0,0.0,0.0,0.0,0.53641045,0.0,0.0,0.0,0.0,0.0,0.0,0.0,0.0,0.0,0.0,0.0,0.0,0.0,0.0,0.0,0.0,0.0,0.0,0.0
BATF,0.0,0.0,0.0,0.0,0.0,0.0,0.0,0.0,0.0,0.0,0.0,0.0,0.0,0.0,0.0,0.0,0.0,0.0,0.0,0.0,0.0,0.0,0.0,0.0,0.12226113,0.0,0.0,0.0,0.0,0.0,0.0,0.0,0.0,0.0,0.0,0.0,0.0,0.6251806,0.0,0.0,0.0,0.0
ERG28,0.0,0.0,0.0,0.0,0.0,0.0,0.0,0.0,0.0,0.0,0.0,0.0,0.0,0.0,0.0,0.0,0.0,0.0,0.0,0.0,0.0,0.0,0.0,0.0,0.20615016,0.0,0.0,0.0,0.0,0.0,0.0,0.0,0.0,0.0,0.0,0.0,0.0,0.0,0.0,0.0,0.0,0.0
VASH1,0.0,0.0,0.0,0.0,0.0,0.329874,0.0,0.0,0.0,0.0,0.0,0.0,0.0,0.0,0.0,0.0,0.0,0.0,0.0,0.0,0.0,0.0,0.0,0.0,0.0,0.0,0.0,0.0,0.0,0.0,0.0,0.0,0.0,0.0,0.0,0.0,0.0,0.0,0.0,0.0,0.0,0.0
AHSA1,0.0,0.0,0.0,0.0,0.52201325,0.0,0.3832682,0.6608395,0.0,0.18155362,0.0,0.0,0.44090223,0.0,0.0,0.0,0.0,0.0,0.0,0.0,0.0,0.0,0.0,0.0,0.41196918,0.0,0.0,0.1763274,0.0,0.0,0.0,0.0,0.0,0.0,0.0,0.93808746,0.0,0.0,0.0,0.0,0.0,0.0
SPTLC2,0.0,0.0,0.0,0.5143571,0.0,0.0,0.55155104,0.4221367,0.0,0.0,0.0,0.4254868,0.0,0.0,0.0,0.0,0.0,0.0,0.0,0.0,0.0,0.0,0.0,0.0,0.0,0.0,0.0,0.273036,0.0,0.0,0.0,0.0,0.0,0.0,0.0,0.0,0.0,0.0,0.0,0.0,0.0,0.0
SLIRP,0.0,0.0,0.0,0.6456008,0.0,0.52941227,0.5621453,1.556863,1.2213664,0.42880017,0.0,0.5073828,0.0,0.0,0.0,0.0,0.0,0.0,0.0,0.0,0.0,0.0,0.67925155,0.35134798,1.0999475,0.0,0.0,0.69641864,0.0,0.0,0.0,0.0,0.0,0.0,0.0,0.0,0.0,0.0,0.0,0.0,0.0,0.0
SNW1,0.0,0.0,0.0,0.4435907,0.7216695,0.28412688,0.57687026,0.62196773,0.0,0.4195962,0.0,0.0,0.0,0.0,0.0,0.0,0.0,0.0,0.0,0.0,0.0,0.0,0.0,0.0,0.39660335,0.0,0.0,0.3894968,0.0,0.0,0.0,0.0,0.0,0.0,0.0,0.0,0.0,0.0,0.0,0.0,0.0,0.0
CEP128,0.0,0.0,0.0,0.0,0.0,0.0,0.0,0.0,0.0,0.0,0.0,0.0,0.0,0.0,0.0,0.0,0.0,0.0,0.0,0.0,0.0,0.0,0.0,0.0,0.30694038,0.0,0.0,0.0,0.0,0.0,0.0,0.0,0.0,0.0,0.0,0.0,0.0,0.0,0.0,0.0,0.0,0.0
GTF2A1,0.0,0.0,0.0,0.0,0.0,0.0,0.0,0.0,0.0,0.0,0.0,0.0,0.44090223,0.0,0.0,0.0,0.0,0.0,0.0,0.0,0.0,0.0,0.0,0.0,0.20380595,0.0,0.0,0.0,0.0,0.0,0.0,0.0,0.0,0.0,0.0,0.0,0.0,0.0,0.0,0.0,0.0,0.0
SEL1L,0.0,0.0,0.0,0.0,0.0,0.0,0.0,0.0,0.0,0.0,0.0,0.0,0.44090223,0.0,0.0,0.0,0.0,0.0,0.0,0.0,0.0,0.0,0.0,0.66345394,0.35134384,0.0,0.0,0.0,0.0,0.0,0.0,0.0,0.0,0.0,0.0,0.0,0.0,0.0,0.0,0.0,0.0,0.0
GPR65,0.0,0.0,0.0,0.0,0.67099416,0.48126704,0.0,0.0,0.0,0.0,0.0,0.0,0.0,1.126293,0.0,0.0,0.0,0.0,0.0,0.7419033,0.0,0.0,0.0,0.0,0.0,0.0,0.0,0.0,0.0,0.0,0.0,0.0,0.0,0.0,0.0,0.0,0.0,0.0,0.0,0.0,0.0,0.0
ZC3H14,0.0,0.0,0.0,0.0,0.0,0.0,0.0,0.15943319,0.0,0.0,0.0,0.0,0.0,0.0,0.0,0.0,0.0,0.0,0.0,0.0,0.0,0.0,0.0,0.0,0.0,0.0,0.0,0.0,0.0,0.0,0.0,0.0,0.0,0.0,0.0,0.0,0.0,0.0,0.0,0.0,0.0,0.0
FOXN3,0.0,0.0,0.0,0.0,0.6867101,0.34115425,0.73392797,0.0,0.0,0.0,1.1449375,0.0,0.7458428,0.0,0.0,0.0,0.0,0.0,0.0,0.0,0.78603536,0.0,0.4572629,0.0,0.23085202,0.0,0.0,0.33016187,0.0,0.0,0.0,0.0,0.0,0.0,0.0,0.0,0.0,0.0,0.0,0.0,0.0,0.0
PSMC1,0.0,0.0,0.0,0.630963,0.638952,0.28412688,0.49660182,0.6477895,0.0,0.3953033,0.0,0.3987304,0.0,0.0,0.0,0.0,0.0,0.0,0.0,0.0,0.0,0.0,0.0,0.0,0.5652776,0.0,0.0,0.47891784,0.0,0.0,0.0,0.0,0.0,0.0,0.0,0.0,0.0,0.0,0.0,0.0,0.0,0.0
NRDE2,0.0,0.0,0.0,0.0,0.0,0.0,0.0,0.0,0.0,0.18083665,0.0,0.0,0.0,0.0,0.0,0.0,0.0,0.0,0.0,0.0,0.0,0.0,0.0,0.0,0.0,0.0,0.0,0.0,0.0,0.0,0.0,0.0,0.0,0.0,0.0,0.0,0.0,0.0,0.0,0.0,0.0,0.0
CALM1,1.9026828,2.0095484,1.7855366,2.2095532,2.9196296,1.3618994,1.751443,1.4526424,1.2662976,1.7650669,1.7172766,1.6733403,1.4048783,2.5197878,2.029038,2.0871284,1.5663731,2.227174,1.8030286,2.7374399,2.5834777,1.7829255,1.8310394,1.0010465,1.9153847,1.3204234,1.3518347,1.4551873,2.2241669,1.6439099,2.4780798,2.7115104,2.3372838,2.7058792,2.2228446,2.0075498,2.1494749,2.4961646,2.627741,2.4836547,2.131237,1.8059621
DGLUCY,0.0,0.0,0.0,0.0,0.0,0.0,0.0,0.0,0.0,0.0,0.0,0.0,0.44090223,0.0,0.0,0.0,0.0,0.0,0.0,0.0,0.0,0.0,0.0,0.0,0.0,0.0,0.0,0.0,0.0,0.0,0.0,0.0,0.0,0.0,0.0,0.0,0.0,0.0,0.0,0.0,0.0,0.0
CCDC88C,0.0,0.0,0.0,0.0,0.51430684,0.0,0.0,0.0,0.0,0.18083665,0.0,0.0,0.0,0.0,0.0,0.0,0.0,0.0,0.0,0.0,0.0,0.0,0.0,0.19102594,0.33078247,0.0,0.0,0.0,0.0,0.0,0.0,0.0,0.0,0.0,0.0,0.0,0.0,0.0,0.0,0.0,0.0,0.0
PPP4R3A,0.0,0.0,0.0,0.504077,0.6010487,0.0,0.49660182,0.19369827,0.0,0.65150476,0.9341768,0.0,0.7458428,0.0,1.3681959,0.0,0.0,0.0,0.0,0.0,0.0,0.0,0.0,0.0,0.27654222,0.0,0.0,0.25127006,0.0,0.0,0.0,0.0,0.0,0.0,0.0,0.0,0.0,0.0,0.0,0.0,0.0,0.19166385
TC2N,0.0,0.0,0.0,0.0,0.0,0.0,0.0,0.0,0.0,0.0,0.0,0.0,0.0,0.978129,0.0,0.0,0.0,0.0,0.0,0.0,0.0,0.0,0.0,0.0,0.0,0.0,0.0,0.0,0.0,0.0,0.0,0.0,0.0,0.0,0.0,0.36633146,0.0,0.0,0.0,0.7684728,0.0,0.0
TRIP11,0.0,0.0,0.0,0.0,0.0,0.0,0.0,0.0,0.0,0.0,0.0,0.0,0.5578004,0.0,0.0,0.0,0.0,0.0,0.0,0.0,0.0,0.0,0.0,0.14519256,0.17029929,0.0,0.0,0.0,0.0,0.0,0.0,0.0,0.0,0.0,0.0,0.0,0.0,0.0,0.0,0.0,0.0,0.0
NDUFB1,0.7603161,0.0,1.0313649,1.1223648,0.8742341,0.836957,0.8334832,1.1195306,1.1500422,1.1606998,0.0,0.7784047,0.0,0.0,0.0,0.53331447,0.0,0.9987544,0.0,0.0,0.0,0.0,0.8356141,0.4275832,1.0017521,0.0,0.0,0.80063725,0.0,0.0,0.56198317,0.9644121,0.0,0.0,0.0,0.0,0.7503863,0.0,0.0,0.0,0.0,0.7141254
CPSF2,0.0,0.0,0.0,0.0,0.0,0.0,0.0,0.15994428,0.0,0.0,0.0,0.0,0.0,0.0,0.0,0.0,0.0,0.0,0.0,0.0,0.0,0.0,0.0,0.0,0.19428341,0.0,0.0,0.0,0.0,0.0,0.0,0.0,0.0,0.0,0.0,0.0,0.0,0.0,0.0,0.0,0.0,0.0
RIN3,0.0,0.0,0.49626347,0.0,0.0,0.34549886,0.6220476,0.0,0.0,0.0,0.0,1.0928676,0.7257168,0.0,0.0,0.0,0.0,0.0,0.0,0.0,0.0,0.0,0.8981356,0.0,0.0,0.0,0.0,0.0,0.0,0.0,0.0,0.0,0.0,0.0,0.0,0.0,0.0,0.0,0.0,0.0,0.0,0.0
LGMN,0.0,0.0,0.0,0.0,0.0,0.52941227,0.0,0.0,0.0,0.0,0.0,0.0,2.6987236,0.0,0.0,0.0,0.0,0.0,0.0,0.0,0.0,0.0,0.0,0.0,0.0,0.0,0.0,0.0,0.0,0.0,0.0,0.0,0.0,0.0,0.0,0.0,0.0,0.0,0.0,0.0,0.0,1.0843592
UBR7,0.0,0.0,0.0,0.0,0.0,0.0,0.0,0.16716605,0.0,0.0,0.0,0.0,0.0,0.0,0.0,0.0,0.0,0.0,0.0,0.0,0.0,0.0,0.0,0.0,0.0,0.0,0.0,0.0,0.0,0.0,0.0,0.0,0.0,0.0,0.0,0.0,0.0,0.0,0.0,0.0,0.0,0.0
DDX24,1.3461295,0.739549,0.0,0.6734472,1.0607321,0.6968005,0.86296415,0.8624703,0.0,1.0765451,1.206956,0.5073828,0.7458428,1.5051153,1.1810663,0.64344007,0.96972716,0.0,1.2721324,1.4365492,1.4142909,1.2151477,0.7571622,0.3763629,0.84582037,0.0,0.0,0.8527249,0.93350255,1.8276424,1.4108244,1.5233932,1.6030685,1.8239596,1.4192004,1.3480252,1.3535357,1.4795524,1.6601027,1.5671371,1.5402355,1.374641
IFI27L1,0.0,0.0,0.0,0.0,0.0,0.0,0.0,0.0,0.0,0.0,0.0,0.0,0.0,0.0,0.0,0.0,0.0,0.0,0.0,0.0,0.0,0.0,0.0,0.0,0.3456074,0.0,0.0,0.0,0.0,0.0,0.0,0.0,0.0,0.0,0.0,0.0,0.0,0.0,0.0,0.0,0.0,0.0
IFI27L2,0.0,0.0,0.0,0.54558957,0.6666933,0.0,0.44636363,0.0,0.0,0.3924805,0.0,0.0,0.0,0.0,0.0,0.0,0.0,0.68273234,0.0,0.0,0.0,0.0,0.0,0.3651449,0.30593717,0.0,0.0,0.0,0.0,0.0,0.0,0.0,0.0,0.0,0.0,0.0,0.0,0.0,0.0,0.0,0.0,0.0
SERPINA1,0.0,0.0,1.8320358,0.7597412,0.0,0.49875098,0.57129836,0.0,0.0,0.0,0.0,2.236014,1.5203841,0.0,0.0,0.30735877,0.0,0.0,0.0,0.0,0.0,0.0,2.5894132,0.0,0.0,0.0,0.0,0.0,0.0,0.0,0.0,0.0,0.0,0.0,0.0,0.0,0.0,0.0,0.0,0.0,0.0,0.0
DICER1,0.0,0.0,0.5731659,0.0,0.0,0.0,0.2934634,0.0,0.0,0.18083665,0.0,0.0,0.7458428,0.0,0.0,0.0,0.0,0.0,0.0,0.0,0.0,0.0,0.54603946,0.0,0.0,0.0,0.0,0.0,0.0,0.0,0.0,0.0,0.0,0.0,0.0,0.0,0.0,0.0,0.0,0.0,0.0,0.0
SYNE3,0.0,0.0,0.0,0.0,0.0,0.0,0.0,0.0,0.0,0.0,0.0,0.0,0.0,0.0,0.0,0.0,0.0,0.0,0.0,0.0,0.0,0.0,0.0,0.0,0.12207285,0.0,0.0,0.0,0.0,0.0,0.0,0.0,0.0,0.0,0.0,0.0,0.0,0.0,0.0,0.0,0.0,0.0
SYNE3-AS1,0.0,0.0,0.0,0.0,0.0,0.0,0.0,0.0,0.0,0.0,0.0,0.0,0.0,0.0,0.0,0.0,0.0,0.0,0.0,0.0,0.0,0.0,0.0,0.0,0.35186845,0.0,0.0,0.0,0.0,0.0,0.0,0.0,0.0,0.0,0.0,0.0,0.0,0.0,0.0,0.0,0.0,0.0
GLRX5,0.0,0.0,0.0,0.0,0.65160215,0.0,0.36281422,1.5720124,0.0,0.18083665,0.0,0.0,0.0,0.0,0.0,0.0,0.0,0.0,0.0,0.0,0.0,0.0,0.0,0.0,0.6589163,0.0,0.0,0.4705593,0.0,0.0,0.0,0.0,0.0,0.0,0.0,0.0,0.0,0.0,0.0,0.0,0.0,0.6206742
TCL1A,0.0,0.0,0.0,0.0,0.0,0.0,0.0,0.0,0.0,0.0,0.0,0.0,0.0,0.0,0.0,0.0,0.0,0.0,0.0,0.0,0.0,1.9896716,0.0,0.0,0.0,3.0265536,0.0,0.0,0.0,0.0,0.0,0.0,0.0,0.0,0.0,0.0,0.0,0.0,0.0,0.0,0.0,0.0
PAPOLA,0.8425265,0.0,0.80153245,0.8992151,0.8370687,0.54746395,0.81829166,0.87036026,0.0,0.6774324,0.72809076,0.5073828,1.1682736,0.9272902,1.2927269,0.0,0.88357586,0.0,0.8584235,0.0,0.9119187,1.0627427,0.70875466,0.43063086,0.8724736,0.0,0.9045438,0.75379527,0.36477757,0.0,0.73820657,0.9559549,0.8893249,1.0360343,0.0,0.88127613,0.79501605,0.8705055,0.975136,0.76612365,0.9434675,0.7991014
VRK1,0.0,0.0,0.0,0.0,0.5122467,0.0,0.0,0.49076557,0.0,0.4153542,0.0,0.0,0.0,0.0,0.0,0.0,0.0,0.0,0.0,0.0,0.0,0.0,0.0,0.0,0.3823041,0.0,0.0,0.0,0.0,0.0,0.0,0.0,0.0,0.0,0.0,0.0,0.0,0.0,0.0,0.0,0.0,0.0
BCL11B,0.0,0.0,0.0,0.0,0.44304797,0.0,0.0,0.0,0.0,0.0,0.0,0.0,0.0,1.0431824,0.0,0.0,0.0,0.0,0.0,0.0,0.0,0.0,0.0,0.0,0.0,0.0,0.0,0.0,0.0,0.0,1.1596017,1.1236238,1.4156473,0.0,1.3355539,0.9762763,1.3227375,1.2215213,1.2144811,0.96245766,1.0810587,0.0
CCNK,0.0,0.0,0.0,0.2662201,0.46297783,0.0,0.3520353,0.15943319,0.0,0.49282485,0.0,0.0,0.0,0.0,0.0,0.0,0.0,0.0,0.0,0.0,0.0,0.0,0.0,0.0,0.1802879,0.0,0.0,0.0,0.0,0.0,0.0,0.0,0.0,0.0,0.0,0.0,0.0,0.0,0.0,0.0,0.0,0.0
EVL,0.958277,0.0,0.0,0.0,1.370018,0.6968005,0.34136593,0.0,0.0,0.25902426,0.67302287,0.0,1.141807,1.2058896,0.8421502,0.0,0.0,0.0,0.8635851,1.6362896,1.5283221,1.1172193,0.62566644,0.0,0.0,0.882176,0.0,0.0,0.9841256,0.0,1.3879467,1.3976701,1.3897543,1.2679685,1.3199666,1.4526616,1.3503501,1.6435732,1.2915777,1.5306588,1.7789584,0.0
YY1,0.0,0.0,0.6017558,0.94058084,0.8871789,0.57750386,0.875049,0.865748,0.0,0.23875955,0.0,0.5073828,0.5578004,0.0,0.0,0.0,0.5794238,0.0,0.0,0.0,0.0,0.0,0.5061679,0.12102996,0.4819765,0.0,0.0,0.8739779,0.0,0.0,0.0,0.0,0.0,0.0,0.0,0.0,0.0,0.0,0.0,0.0,0.0,0.7127067
WARS1,0.0,0.0,0.0,0.0,0.0,0.74492157,0.44790858,0.18431313,0.0,0.0,0.0,0.0,0.0,0.0,0.0,0.0,0.0,0.0,0.0,0.0,0.0,0.0,1.2675407,0.0,0.3734547,0.0,0.0,0.0,0.0,0.0,0.0,0.0,0.0,0.0,0.0,0.0,0.0,0.0,0.0,0.0,0.0,0.0
PPP2R5C,0.0,0.0,0.41303927,0.41159946,1.3655202,0.0,0.3832682,0.0,0.0,0.52892566,0.0,0.0,0.0,1.5616077,0.0,0.0,0.0,0.0,0.0,1.7656134,0.9246241,0.0,0.0,0.12528247,0.41827974,0.0,0.0,0.0,0.48219946,1.9472828,1.1533298,1.7919331,1.3498209,1.8510855,0.95956683,0.89807457,0.8909324,1.1481606,1.6909771,1.1332412,1.2259256,0.7287854
DYNC1H1,0.0,0.4832946,0.5192176,0.7499717,0.759801,0.64742905,0.72522205,0.35320687,0.0,0.79287326,0.6301467,0.4963503,0.5578004,0.0,0.7355936,0.0,0.2731341,0.0,0.0,0.0,0.73309004,0.0,0.55078864,0.0,0.39660335,0.0,0.0,0.51199514,0.0,0.0,0.0,0.0,0.0,0.0,0.0,0.0,0.0,0.0,0.0,0.0,0.0,0.6797949
HSP90AA1,1.9250743,2.0095484,1.9065208,2.575458,2.899145,1.9714712,2.253554,3.2151203,1.8565638,2.616888,2.4578092,1.4407998,2.8328118,2.579096,2.8612955,2.8260603,2.3803945,2.0243542,2.1391292,2.621262,2.608561,2.088418,2.2499642,1.505388,2.414043,2.4673364,2.0921447,2.7406552,2.7250972,2.8197627,2.3405697,2.814231,2.522278,2.9114647,2.2165856,4.2233453,2.1357982,2.4885914,2.9016578,3.1021152,2.5173,2.3931866
CINP,0.0,0.0,0.0,0.0,0.0,0.0,0.0,0.28863525,0.0,0.0,0.0,0.0,0.0,0.0,0.0,0.0,0.0,0.0,0.0,0.0,0.0,0.0,0.0,0.0,0.25504547,0.0,0.0,0.0,0.0,0.0,0.0,0.0,0.0,0.0,0.0,0.0,0.0,0.0,0.0,0.0,0.0,0.0
RCOR1,0.0,0.0,0.0,0.0,0.0,0.0,0.36171302,0.08676134,0.0,0.0,0.0,0.0,0.44090223,0.0,0.0,0.0,0.0,0.0,0.0,0.0,0.0,0.0,0.0,0.0,0.0,0.0,0.0,0.0,0.0,0.0,0.0,0.0,0.0,0.0,0.0,0.0,0.0,0.0,0.0,0.0,0.0,0.0
TRAF3,0.0,0.0,0.0,0.0,0.0,0.0,0.0,0.0,0.0,0.0,0.0,0.0,0.0,0.0,0.0,0.0,0.0,0.0,0.0,0.0,0.0,0.0,0.0,0.0,0.14780025,0.0,0.0,0.0,0.0,0.0,0.0,0.0,0.0,0.0,0.0,0.0,0.0,0.0,0.0,0.0,0.0,0.0
TNFAIP2,0.0,0.0,0.70350575,0.0,0.0,0.27226898,0.47555205,0.0,0.0,0.0,0.0,0.82655406,0.91374826,0.0,0.0,0.0,0.0,0.0,0.0,0.0,0.0,0.0,0.7099422,0.0,0.0,0.0,0.0,0.0,0.0,0.0,0.0,0.0,0.0,0.0,0.0,0.0,0.0,0.0,0.0,0.0,0.0,0.0
EIF5,1.5201048,1.085649,1.1642796,1.146353,1.064003,0.96556866,1.182398,1.0728055,0.0,1.2119762,1.4186306,1.3130223,1.5203841,1.1702245,1.4930514,0.55024385,1.1152283,0.0,1.1943908,1.1918947,1.3162465,1.3778788,1.0618033,0.7294228,1.0386796,1.4127371,1.5283927,1.059489,1.365198,0.0,0.98522544,1.0137537,1.0474877,1.1722212,0.97590816,1.4108245,0.9254476,1.1391283,1.1313885,1.2565256,1.2383103,1.1624138
MARK3,0.0,0.0,0.0,0.0,0.0,0.0,0.3664031,0.2293312,0.0,0.49529564,0.0,0.0,0.44090223,0.0,0.0,0.0,0.0,0.0,0.0,0.0,0.0,0.0,0.0,0.0,0.23856735,0.0,0.0,0.0,0.0,0.0,0.0,0.0,0.0,0.0,0.0,0.0,0.0,0.0,0.0,0.0,0.0,0.0
KLC1,0.0,0.0,0.0,0.0,0.0,0.0,0.34136593,0.0,0.0,0.3960203,0.0,0.0,0.0,0.0,0.0,0.0,0.0,0.0,0.0,0.0,0.0,0.0,0.0,0.0,0.12207285,0.0,0.0,0.0,0.0,0.0,0.0,0.0,0.0,0.0,0.0,0.0,0.0,0.0,0.0,0.0,0.0,0.57899237
COA8,0.0,0.0,0.0,0.0,0.0,0.0,0.0,0.23102878,0.0,0.0,0.0,0.0,0.0,0.0,0.0,0.0,0.0,0.0,0.0,0.0,0.0,0.0,0.0,0.0,0.25475153,0.0,0.0,0.0,0.0,0.0,0.0,0.0,0.0,0.0,0.0,0.0,0.0,0.0,0.0,0.0,0.0,0.0
ZFYVE21,0.0,0.0,0.0,0.0,0.0,0.0,0.0,0.1599648,0.0,0.0,0.0,0.0,0.0,0.0,0.0,0.0,0.0,0.0,0.0,0.0,0.0,0.0,0.0,0.0,0.0,0.0,0.0,0.0,0.0,0.0,0.0,0.0,0.0,0.0,0.0,0.0,0.0,0.0,0.0,0.0,0.0,0.0
ATP5MJ,0.8464227,1.4551139,1.520823,1.6679487,1.0976467,1.2035997,1.2400527,1.5268797,1.7141458,1.4631132,0.0,1.2880964,0.7257168,0.0,0.0,1.157054,0.8851891,1.8286456,0.0,1.0261097,0.8731769,0.0,1.1500022,0.6230282,1.5093251,0.0,1.0024796,1.5010581,0.8057725,0.0,0.8558454,1.0555434,0.0,0.8867574,0.90053546,0.0,0.9040189,0.9324916,0.94003165,0.0,0.0,1.1877325
SIVA1,0.0,0.0,0.0,0.89214957,1.2036812,0.5035982,0.4739445,1.2151363,0.0,1.3555603,0.0,0.5950968,0.0,0.0,0.0,0.0,0.0,0.0,0.0,0.0,0.0,0.0,0.6269926,0.21146607,0.9893105,0.0,0.0,0.8096056,0.0,0.0,0.0,0.0,0.0,0.0,0.0,0.0,0.0,0.0,0.0,0.0,0.0,1.2251208
AKT1,0.0,0.0,0.0,0.0,0.67188513,0.0,0.3404857,0.0,0.0,0.0,0.0,0.0,0.0,0.0,0.0,0.0,0.0,0.0,0.0,0.0,0.0,0.0,0.0,0.0,0.15287328,0.0,0.0,0.0,0.0,0.0,0.0,0.0,0.0,0.0,0.0,0.0,0.0,0.0,0.0,0.0,0.0,0.0
PLD4,0.0,0.0,0.0,0.0,0.0,0.0,0.4579872,0.0,0.0,0.47349092,0.0,0.0,0.0,0.0,0.0,0.0,0.0,0.0,0.0,0.0,0.0,0.0,0.0,0.0,0.0,0.0,0.0,0.0,0.0,0.0,0.0,0.0,0.0,0.0,0.0,0.0,0.0,0.0,0.0,0.0,0.0,2.2717557
CDCA4,0.0,0.0,0.0,0.0,0.0,0.0,0.0,0.39356855,0.0,0.0,0.0,0.0,0.0,0.0,0.0,0.0,0.0,0.0,0.0,0.0,0.0,0.0,0.0,0.0,0.0,0.0,0.0,0.0,0.0,0.0,0.0,0.0,0.0,0.0,0.0,0.0,0.0,0.0,0.0,0.0,0.0,0.0
PACS2,0.0,0.0,0.0,0.0,0.0,0.3431283,0.0,0.0,0.0,0.0,0.0,0.0,0.0,0.0,0.0,0.0,0.0,0.0,0.0,0.0,0.0,0.0,0.0,0.0,0.0,0.0,0.0,0.0,0.0,0.0,0.0,0.0,0.0,0.0,0.0,0.0,0.0,0.0,0.0,0.0,0.0,0.0
MTA1,0.0,0.0,0.0,0.0,0.0,0.0,0.0,0.27877295,0.0,0.49491298,0.0,0.0,0.0,0.0,0.0,0.0,0.0,0.0,0.0,0.0,0.0,0.0,0.0,0.0,0.0,0.0,0.0,0.0,0.0,0.0,0.0,0.0,0.0,0.0,0.0,0.0,0.0,0.0,0.0,0.0,0.0,0.0
CRIP1,1.81233,0.90542024,0.0,1.2683356,2.5397727,1.2921519,1.2586422,0.0,0.0,1.5676522,0.77548546,0.5950968,0.0,1.1278445,1.6765134,1.267235,0.0,0.0,1.4561777,1.341939,1.356754,0.0,1.024048,0.0,1.6063942,0.0,0.0,0.0,1.2112824,0.0,1.6864805,1.7216012,1.1519958,1.2138157,1.2324271,1.3437352,0.90920967,1.5467967,1.2890958,1.6712329,1.2699907,1.2169021
TEDC1,0.0,0.0,0.0,0.0,0.0,0.0,0.0,0.0,0.0,0.0,0.0,0.0,0.0,0.0,0.0,0.0,0.0,0.0,0.0,0.0,0.0,0.0,0.0,0.0,0.16245984,0.0,0.0,0.0,0.0,0.0,0.0,0.0,0.0,0.0,0.0,0.0,0.0,0.0,0.0,0.0,0.0,0.0
ENSG00000211890,0.0,0.0,0.0,0.0,0.0,0.0,0.0,0.0,0.0,0.0,0.0,0.0,0.0,0.0,0.0,0.0,0.0,0.0,0.0,0.0,0.0,0.0,0.0,0.0,0.725277,0.0,0.0,0.0,0.0,0.0,0.0,0.0,0.0,0.0,0.0,0.0,0.0,0.0,0.0,0.0,0.0,0.0
ENSG00000211892,0.0,0.0,0.0,0.0,0.0,0.0,0.0,0.0,0.0,0.0,0.0,0.0,0.0,0.0,0.0,0.0,0.0,0.0,0.0,0.0,0.0,0.0,0.0,0.0,0.14103276,0.0,0.0,0.0,0.0,0.0,0.0,0.0,0.0,0.0,0.0,0.0,0.0,0.0,0.0,0.0,0.0,0.0
ENSG00000211893,0.0,0.0,0.0,0.0,0.0,0.0,0.0,0.0,0.0,0.0,0.0,0.0,0.0,0.0,0.0,0.0,0.0,0.0,0.0,0.0,0.0,0.0,0.0,0.18363768,0.17043604,0.0,0.0,0.0,0.0,0.0,0.0,0.0,0.0,0.0,0.0,0.0,0.0,0.0,0.0,0.0,0.0,0.0
ENSG00000211895,1.2532096,0.0,0.0,0.36444193,0.0,0.0,0.0,0.0,0.0,0.0,0.0,0.0,0.0,0.0,0.0,0.0,0.0,0.0,0.91811025,0.0,0.0,0.0,0.0,1.7924542,1.7206769,0.0,0.0,0.0,0.0,0.0,0.0,0.0,0.0,0.0,0.0,0.0,0.0,0.0,0.0,0.0,0.0,0.0
ENSG00000211896,0.0,0.0,0.0,0.0,0.0,0.0,0.0,0.0,0.0,0.0,0.0,0.0,0.0,0.0,0.77814996,0.0,0.0,0.0,0.0,0.0,0.0,0.0,0.0,1.3440305,1.8566861,0.0,0.0,0.0,0.0,0.0,0.0,0.0,0.0,0.0,0.0,0.0,0.0,0.0,0.0,0.0,0.0,0.0
ENSG00000211897,0.0,0.0,0.0,0.0,0.0,0.0,0.0,0.0,0.0,0.0,0.0,0.0,0.0,0.0,0.0,0.0,0.0,0.0,0.0,0.0,0.0,0.0,0.0,0.40345857,0.39824772,0.0,0.0,0.0,0.0,0.0,0.0,0.0,0.0,0.0,0.0,0.0,0.0,0.0,0.0,0.0,0.0,0.0
ENSG00000211898,0.0,0.0,0.0,0.0,0.0,0.0,0.0,0.0,0.0,0.0,0.0,0.0,0.0,0.0,0.0,0.0,0.0,0.0,0.0,0.0,0.0,1.609758,0.0,0.0,0.0,0.0,0.0,0.0,0.0,0.0,0.0,0.0,0.0,0.0,0.0,0.0,0.0,0.0,0.0,0.0,0.0,0.0
ENSG00000211899,1.8047943,0.0,0.0,0.0,0.0,0.0,0.0,0.0,0.0,1.1483891,0.0,0.0,0.0,0.0,0.7355936,0.0,0.0,0.0,1.2423902,0.0,0.0,2.6734042,0.0,0.0,0.0,2.8993945,1.9404445,0.0,0.42326984,0.0,0.0,0.0,0.0,0.0,0.0,0.0,0.0,0.0,0.0,0.0,0.0,1.1035602
FAM30A,0.0,0.0,0.0,0.0,0.0,0.0,0.0,0.0,0.0,0.314459,0.0,0.0,0.0,0.0,0.0,0.0,0.0,0.2364091,0.0,0.0,0.0,0.0,0.0,0.0,0.0,0.0,0.99275464,0.0,0.0,0.0,0.0,0.0,0.0,0.0,0.0,0.0,0.0,0.0,0.0,0.0,0.0,0.0
ENSG00000211978,0.0,0.0,0.0,0.0,0.0,0.0,0.0,0.0,0.0,0.0,0.0,0.0,0.0,0.0,0.0,0.0,0.0,0.0,0.0,0.0,0.0,0.0,0.0,0.0,0.0,1.8771071,1.1540726,0.0,0.0,0.0,0.0,0.0,0.0,0.0,0.0,0.0,0.0,0.0,0.0,0.0,0.0,0.0
NIPA2,0.5121089,0.0,0.0,0.0,0.0,0.0,0.0,0.20119326,0.0,0.21446666,0.0,0.0,0.0,0.0,0.0,0.0,0.0,0.0,0.0,0.0,0.0,0.0,0.0,0.0,0.3951123,0.0,0.0,0.0,0.0,0.0,0.0,0.0,0.0,0.0,0.0,0.0,0.0,0.0,0.0,0.0,0.0,0.0
CYFIP1,0.0,0.0,0.0,0.0,0.0,0.0,0.36171302,0.0,0.0,0.0,0.0,0.5073828,0.7257168,0.0,0.0,0.0,0.0,0.0,0.0,0.0,0.0,0.0,0.0,0.0,0.0,0.0,0.0,0.0,0.0,0.0,0.0,0.0,0.0,0.0,0.0,0.0,0.0,0.0,0.0,0.0,0.0,0.0
SNRPN,0.0,0.0,0.0,0.0,0.0,0.0,0.0,0.0,0.0,0.0,0.0,0.0,0.0,0.0,0.0,0.0,0.0,0.0,0.0,0.0,0.0,0.0,0.0,0.11117859,0.30217808,0.0,0.0,0.0,0.0,0.0,0.77936167,0.0,0.8657725,0.0,0.90647435,0.0,0.8117644,0.5271274,0.0,0.0,0.0,0.9457259
ENSG00000224078,0.0,0.0,0.0,0.0,0.0,0.0,0.0,0.0,0.0,0.0,0.0,0.0,0.0,0.0,0.0,0.0,0.0,0.0,0.0,0.0,0.0,0.0,0.0,0.0,0.0,0.0,0.0,0.0,0.0,0.0,0.0,0.0,0.0,0.0,0.0,0.0,0.0,0.0,0.0,0.0,0.0,0.54806626
UBE3A,0.0,0.0,0.0,0.0,0.29584223,0.27226898,0.37851083,0.40390456,0.0,0.23380059,0.3526248,0.0,0.0,0.0,0.0,0.0,0.0,0.0,0.0,0.0,0.0,0.0,0.0,0.0,0.32110855,1.2995864,0.0,0.24962726,0.0,0.0,0.0,0.0,0.0,0.0,0.0,0.0,0.0,0.0,0.0,0.0,0.0,0.0
HERC2,0.0,0.0,0.0,0.0,0.0,0.0,0.0,0.23079851,0.0,0.0,0.0,0.0,0.0,0.0,0.0,0.0,0.0,0.0,0.0,0.0,0.0,0.0,0.0,0.14519256,0.21339111,0.0,0.0,0.0,0.0,0.0,0.0,0.0,0.0,0.0,0.0,0.0,0.0,0.0,0.0,0.0,0.0,0.0
NSMCE3,0.0,0.0,0.0,0.0,0.0,0.0,0.3259039,0.0,0.0,0.36239028,0.0,0.0,0.0,0.0,0.0,0.0,0.0,0.0,0.0,0.0,0.0,0.0,0.0,0.0,0.0,0.0,0.0,0.0,0.0,0.0,0.8749674,0.0,1.0501379,0.0,1.0939674,0.9029275,0.94413877,1.0159965,0.0,0.9161707,1.0800302,0.0
LINC03034,0.0,0.0,0.0,0.0,0.0,0.0,0.0,0.0,0.0,0.0,0.0,0.0,0.0,0.0,0.0,0.0,0.0,0.0,0.0,0.0,0.0,0.0,0.0,0.38551944,0.13131355,0.0,0.0,0.0,0.0,0.0,0.0,0.0,0.0,0.0,0.0,0.0,0.0,0.0,0.0,0.0,0.0,0.0
KLF13,0.0,0.0,0.0,0.31576458,0.78394103,0.0,0.47656822,0.0,0.0,0.0,0.0,0.0,0.0,0.0,0.0,0.0,0.0,0.0,0.0,0.9663751,0.6367642,0.0,0.0,0.53132236,0.6121693,0.0,0.0,0.0,0.0,0.0,0.69676673,0.9061698,0.0,0.0,0.77284014,0.0,0.85405934,0.0,0.0,0.0,0.0,0.59814066
ARHGAP11A,0.0,0.0,0.0,0.0,0.0,0.0,0.0,0.0,0.0,0.3640731,0.0,0.0,0.0,0.0,0.0,0.0,0.0,0.0,0.0,0.0,0.0,0.0,0.0,0.0,0.12525262,0.0,0.0,0.0,0.0,0.0,0.0,0.0,0.0,0.0,0.0,0.0,0.0,0.0,0.0,0.0,0.0,0.0
AVEN,0.0,0.0,0.0,0.0,0.0,0.0,0.0,0.0,0.0,0.0,0.0,0.0,0.0,0.0,0.0,0.0,0.0,0.0,0.0,0.0,0.0,0.0,0.0,0.0,0.16632998,0.0,0.0,0.0,0.0,0.0,0.0,0.0,0.0,0.0,0.0,0.0,0.0,0.0,0.0,0.0,0.0,0.0
EMC7,0.0,0.0,0.0,0.0,0.28850406,0.3977822,0.40772784,0.23351622,0.0,0.0,0.0,0.0,0.0,0.0,0.0,0.0,0.0,0.0,0.0,0.0,0.0,0.0,0.0,0.29947463,0.72487426,0.0,0.0,0.0,0.0,0.0,0.0,0.0,0.0,0.0,0.0,0.0,0.0,0.0,0.0,0.0,0.0,0.5708791
KATNBL1,0.0,0.0,0.0,0.0,0.0,0.0,0.0,0.1949102,0.0,0.0,0.0,0.0,0.0,0.0,0.0,0.0,0.0,0.0,0.0,0.0,0.0,0.0,0.0,0.0,0.15630423,0.0,0.0,0.0,0.0,0.0,0.0,0.0,0.0,0.0,0.0,0.0,0.0,0.0,0.0,0.0,0.0,0.0
EMC4,0.0,0.0,0.0,0.0,0.4818315,0.442071,0.36318722,0.6273992,0.0,0.5456267,0.0,0.0,0.0,0.0,0.0,0.0,0.0,0.0,0.0,0.0,0.0,0.0,0.0,0.27294943,0.611635,0.0,0.0,0.25096077,0.0,0.0,0.0,0.0,0.0,0.0,0.0,0.0,0.0,0.0,0.0,0.0,0.0,0.48037156
SLC12A6,0.0,0.0,0.0,0.0,0.0,0.0,0.0,0.1951735,0.0,0.0,0.0,0.0,0.0,0.0,0.0,0.0,0.0,0.0,0.0,0.0,0.0,0.0,0.0,0.0,0.0,0.0,0.0,0.0,0.0,0.0,0.0,0.0,0.0,0.0,0.0,0.0,0.0,0.0,0.0,0.0,0.0,0.0
NOP10,0.0,0.6126078,1.1779459,0.99387866,0.9289553,0.5137493,1.0026433,1.6677934,1.6952116,0.9850838,0.0,1.0545062,0.97920024,0.0,0.0,0.899669,0.5793885,0.90609276,0.0,0.0,0.0,0.0,1.3165339,0.38277814,1.3525676,0.0,0.0,0.79485554,0.0,0.0,0.0,0.0,0.0,0.0,0.0,0.93704736,0.0,0.89067817,0.0,0.0,0.0,0.9668666
ZNF770,0.0,0.0,0.0,0.0,0.0,0.0,0.0,0.0,0.0,0.18083665,0.0,0.0,0.0,0.0,0.0,0.0,0.0,0.0,0.0,0.0,0.0,0.0,0.0,0.0,0.0,0.0,0.0,0.0,0.0,0.0,0.0,0.0,0.0,0.0,0.0,0.0,0.0,0.0,0.0,0.0,0.0,0.0
RASGRP1,0.0,0.0,0.0,0.0,0.59695745,0.0,0.0,0.0,0.0,0.0,0.0,0.0,0.0,0.0,0.0,0.0,0.0,0.0,0.0,0.0,0.0,0.0,0.0,0.0,0.0,0.0,0.0,0.0,0.0,0.0,0.0,0.0,0.0,0.0,0.0,0.0,0.0,0.0,0.0,0.0,0.0,0.0
THBS1,0.0,0.0,1.8023703,0.7353126,0.0,0.0,0.0,0.0,0.0,0.0,0.0,3.7016397,3.5886443,0.0,0.0,0.0,0.0,0.33661693,0.0,0.0,0.0,0.0,0.0,0.0,0.0,0.0,0.0,0.0,0.0,0.0,0.0,0.0,0.0,0.0,0.0,0.0,0.0,0.0,0.0,0.0,0.0,0.0
EIF2AK4,0.0,0.0,0.0,0.0,0.0,0.37093928,0.528968,0.33730862,0.0,0.0,0.0,0.0,0.0,0.0,0.0,0.0,0.0,0.0,0.0,0.0,0.0,0.0,0.0,0.25724223,0.07294999,0.0,0.0,0.0,0.0,0.0,0.0,0.0,0.0,0.0,0.0,0.0,0.0,0.0,0.0,0.0,0.0,0.73466885
SRP14,1.7116139,0.0,1.4741312,1.568255,2.0044947,1.6781055,1.7229605,1.9094431,2.0808105,1.5909178,1.5696934,1.6568332,1.9422761,1.6239954,1.8382314,1.7034321,1.5076137,2.1606874,1.6614841,1.8987865,1.7684977,1.5699949,1.6514187,1.0728899,1.8917955,2.1049519,2.1101985,1.7054719,1.6345329,0.0,1.6756306,1.7998958,1.6452588,1.7666861,1.6843325,1.4815181,1.6128064,1.8131166,1.7705505,1.6900754,1.722482,2.566849
PLCB2,0.0,0.0,0.0,0.0,0.0,0.59331524,0.49660182,0.0,0.0,0.0,0.0,0.0,0.0,0.0,0.0,0.0,0.0,0.0,0.0,0.0,0.0,0.0,0.4587168,0.0,0.0,0.0,0.0,0.0,0.0,0.0,0.0,0.0,0.0,0.0,0.0,0.0,0.0,0.0,0.0,0.0,0.0,0.0
CCDC32,0.0,0.0,0.0,0.0,0.0,0.0,0.0,0.0,0.0,0.0,0.0,0.0,0.0,0.0,0.0,0.0,0.0,0.0,0.0,0.0,0.0,0.0,0.0,0.22109266,0.2521074,0.0,0.0,0.0,0.0,0.0,0.0,0.0,0.0,0.0,0.0,0.0,0.0,0.0,0.0,0.0,0.0,0.0
KNL1,0.0,0.0,0.0,0.0,0.8903897,0.0,0.0,0.0,0.0,0.0,0.0,0.0,0.0,0.0,0.0,0.0,0.0,0.0,0.0,0.0,0.0,0.0,0.0,0.0,0.1931466,0.0,0.0,0.0,0.0,0.0,0.0,0.0,0.0,0.0,0.0,0.0,0.0,0.0,0.0,0.0,0.0,0.0
RMDN3,0.0,0.0,0.0,0.0,0.0,0.0,0.0,0.20431155,0.0,0.0,0.0,0.0,0.0,0.0,0.0,0.0,0.0,0.0,0.0,0.0,0.0,0.0,0.0,0.0,0.0,0.0,0.0,0.0,0.0,0.0,0.0,0.0,0.0,0.0,0.0,0.0,0.0,0.0,0.0,0.0,0.0,0.0
SPINT1,0.0,0.0,0.0,0.0,0.0,0.3977822,0.0,0.0,0.0,0.0,0.0,0.0,0.0,0.0,0.0,0.0,0.0,0.0,0.0,0.0,0.0,0.0,0.0,0.0,0.0,0.0,0.0,0.0,0.0,0.0,0.0,0.0,0.0,0.0,0.0,0.0,0.0,0.0,0.0,0.0,0.0,0.0
INO80,0.0,0.0,0.0,0.0,0.0,0.0,0.0,0.0,0.0,0.21446666,0.0,0.0,0.0,0.0,0.0,0.0,0.0,0.0,0.0,0.0,0.0,0.0,0.0,0.0,0.0,0.0,0.0,0.0,0.0,0.0,0.0,0.0,0.0,0.0,0.0,0.0,0.0,0.0,0.0,0.0,0.0,0.0
CHP1,0.0,0.0,0.5551679,0.3431051,0.0,0.0,0.43283626,0.0,0.0,0.0,0.0,0.838519,0.0,0.0,0.0,0.0,0.0,0.0,0.0,0.0,0.0,0.0,0.4932645,0.0,0.0,0.0,0.0,0.0,0.0,0.0,0.0,0.0,0.0,0.0,0.0,0.0,0.0,0.0,0.0,0.0,0.0,0.0
OIP5-AS1,0.0,0.0,0.0,0.31044012,0.5769058,0.0,0.3664031,0.61754626,0.0,0.57238364,0.0,0.5104259,0.44090223,0.0,1.1810663,0.0,0.0,0.0,0.0,0.0,0.0,0.0,0.0,0.0,0.25475153,1.150518,1.0764471,0.47043538,0.0,0.0,0.0,0.0,0.0,0.0,0.0,0.0,0.0,0.0,0.0,0.0,0.0,0.585626
NUSAP1,0.0,0.0,0.0,0.5045439,1.6226885,0.0,0.0,0.37444502,0.0,0.57238364,0.0,0.0,0.0,0.0,0.0,0.0,0.0,0.0,0.0,0.0,0.0,0.0,0.0,0.0,0.61937237,0.0,0.0,0.0,0.0,0.0,0.0,0.0,0.0,0.0,0.0,0.0,0.0,0.0,0.0,0.0,0.0,0.0
RTF1,0.0,0.0,0.0,0.54789454,0.8125657,0.27226898,0.4506386,0.72086996,0.0,0.62781835,0.9341768,0.0,0.0,0.0,0.0,0.0,0.0,0.0,0.0,0.0,0.0,0.0,0.0,0.2391837,0.64646125,0.0,0.0,0.67230713,0.0,0.0,0.0,0.0,0.0,0.0,0.0,0.0,0.0,0.0,0.0,0.0,0.0,0.58105844
EHD4,0.0,0.0,0.0,0.0,0.0,0.38905048,0.0,0.0,0.0,0.23380059,0.0,0.0,0.0,0.0,0.0,0.0,0.0,0.0,0.0,0.0,0.0,0.0,0.0,0.0,0.0,0.0,0.0,0.0,0.0,0.0,0.0,0.0,0.0,0.0,0.0,0.0,0.0,0.0,0.0,0.0,0.0,0.0
VPS39,0.0,0.0,0.0,0.0,0.0,0.0,0.0,0.0,0.0,0.0,0.0,0.0,0.44090223,0.0,0.0,0.0,0.0,0.0,0.0,0.0,0.0,0.0,0.0,0.0,0.0,0.0,0.0,0.0,0.0,0.0,0.0,0.0,0.0,0.0,0.0,0.0,0.0,0.0,0.0,0.0,0.0,0.0
TMEM87A,0.0,0.0,0.0,0.0,0.0,0.0,0.0,0.0,0.0,0.21446666,0.0,0.0,0.0,0.0,0.0,0.0,0.0,0.0,0.0,0.0,0.0,0.0,0.0,0.0,0.22458787,0.0,0.0,0.2595597,0.0,0.0,0.0,0.0,0.0,0.0,0.0,0.0,0.0,0.0,0.0,0.0,0.0,0.0
ZNF106,0.0,0.0,0.82983935,0.8285625,0.0,0.37913528,0.6652854,0.21364279,0.0,0.18083665,0.0,0.4963503,0.44090223,0.0,0.0,0.0,0.0,0.0,0.0,0.0,0.0,0.0,0.75060785,0.0,0.22572826,0.0,0.0,0.21044083,0.0,0.0,0.0,0.0,0.0,0.0,0.0,0.0,0.0,0.0,0.0,0.0,0.0,0.0
SNAP23,0.51613474,0.0,0.0,0.0,0.0,0.3556153,0.40982887,0.12456213,0.0,0.0,0.0,0.0,0.0,0.0,0.6868571,0.0,0.0,1.34586,0.0,0.0,0.0,0.0,0.5386249,0.0,0.0,0.0,0.0,0.0,0.0,0.0,0.0,0.0,0.0,0.0,0.0,0.0,0.0,0.0,0.0,0.0,0.0,0.0
HAUS2,0.0,0.0,0.0,0.0,0.0,0.0,0.0,0.25306308,0.0,0.31335935,0.0,0.0,0.0,0.0,0.0,0.0,0.0,0.0,0.0,0.0,0.0,0.0,0.0,0.0,0.0,0.0,0.0,0.0,0.0,0.0,0.0,0.0,0.0,0.0,0.0,0.0,0.0,0.0,0.0,0.0,0.0,0.0
CCNDBP1,0.0,0.0,0.0,0.0,0.62003094,0.34115425,0.3869165,0.41975847,0.0,0.4532262,0.0,0.0,0.0,0.0,0.0,0.0,0.0,0.0,0.0,0.0,0.0,0.0,0.0,0.0,0.23757933,0.0,0.0,0.0,0.0,0.0,0.0,0.0,0.0,0.0,0.0,0.0,0.0,0.0,0.0,0.0,0.0,0.0
EPB42,0.0,0.0,0.0,0.0,0.0,0.0,0.0,0.27045375,0.0,0.0,0.0,0.0,0.0,0.0,0.0,0.0,0.0,0.0,0.0,0.0,0.0,0.0,0.0,0.0,0.0,0.0,0.0,0.0,0.0,0.0,0.0,0.0,0.0,0.0,0.0,0.0,0.0,0.0,0.0,0.0,0.0,0.0
MAP1A,0.0,0.0,0.0,0.0,0.0,0.0,0.0,0.0,0.0,0.0,0.0,0.0,0.0,0.0,0.0,0.0,0.0,0.0,0.0,0.0,0.0,0.0,0.0,0.0,0.0,0.0,0.0,0.0,0.0,0.0,0.0,0.0,0.0,0.0,0.0,0.0,0.0,0.0,0.0,0.0,0.0,0.9444749
PDIA3,0.8401995,0.90542024,0.9386554,1.3299537,1.4878435,1.510134,1.3312845,1.0290844,0.0,1.0770167,1.4190222,1.6086384,1.9594179,1.1449375,0.9916867,0.77453846,1.4712293,0.83314484,0.5179864,1.4665295,1.2702671,0.0,0.9724771,0.9134085,1.1365616,0.0,0.935398,1.3766232,0.17714557,0.0,0.9161707,1.1686174,0.87692964,1.2169027,0.8313185,0.97616595,0.86705065,0.7400931,1.1395619,1.1415893,1.0362092,1.5515075
SERF2,2.3357363,2.845065,2.8156528,2.9680262,2.7210813,2.454301,2.7021115,2.5949817,3.2563233,2.4594615,2.2026951,2.969219,2.7275865,2.1922622,2.216173,2.6885207,2.461185,2.9835687,2.0616333,2.716731,2.395928,2.0933907,2.9005334,1.9868158,2.5607812,2.3132925,2.1975803,2.6101646,2.470933,0.0,2.219578,2.5497618,2.1368191,2.4701834,2.0501108,2.1054177,2.1593132,2.246946,2.4455945,2.1834068,2.2076027,2.6818893
MFAP1,0.0,0.0,0.0,0.0,0.0,0.0,0.0,0.17784457,0.0,0.23380059,0.0,0.0,0.0,0.0,0.0,0.0,0.0,0.0,0.0,0.0,0.0,0.0,0.0,0.0,0.14045735,0.0,0.0,0.0,0.0,0.0,0.0,0.0,0.0,0.0,0.0,0.0,0.0,0.0,0.0,0.0,0.0,0.0
WDR76,0.0,0.0,0.0,0.0,0.0,0.0,0.0,0.0,0.0,0.4532262,0.0,0.0,0.0,0.0,0.0,0.0,0.0,0.0,0.0,0.0,0.0,0.0,0.0,0.0,0.17029929,0.0,0.0,0.0,0.0,0.0,0.0,0.0,0.0,0.0,0.0,0.0,0.0,0.0,0.0,0.0,0.0,0.0
GOLM2,0.0,0.0,0.0,0.0,0.0,0.0,0.0,0.0,0.0,0.0,0.0,0.0,0.0,0.0,0.0,0.0,0.0,0.0,0.0,0.0,0.0,0.0,0.0,0.0,0.17393991,0.0,0.0,0.0,0.0,0.0,0.0,0.0,0.0,0.0,0.0,0.0,0.0,0.0,0.0,0.0,0.0,0.0
EIF3J,0.0,0.0,0.0,0.4709078,0.28169906,0.28305006,0.44683003,0.73764503,0.0,0.4195962,0.0,0.0,0.0,0.0,0.0,0.0,0.0,0.0,0.0,0.0,0.0,0.0,0.0,0.29905057,0.645357,0.0,0.0,0.64567775,0.0,0.0,0.0,0.0,0.0,0.0,0.0,0.0,0.0,0.0,0.0,0.0,0.0,0.0
SPG11,0.0,0.0,0.0,0.0,0.0,0.0,0.0,0.0,0.0,0.36239028,0.0,0.0,0.0,0.0,0.7355936,0.0,0.0,0.0,0.0,0.0,0.0,0.0,0.0,0.0,0.0,0.0,0.0,0.0,0.0,0.0,0.0,0.0,0.0,0.0,0.0,0.0,0.0,0.0,0.0,0.0,0.0,0.0
B2M,4.375324,4.0971174,3.7575455,3.4318604,4.7090793,4.257448,3.9193795,2.0136619,3.3594027,3.396393,4.266364,4.2967224,4.326548,4.6788235,4.2486825,4.144144,3.5255742,3.4614816,4.2848988,4.912797,4.5278945,3.8247364,4.386322,3.730461,3.8498147,3.851643,3.756912,3.1087475,4.245365,3.1183896,4.5743623,4.8994827,4.4845276,4.7426004,4.296005,4.200642,4.300865,4.653691,4.831409,4.6922255,4.709035,4.145627
SORD,0.0,0.0,0.0,0.0,0.0,0.0,0.0,0.32400241,0.0,0.0,0.0,0.0,0.0,0.0,0.0,0.0,0.0,0.0,0.0,0.0,0.0,0.0,0.0,0.0,0.0,0.0,0.0,0.0,0.0,0.0,0.0,0.0,0.0,0.0,0.0,0.0,0.0,0.0,0.0,0.0,0.0,0.0
GATM,0.0,0.0,0.0,0.0,0.0,0.0,0.0,0.0,0.0,0.0,0.0,0.0,0.5578004,0.0,0.0,0.0,0.0,0.0,0.0,0.0,0.0,0.0,0.0,0.0,0.0,0.0,0.0,0.0,0.0,0.0,0.0,0.0,0.0,0.0,0.0,0.0,0.0,0.0,0.0,0.0,0.0,0.0
C15orf48,0.0,0.0,0.0,0.0,0.0,0.940539,0.0,0.0,0.0,0.0,0.0,0.0,0.0,0.0,0.0,0.0,0.0,0.0,0.0,0.0,0.0,0.0,0.0,0.0,0.0,0.0,0.0,0.0,0.0,0.0,0.0,0.0,0.0,0.0,0.0,0.0,0.0,0.0,0.0,0.0,0.0,0.0
BLOC1S6,0.0,0.0,0.0,0.4481163,0.0,0.8772303,0.49660182,0.2852365,0.0,0.21446666,0.0,0.0,0.7257168,0.0,0.0,0.0,0.0,0.0,0.0,0.0,0.0,0.0,0.0,0.0,0.16683619,0.0,0.0,0.3597262,0.0,0.0,0.0,0.0,0.0,0.0,0.0,0.0,0.0,0.0,0.0,0.0,0.0,0.0
SQOR,0.0,0.0,0.6611115,0.78818804,0.0,0.0,0.36318722,0.0,0.0,0.0,0.0,0.4963503,0.0,0.0,0.0,0.0,0.0,0.0,0.0,0.0,0.0,0.0,0.0,0.0,0.0,0.0,0.0,0.0,0.0,0.0,0.0,0.0,0.0,0.0,0.0,0.0,0.0,0.0,0.0,0.0,0.0,0.0
DUT,0.0,0.0,0.0,1.1825107,1.796673,0.48126704,0.47833383,1.879226,0.0,1.3246646,0.0,0.0,0.0,0.0,0.0,0.0,0.51556206,0.6798615,0.0,0.0,0.0,0.0,0.0,0.0,1.2304456,0.0,0.0,1.4603918,0.26702702,0.0,0.0,0.0,0.0,0.0,0.0,0.0,0.0,0.0,0.0,0.0,0.0,0.681553
EID1,0.58264226,0.0,0.83377767,1.0226743,0.98781264,1.0569707,1.1031326,1.010783,0.0,1.1523511,1.2089031,0.6449004,0.0,0.9445227,0.0,0.0,0.5825821,1.177619,0.0,0.9247587,0.9588245,0.0,0.87914914,0.30662262,0.7263295,1.0914862,1.0581769,1.2079116,0.646999,0.0,1.0246189,1.0966163,1.0612571,1.0570743,0.9077516,0.8360014,0.70562667,1.1819276,0.9785434,0.9602629,0.980621,1.3415592
COPS2,0.0,0.0,0.0,0.0,0.0,0.3556153,0.3689735,0.41794273,0.0,0.18155362,0.0,0.0,0.0,0.0,0.8421502,0.0,0.0,0.0,0.0,0.0,0.0,0.0,0.0,0.0,0.24836549,0.0,0.0,0.29026884,0.0,0.0,0.0,0.0,0.0,0.0,0.0,0.0,0.0,0.0,0.0,0.0,0.0,0.0
HDC,0.0,0.0,0.0,0.0,0.0,0.0,0.0,0.0,0.0,0.0,0.0,0.0,0.0,0.0,0.0,0.0,2.5500183,0.0,0.0,0.0,0.0,0.0,0.0,0.0,0.0,0.0,0.0,0.0,0.0,0.0,0.0,0.0,0.0,0.0,0.0,0.0,0.0,0.0,0.0,0.0,0.0,0.0
GABPB1-IT1,0.0,0.0,0.0,0.0,0.34032327,0.0,0.35860544,0.0,0.0,0.23380059,0.0,0.0,0.0,0.0,0.0,0.0,0.0,0.0,0.0,0.0,0.0,0.0,0.0,0.0,0.0,0.0,1.1254485,0.0,0.0,0.0,0.0,0.0,0.5529274,0.0,0.0,0.0,0.0,0.0,0.0,0.0,0.8953636,0.0
ENSG00000244879,0.0,0.0,0.0,0.0,0.0,0.0,0.0,0.0,0.0,0.25902426,0.0,0.0,0.0,0.0,0.0,0.0,0.0,0.0,0.0,0.0,0.0,0.0,0.0,0.0,0.13528816,0.0,1.2286537,0.18207046,0.0,0.0,0.0,0.0,0.0,0.0,0.0,0.0,0.0,0.0,0.0,0.0,0.0,0.0
USP8,0.0,0.0,0.0,0.3440765,0.0,0.0,0.5419595,0.0,0.0,0.3960203,0.0,0.0,0.0,0.0,0.0,0.0,0.0,0.0,0.0,0.0,0.0,0.0,0.0,0.0,0.30612123,0.0,0.0,0.0,0.0,0.0,0.0,0.0,0.0,0.0,0.0,0.0,0.0,0.0,0.0,0.0,0.0,0.0
TRPM7,0.0,0.0,0.0,0.0,0.0,0.0,0.0,0.0,0.0,0.36239028,0.0,0.0,0.0,0.0,0.0,0.0,0.0,0.0,0.0,0.0,0.0,0.0,0.0,0.0,0.0,0.0,0.0,0.0,0.0,0.0,0.0,0.0,0.0,0.0,0.0,0.0,0.0,0.0,0.0,0.0,0.0,0.0
SPPL2A,0.0,0.0,0.0,0.0,0.18246365,0.0,0.0,0.0,0.0,0.21446666,0.0,0.0,0.0,0.0,0.0,0.0,0.0,0.0,0.0,0.0,0.0,0.0,0.0,0.0,0.14045735,0.0,0.0,0.0,0.0,0.0,0.0,0.0,0.0,0.0,0.0,0.0,0.0,0.0,0.0,0.0,0.0,0.0
DMXL2,0.0,0.0,0.7318501,0.0,0.0,0.0,0.0,0.0,0.0,0.0,0.0,0.91348,0.0,0.0,0.0,0.0,0.0,0.0,0.0,0.0,0.0,0.0,0.68047833,0.0,0.0,0.0,0.0,0.0,0.0,0.0,0.0,0.0,0.0,0.0,0.0,0.0,0.0,0.0,0.0,0.0,0.0,0.0
LYSMD2,0.0,0.0,0.0,0.0,0.0,0.0,0.0,0.0,0.0,0.21446666,0.0,0.0,0.5578004,0.0,0.0,0.0,0.0,0.0,0.0,0.0,0.0,0.0,0.0,0.0,0.0,0.0,0.0,0.0,0.0,0.0,0.0,0.0,0.0,0.0,0.0,0.0,0.0,0.0,0.0,0.0,0.0,0.0
TMOD3,0.0,0.0,0.46121213,0.6507671,0.7438966,0.0,0.5132103,0.32679036,0.0,0.18155362,0.0,0.0,0.44090223,0.0,0.0,0.0,0.0,0.0,0.0,0.0,0.0,0.0,0.65002227,0.0,0.19428341,0.0,0.0,0.0,0.0,0.0,0.0,0.0,0.0,0.0,0.0,0.0,0.0,0.0,0.0,0.0,0.0,0.0
MAPK6,0.0,0.0,0.0,0.0,0.0,0.0,0.0,0.0,0.0,0.18083665,0.0,0.0,0.0,0.0,0.0,0.0,0.0,0.0,0.0,0.0,0.0,0.0,0.0,0.0,0.0,0.0,0.0,0.0,0.0,0.0,0.0,0.0,0.0,0.0,0.0,0.0,0.0,0.0,0.0,0.0,0.0,0.0
GNB5,0.0,0.0,0.0,0.0,0.0,0.0,0.0,0.0,0.0,0.18083665,0.0,0.0,0.0,0.0,0.0,0.0,0.0,0.2727539,0.0,0.0,0.0,0.0,0.0,0.0,0.0,0.0,0.0,0.0,0.0,0.0,0.0,0.0,0.0,0.0,0.0,0.0,0.0,0.0,0.0,0.0,0.0,0.0
ARPP19,0.0,0.0,0.0,0.0,0.44095218,0.34549886,0.3384496,0.16928208,0.0,0.0,0.0,0.0,0.0,0.0,0.0,0.0,0.0,0.19292119,0.0,0.0,0.0,0.0,0.0,0.0,0.42140996,0.0,0.0,0.0,0.0,0.0,0.0,0.0,0.0,0.0,0.0,0.0,0.0,0.0,0.0,0.0,0.0,0.0
ATOSA,0.0,0.0,0.0,0.0,0.0,0.0,0.0,0.0,0.0,0.0,0.0,0.0,0.0,0.0,0.0,0.0,0.0,0.0,0.0,0.0,0.0,0.0,0.0,0.30662262,0.24801257,0.0,0.0,0.0,0.0,0.0,0.0,0.0,0.0,0.0,0.0,0.0,0.0,0.0,0.0,0.0,0.0,0.0
RSL24D1,0.8109302,0.0,0.43804395,0.70238626,0.7595303,0.7475655,0.93999994,1.0558285,0.0,0.41935268,0.67302287,0.47305363,0.0,0.9248045,0.77814996,0.0,0.0,0.0,0.93818176,0.0,0.8870512,0.0,0.6494975,0.28604156,0.7007325,0.0,1.0910696,1.0358484,0.50701773,0.0,0.9440428,0.9625578,0.9259995,0.9638636,1.034745,0.8927586,1.0641084,1.016109,1.0100762,0.9485752,1.0810587,0.8734691
RAB27A,0.0,0.0,0.51872176,0.55079305,0.7075785,0.0,0.0,0.0,0.0,0.0,0.0,0.0,0.0,0.0,0.0,0.0,0.0,0.0,0.0,0.0,0.0,0.0,0.0,0.0,0.13803001,0.0,0.0,0.0,0.0,0.0,0.0,0.0,0.0,0.0,0.0,0.0,0.0,0.0,0.0,0.0,0.0,0.0
CCPG1,0.0,0.0,0.0,0.0,0.0,0.0,0.0,0.0,0.0,0.0,0.0,0.0,0.0,0.0,0.0,0.0,0.0,0.0,0.0,0.0,0.0,0.0,0.0,0.5261794,0.25635368,0.0,0.0,0.0,0.0,0.0,0.0,0.0,0.0,0.0,0.0,0.0,0.0,0.0,0.0,0.0,0.0,0.0
LINC00926,1.1074452,0.0,0.0,0.0,0.0,0.0,0.0,0.0,0.0,0.0,0.0,0.0,0.0,0.0,0.0,0.0,0.0,0.0,1.1265578,0.0,0.0,1.7007912,0.0,0.0,0.0,0.0,0.0,0.0,0.0,0.0,0.0,0.0,0.0,0.0,0.0,0.0,0.0,0.0,0.0,0.0,0.0,0.0
AQP9,0.0,0.0,0.0,0.0,0.0,0.0,0.0,0.0,0.0,0.0,0.0,1.0209692,0.0,0.0,0.0,0.0,0.0,0.0,0.0,0.0,0.0,0.0,0.0,0.0,0.0,0.0,0.0,0.0,0.0,0.0,0.0,0.0,0.0,0.0,0.0,0.0,0.0,0.0,0.0,0.0,0.0,0.0
ADAM10,0.0,0.0,0.7217643,0.4563932,0.445655,0.0,0.3869165,0.0,0.0,0.23380059,1.2089031,0.0,0.0,0.0,0.0,0.0,0.0,0.0,0.0,0.0,0.0,0.0,0.7505931,0.0,0.1802879,0.0,0.0,0.0,0.0,0.0,0.0,0.0,0.0,0.0,0.0,0.0,0.0,0.0,0.0,0.0,0.0,0.0
SLTM,0.78854465,0.0,0.6249386,0.94061637,0.93709505,0.67467314,0.68563277,0.6706564,0.0,0.81770027,0.9899831,0.47305363,0.0,0.0,0.7355936,0.0,0.56538093,0.0,0.0,0.0,0.87549895,0.0,0.5550395,0.21273038,0.74951214,1.0886538,0.9045438,0.7673122,0.0,0.0,0.0,0.0,0.0,0.0,0.0,0.0,0.0,0.42329285,0.0,0.0,0.0,0.8579866
CCNB2,0.0,0.0,0.0,0.0,0.0,0.0,0.0,0.66233736,0.0,0.0,0.0,0.0,0.0,0.0,0.0,0.0,0.0,0.0,0.0,0.0,0.0,0.0,0.0,0.0,0.24795079,0.0,0.0,0.0,0.0,0.0,0.0,0.0,0.0,0.0,0.0,0.0,0.0,0.0,0.0,0.0,0.0,0.0
GTF2A2,0.0,0.0,0.0,0.50434554,0.688218,0.59331524,0.6596643,0.9725716,0.0,0.23875955,0.0,0.4254868,0.44090223,0.0,0.0,0.0,0.0,0.9924618,0.0,0.0,0.0,0.0,0.0,0.21122396,0.76299435,0.0,0.9045438,0.58828497,0.0,0.0,0.0,0.0,0.0,0.0,0.0,0.0,0.0,0.0,0.0,0.0,0.0,0.73764217
BNIP2,0.4650107,0.0,0.9673345,0.9866036,0.0,0.37521976,0.7188798,0.24865727,0.0,0.36239028,0.6301467,0.838519,0.5578004,0.0,0.77814996,0.0,0.0,0.42444396,0.0,0.0,0.0,0.0,0.7244016,0.0,0.17393991,0.0,0.0,0.4851656,0.0,0.0,0.0,0.0,0.0,0.0,0.0,0.0,0.0,0.0,0.0,0.0,0.0,0.631219
ANXA2,0.0,2.1915557,1.916558,2.0846753,1.2501502,1.092648,2.0164647,0.0,0.0,0.738312,0.0,1.4597057,1.1757209,0.0,0.0,0.8823745,0.0,0.0,0.0,0.0,0.0,0.0,1.4820635,0.2674124,1.0559711,0.0,0.0,0.0,0.0,0.0,0.0,0.0,0.0,0.0,0.0,0.0,0.0,0.0,0.0,0.86841303,0.0,0.0
ICE2,0.0,0.0,0.0,0.0,0.0,0.0,0.0,0.13173278,0.0,0.0,0.0,0.0,0.0,0.0,0.0,0.0,0.0,0.0,0.0,0.0,0.0,0.0,0.0,0.0,0.12638117,0.0,0.0,0.0,0.0,0.0,0.0,0.0,0.0,0.0,0.0,0.0,0.0,0.0,0.0,0.0,0.0,0.0
RORA,0.0,0.0,0.0,0.0,0.75225395,0.0,0.0,0.0,0.0,0.0,0.0,0.0,0.0,1.4684775,0.0,0.0,0.0,0.0,0.0,0.0,0.0,0.0,0.0,0.0,0.0,0.0,0.0,0.0,0.0,0.0,0.8749674,1.0604544,0.0,0.0,0.0,0.0,0.0,0.8100978,0.0,1.1437705,1.0800302,0.0
VPS13C,0.85592324,0.0,0.689913,0.43471944,0.63348925,0.48802102,0.62292796,0.0,0.0,0.18083665,1.0136976,0.5073828,0.0,0.0,0.8421502,0.0,0.0,0.0,0.8244326,0.8509351,0.8519341,0.0,0.6417614,0.0,0.16683619,0.0,0.0,0.35548377,0.0,0.0,0.0,0.0,0.0,1.0297995,0.0,0.0,0.0,0.0,0.0,0.0,0.0,0.87613136
TPM1,0.0,0.0,0.0,0.0,0.0,0.0,0.0,0.75390136,0.0,0.0,0.0,0.0,0.0,0.0,0.0,0.0,0.0,2.1169572,0.0,0.0,0.0,0.0,0.0,0.0,0.0,0.0,0.0,0.0,0.0,0.0,0.0,0.0,0.0,0.0,0.0,0.0,0.0,0.0,0.0,0.0,0.0,0.0
LACTB,0.0,0.0,0.0,0.24574336,0.0,0.0,0.6672891,0.0,0.0,0.0,0.0,0.4254868,0.0,0.0,0.0,0.0,0.0,0.0,0.0,0.0,0.0,0.0,0.62947035,0.0,0.0,0.0,0.0,0.0,0.0,0.0,0.0,0.0,0.0,0.0,0.0,0.0,0.0,0.0,0.0,0.0,0.0,0.0
RPS27L,0.5894627,0.80773175,0.4713735,0.90916544,1.1667867,0.81162524,0.68602407,0.93976235,1.5976295,0.6783769,0.0,0.8423759,0.91374826,0.0,1.0902166,0.5542792,0.0,0.97864556,0.0,0.62003183,0.0,0.0,0.8919747,0.76776034,1.4390306,0.0,0.0,0.866647,0.8146168,0.0,0.856079,1.0331683,0.9395566,0.95286614,0.90109956,0.0,0.0,0.99254084,0.9732882,0.8469932,0.0,0.6303147
RAB8B,0.0,0.0,0.0,0.0,0.51783216,0.57750386,0.16297461,0.0,0.0,0.23875955,0.3526248,0.0,0.0,0.0,0.6868571,0.0,0.0,0.0,0.0,0.0,0.0,0.0,0.0,0.0,0.0,0.0,0.0,0.0,0.0,0.0,0.0,0.0,0.0,0.0,0.0,0.0,0.0,0.0,0.0,0.0,0.0,0.0
USP3,0.0,0.0,0.8355306,0.67442274,0.0,0.0,0.6339667,0.0,0.0,0.36239028,0.0,0.0,0.0,0.0,0.0,0.0,0.0,0.0,0.0,0.0,0.0,0.0,0.56312084,0.0,0.20090127,0.0,0.0,0.0,0.0,0.0,0.0,0.0,0.0,0.0,0.0,0.0,0.0,0.0,0.0,0.0,0.0,0.0
CIAO2A,0.7611661,0.0,0.0,0.0,0.0,0.65910083,0.42581785,0.6769581,0.0,0.9307638,0.0,0.0,0.0,0.0,0.0,0.0,0.0,0.0,0.0,0.0,0.0,0.0,0.0,0.17572023,0.27334732,0.0,0.0,0.23526299,0.0,0.0,0.0,0.0,0.0,0.0,0.0,0.0,0.0,0.0,0.0,0.0,0.0,0.6159586
SNX1,0.0,0.0,0.0,0.0,0.0,0.329874,0.29905957,0.33873123,0.0,0.0,0.0,0.0,0.0,0.0,0.0,0.0,0.0,0.0,0.0,0.0,0.0,0.0,0.0,0.0,0.1720261,0.0,0.0,0.0,0.0,0.0,0.0,0.0,0.0,0.0,0.0,0.0,0.0,0.0,0.0,0.0,0.0,0.0
PPIB,0.886296,0.93747234,1.0262245,1.5719681,1.5142108,1.8052186,1.4918041,1.3206203,0.39515826,1.27314,1.4766784,1.717164,2.001111,1.3818856,0.0,1.4269707,1.8226717,0.98707235,0.89267117,1.532506,1.3404793,0.0,1.1637499,1.8560678,3.0149064,0.0,1.0943637,1.7355075,1.3760847,0.0,1.2439055,1.3773245,1.1298262,1.2480525,0.9600638,1.0143714,0.98480487,1.077596,1.2397038,1.1938946,1.2524059,2.3331542
PCLAF,0.0,0.0,0.0,0.8944975,1.3674693,0.0,0.0,1.7654254,0.0,0.9978609,0.0,0.0,0.0,0.0,0.0,0.0,0.0,0.0,0.0,0.0,0.0,0.0,0.0,0.0,0.85146415,0.0,0.0,0.7116672,0.0,0.0,0.0,0.0,0.0,0.0,0.0,0.0,0.0,0.0,0.0,0.0,0.0,0.0
ZNF609,0.0,0.0,0.0,0.0,0.0,0.0,0.0,0.0,0.0,0.0,0.59476876,0.0,0.0,0.0,0.0,0.0,0.0,0.0,0.0,0.0,0.0,0.0,0.0,0.0,0.0,0.0,0.0,0.0,0.0,0.0,0.0,0.0,0.0,0.0,0.0,0.0,0.0,0.0,0.0,0.0,0.0,0.0
OAZ2,0.0,0.0,0.0,0.0,0.0,0.28412688,0.0,0.0,0.0,0.0,0.0,0.0,0.0,0.0,0.0,0.0,0.0,0.0,0.0,0.0,0.0,0.0,0.37599945,0.0,0.0,0.0,0.0,0.0,0.0,0.0,0.0,0.0,0.0,0.0,0.0,0.0,0.0,0.0,0.0,0.0,0.0,0.0
RBPMS2,0.0,0.0,0.0,0.0,0.0,0.0,0.0,0.0,0.0,0.0,0.0,0.0,0.0,0.0,0.0,0.0,0.0,0.8857379,0.0,0.0,0.0,0.0,0.0,0.0,0.0,0.0,0.0,0.0,0.0,0.0,0.0,0.0,0.0,0.0,0.0,0.0,0.0,0.0,0.0,0.0,0.0,0.0
SPG21,0.0,0.0,0.52427924,0.6256857,0.0,0.7133947,0.49489614,0.310349,0.0,0.4153542,0.0,0.8423759,0.44090223,0.0,0.0,0.0,0.0,0.0,0.0,0.0,0.0,0.0,0.5774535,0.0,0.17900646,0.0,0.0,0.24078122,0.0,0.0,0.0,0.0,0.0,0.0,0.0,0.0,0.0,0.0,0.0,0.0,0.0,0.0
PDCD7,0.0,0.0,0.0,0.0,0.31201386,0.0,0.36097383,0.27594322,0.0,0.18155362,0.0,0.0,0.0,0.0,0.0,0.0,0.0,0.0,0.0,0.0,0.0,0.0,0.0,0.0,0.15349633,0.0,0.0,0.25569186,0.0,0.0,0.0,0.0,0.0,0.0,0.0,0.0,0.0,0.0,0.0,0.0,0.0,0.0
HACD3,0.0,0.0,0.0,0.0,0.0,0.0,0.0,0.50859565,0.0,0.0,0.0,0.0,0.0,0.0,0.0,0.0,0.0,0.0,0.0,0.0,0.0,0.0,0.0,0.0,0.24736819,0.0,0.0,0.0,0.0,0.0,0.0,0.0,0.0,0.0,0.0,0.0,0.0,0.0,0.0,0.0,0.0,0.0
RAB11A,0.0,0.0,0.0,0.364584,0.6583644,0.7185833,0.47691563,0.6169367,0.0,0.4195962,0.0,0.4254868,0.5578004,0.0,0.0,0.0,0.0,1.3290341,0.0,0.0,0.0,0.0,0.54956216,0.0,0.27992752,0.0,0.0,0.45197654,0.0,0.0,0.0,0.0,0.0,0.0,0.0,0.0,0.0,0.0,0.0,0.0,0.0,0.0
MAP2K1,0.0,0.0,0.0,0.0,0.0,0.2875488,0.6339667,0.0,0.0,0.0,0.0,0.7063019,0.7458428,0.0,0.0,0.0,0.0,0.0,0.0,0.0,0.0,0.0,0.6480591,0.0,0.0,0.0,0.0,0.0,0.0,0.0,0.0,0.0,0.0,0.0,0.0,0.0,0.0,0.0,0.0,0.0,0.0,0.0
SNAPC5,0.0,0.0,0.0,0.0,0.0,0.0,0.0,0.0,0.0,0.0,0.0,0.0,0.0,0.0,0.0,0.0,0.0,0.0,0.0,0.0,0.0,0.0,0.0,0.0,0.11483783,0.0,0.0,0.0,0.0,0.0,0.0,0.0,0.0,0.0,0.0,0.0,0.0,0.0,0.0,0.0,0.0,0.0
RPL4,2.5727046,1.6898952,2.0071516,2.1363163,1.8231323,2.6850805,2.5975494,3.256803,1.683507,2.2431853,2.29971,2.2677875,1.5547979,2.3931038,2.5474434,2.2448308,2.2874327,2.2300658,2.6038146,1.8778844,2.2587185,2.5686498,2.1632693,1.3783504,2.3975785,2.33559,2.488704,2.6917653,2.3430107,0.0,2.7391682,2.0957327,2.5033476,2.1438017,2.8083415,2.8109593,2.7532845,2.592526,2.1870964,2.3782797,2.3794644,2.5870655
ZWILCH,0.0,0.0,0.0,0.0,0.0,0.0,0.0,0.0,0.0,0.21446666,0.0,0.0,0.0,0.0,0.0,0.0,0.0,0.0,0.0,0.0,0.0,0.0,0.0,0.0,0.0,0.0,0.0,0.0,0.0,0.0,0.0,0.0,0.0,0.0,0.0,0.0,0.0,0.0,0.0,0.0,0.0,0.0
AAGAB,0.0,0.0,0.0,0.0,0.0,0.0,0.0,0.0,0.0,0.18083665,0.0,0.0,0.0,0.0,0.0,0.0,0.0,0.0,0.0,0.0,0.0,0.0,0.0,0.0,0.0,0.0,0.0,0.0,0.0,0.0,0.0,0.0,0.0,0.0,0.0,0.0,0.0,0.0,0.0,0.0,0.0,0.0
C15orf61,0.0,0.0,0.0,0.0,0.0,0.0,0.0,0.19912516,0.0,0.0,0.0,0.0,0.0,0.0,0.0,0.0,0.0,0.0,0.0,0.0,0.0,0.0,0.0,0.0,0.0,0.0,0.0,0.0,0.0,0.0,0.0,0.0,0.0,0.0,0.0,0.0,0.0,0.0,0.0,0.0,0.0,0.0
PIAS1,0.51613474,0.0,0.0,0.32913488,0.0,0.0,0.5444695,0.0,0.0,0.23380059,0.0,0.0,1.141807,0.0,0.9916867,0.0,0.0,0.0,0.0,0.0,0.0,0.0,0.0,0.0,0.13148819,0.0,0.0,0.0,0.0,0.0,0.0,0.0,0.0,0.0,0.0,0.0,0.0,0.0,0.0,0.0,0.0,0.0
CLN6,0.0,0.0,0.0,0.0,0.0,0.0,0.0,0.4228387,0.0,0.21446666,0.0,0.0,0.0,0.0,0.0,0.0,0.0,0.0,0.0,0.0,0.0,0.0,0.0,0.0,0.1931466,0.0,0.0,0.0,0.0,0.0,0.0,0.0,0.0,0.0,0.0,0.0,0.0,0.0,0.0,0.0,0.0,0.0
ANP32A,0.0,0.0,0.8412864,1.0828211,0.9786993,0.55245733,0.8604636,1.2299984,0.0,0.7058399,0.5784484,0.0,0.7458428,0.0,0.0,0.0,0.0,0.73603857,0.0,0.0,0.0,0.0,0.686344,0.0,0.9500316,0.0,0.0,1.0538363,0.0,0.0,0.0,0.0,0.0,0.0,0.0,0.0,0.0,0.0,0.0,0.0,0.0,0.8757839
RPLP1,4.489964,3.9684622,4.119149,4.4692936,4.0846205,4.5812664,4.3730993,4.5650177,3.9501953,4.3243237,4.332409,3.8694952,4.326548,4.3487997,4.1808534,4.417224,4.487913,3.756682,4.5473084,3.8112407,4.267459,4.306243,3.8947892,3.6184704,4.0830803,3.430305,3.745891,4.7029686,4.2419677,2.079179,4.600124,3.9589977,4.426798,4.1019707,4.7325077,4.459441,4.577678,4.4031205,4.0466094,4.2535806,4.3870854,4.299856
TLE3,0.0,0.0,0.35873437,0.0,0.0,0.0,0.39810312,0.0,0.0,0.0,0.0,0.72981226,0.0,0.0,0.0,0.0,0.0,0.0,0.0,0.0,0.0,0.0,0.0,0.0,0.0,0.0,0.0,0.0,0.0,0.0,0.0,0.0,0.0,0.0,0.0,0.0,0.0,0.0,0.0,0.0,0.0,0.0
PKM,1.126152,1.6075206,1.9289606,2.1983438,1.3450528,1.5048168,1.7932032,0.0,1.1037867,1.5938797,0.0,1.9571365,1.4347595,0.0,1.0902166,1.328238,0.27135652,2.459908,0.9059479,0.0,0.0,0.0,1.3674874,0.20044874,1.5365354,0.0,0.0,1.3625476,0.7508259,0.0,0.8447914,0.0,0.7173459,0.0,0.8389665,0.9505768,0.0,0.9138378,0.0,0.0,0.0,0.7597407
HEXA,0.0,0.0,0.0,0.0,0.0,0.34146005,0.44636363,0.0,0.0,0.0,0.0,0.0,1.3831153,0.0,0.0,0.0,0.0,0.0,0.0,0.0,0.0,0.0,0.0,0.0,0.13153149,0.0,0.0,0.2308535,0.0,0.0,0.0,0.0,0.0,0.0,0.0,0.0,0.0,0.0,0.0,0.0,0.0,0.0
ARIH1,0.0,0.0,0.0,0.0,0.0,0.0,0.0,0.0,0.0,0.5521189,0.0,0.0,0.0,0.0,0.0,0.0,0.0,0.0,0.0,0.0,0.0,0.0,0.0,0.0,0.13167544,0.0,0.0,0.0,0.0,0.0,0.0,0.0,0.0,0.0,0.0,0.0,0.0,0.0,0.0,0.0,0.0,0.0
ADPGK,0.0,0.0,0.0,0.5342204,0.0,0.4224942,0.49283025,0.0,0.0,0.0,0.0,0.0,0.0,0.0,0.0,0.0,0.0,0.0,0.0,0.0,0.0,0.0,0.0,0.0,0.0,0.0,0.0,0.0,0.0,0.0,0.0,0.0,0.0,0.0,0.0,0.0,0.0,0.0,0.0,0.0,0.0,0.5639859
PML,0.0,0.0,0.0,0.0,0.0,0.0,0.0,0.27239582,0.0,0.0,0.0,0.0,0.0,0.0,0.0,0.0,0.0,0.0,0.0,0.0,0.0,0.0,0.0,0.0,0.0,0.0,0.0,0.0,0.0,0.0,0.0,0.0,0.0,0.0,0.0,0.0,0.0,0.0,0.0,0.0,0.0,0.0
UBL7,0.0,0.0,0.0,0.0,0.0,0.5944774,0.0,0.12111509,0.0,0.0,0.0,0.0,0.0,0.0,0.0,0.0,0.0,0.0,0.0,0.0,0.0,0.0,0.0,0.0,0.21783592,0.0,0.0,0.0,0.0,0.0,0.0,0.0,0.0,0.0,0.0,0.0,0.0,0.0,0.0,0.0,0.0,0.6395053
CSK,1.1365354,0.0,0.0,0.6672565,0.8420384,0.85325944,0.88901544,0.14745966,0.0,0.94391894,0.0,0.0,0.0,0.0,0.0,0.0,0.0,0.0,0.6525372,0.0,0.0,0.0,0.9540405,0.0,0.3568915,0.0,0.0,0.2007339,0.0,0.0,0.0,0.0,0.0,0.0,0.0,0.0,0.0,0.81106913,0.0,0.0,0.0,0.64788723
SCAMP2,0.0,0.0,0.0,0.0,0.0,0.37093928,0.45373747,0.0,0.0,0.0,0.0,0.0,0.7458428,0.0,0.0,0.0,0.0,0.0,0.0,0.0,0.0,0.0,0.0,0.2383474,0.5482076,0.0,0.0,0.2150644,0.0,0.0,0.0,0.0,0.0,0.0,0.0,0.0,0.0,0.0,0.0,0.0,0.0,0.66789794
COX5A,0.8607786,1.1356167,0.95758396,1.4019077,1.4168296,1.5356439,1.3636297,1.832844,0.9321101,1.4510972,1.2351879,1.0337517,0.7257168,0.0,1.2927269,0.7706916,0.7545675,0.863447,0.0,0.9665264,1.0940335,0.0,1.2152884,0.9606611,1.6815274,0.0,0.0,1.5802406,0.5715369,0.0,0.7407816,0.0,0.0,0.0,0.0,0.0,0.0,0.8999288,0.0,0.0,0.0,1.2630821
PPCDC,0.0,0.0,0.0,0.0,0.0,0.0,0.0,0.0,0.0,0.0,0.0,0.0,0.0,0.0,0.0,0.0,0.0,0.0,0.0,0.0,0.0,0.0,0.0,0.0,0.16899817,0.0,0.0,0.0,0.0,0.0,0.0,0.0,0.0,0.0,0.0,0.0,0.0,0.0,0.0,0.0,0.0,0.0
C15orf39,0.0,0.0,0.0,0.0,0.0,0.0,0.4089112,0.0,0.0,0.0,0.0,0.0,0.0,0.0,0.0,0.0,0.0,0.0,0.0,0.0,0.0,0.0,0.61738884,0.0,0.0,0.0,0.0,0.0,0.0,0.0,0.0,0.0,0.0,0.0,0.0,0.0,0.0,0.0,0.0,0.0,0.0,0.0
COMMD4,0.0,0.0,0.0,0.0,0.68758196,0.0,0.0,0.54042894,0.0,0.4532262,0.0,0.0,0.0,0.0,0.0,0.0,0.0,0.0,0.0,0.0,0.0,0.0,0.0,0.0,0.23792577,0.0,0.0,0.0,0.0,0.0,0.0,0.0,0.0,0.0,0.0,0.0,0.0,0.0,0.0,0.0,0.0,0.0
NEIL1,0.0,0.0,0.0,0.0,0.0,0.0,0.0,0.0,0.0,0.0,0.0,0.0,0.0,0.0,0.0,0.0,0.0,0.0,0.0,0.0,0.0,0.0,0.0,0.0,0.0,1.7729034,1.1985635,0.0,0.0,0.0,0.0,0.0,0.0,0.0,0.0,0.0,0.0,0.0,0.0,0.0,0.0,0.0
SIN3A,0.0,0.0,0.0,0.0,0.0,0.0,0.0,0.0,0.0,0.23380059,0.0,0.0,0.0,0.0,0.0,0.0,0.0,0.0,0.0,0.0,0.0,0.0,0.0,0.0,0.0,0.0,0.0,0.0,0.0,0.0,0.0,0.0,0.0,0.0,0.0,0.0,0.0,0.0,0.0,0.0,0.0,0.0
IMP3,0.0,0.0,0.0,0.0,0.52732,0.0,0.3044914,0.7080547,0.0,0.18155362,0.0,0.0,0.7257168,0.0,0.0,0.0,0.0,0.0,0.0,0.0,0.0,0.0,0.0,0.0,0.4570872,0.0,0.0,0.27546144,0.0,0.0,0.0,0.0,0.0,0.0,0.0,0.0,0.0,0.0,0.0,0.0,0.0,0.0
FBXO22,0.0,0.0,0.0,0.0,0.0,0.0,0.0,0.0,0.0,0.57238364,0.0,0.0,0.0,0.0,0.0,0.0,0.0,0.0,0.0,0.0,0.0,0.0,0.0,0.0,0.0,0.0,0.0,0.0,0.0,0.0,0.0,0.0,0.0,0.0,0.0,0.0,0.0,0.0,0.0,0.0,0.0,0.0
ETFA,0.0,0.0,0.0,0.106743574,0.46996123,0.5034041,0.47268915,1.0351119,0.0,0.47256014,0.0,0.0,0.0,0.0,0.0,0.0,0.0,0.9656792,0.0,0.0,0.0,0.0,0.0,0.11845069,0.48780248,0.0,0.0,0.42293933,0.0,0.0,0.0,0.0,0.0,0.0,0.0,0.0,0.0,0.0,0.0,0.0,0.0,0.0
RCN2,0.510213,0.0,0.0,0.0,0.569227,0.5034041,0.0,0.46561325,0.0,0.6770393,0.0,0.0,0.0,0.0,0.0,0.0,0.0,0.0,0.0,0.0,0.0,0.0,0.0,0.0,0.30593717,0.0,0.0,0.22356944,0.0,0.0,0.0,0.0,0.0,0.0,0.0,0.0,0.0,0.0,0.0,0.0,0.0,0.0
PSTPIP1,0.0,0.0,0.0,0.4121674,0.0,0.53241324,0.41870624,0.0,0.0,0.0,0.0,0.0,0.0,0.0,0.0,0.0,0.0,0.0,0.0,0.0,0.0,0.0,0.0,0.0,0.0,0.0,0.0,0.0,0.0,0.0,0.0,0.0,0.0,0.0,0.0,0.0,0.0,0.0,0.0,0.0,0.0,0.0
TSPAN3,1.0128595,0.0,0.0,0.0,0.0,0.5457487,0.0,0.0,0.0,0.18083665,0.0,0.0,0.0,0.0,0.9916867,0.0,0.0,0.0,0.0,0.0,0.0,0.0,0.0,0.19078834,0.0,0.0,0.0,0.0,0.0,0.0,0.0,0.0,0.0,0.0,0.0,0.0,0.0,0.0,0.0,0.0,0.0,0.6877314
CIB2,0.0,0.0,0.0,0.0,0.0,0.0,0.0,0.0,0.0,0.0,0.0,0.0,0.0,0.0,0.0,0.0,0.0,0.0,0.0,0.0,0.0,0.0,0.0,0.0,0.0,0.0,0.0,0.0,0.0,0.0,0.0,0.0,0.0,0.0,0.0,0.0,0.0,0.0,0.0,0.0,0.0,0.72265327
IDH3A,0.0,0.0,0.0,0.0,0.0,0.3431283,0.0,0.0,0.0,0.23380059,0.0,0.0,0.0,0.0,0.0,0.0,0.0,0.0,0.0,0.0,0.0,0.0,0.0,0.0,0.27654222,0.0,0.0,0.0,0.0,0.0,0.0,0.0,0.0,0.0,0.0,0.0,0.0,0.0,0.0,0.0,0.0,0.83198094
DNAJA4,0.0,0.0,0.0,0.0,0.0,0.0,0.0,0.60360885,0.0,0.0,0.0,0.0,0.0,0.0,0.0,0.0,0.0,0.0,0.0,0.0,0.0,0.0,0.0,0.0,0.0,0.0,0.0,0.0,0.0,0.0,0.0,0.0,0.0,0.0,0.0,1.007359,0.0,0.0,0.0,0.0,0.0,0.0
SKIC8,0.0,0.0,0.0,0.0,0.0,0.0,0.3664031,0.5577238,0.0,0.44057786,0.0,0.0,0.0,0.0,0.0,0.0,0.0,0.0,0.0,0.0,0.0,0.0,0.0,0.0,0.23085202,0.0,0.0,0.21486823,0.0,0.0,0.0,0.0,0.0,0.0,0.0,0.0,0.0,0.0,0.0,0.0,0.0,0.0
IREB2,0.0,0.0,0.0,0.0,0.0,0.0,0.0,0.0,0.0,0.314459,0.0,0.0,0.0,0.0,0.0,0.0,0.0,0.0,0.0,0.0,0.0,0.0,0.0,0.0,0.0,0.0,0.0,0.0,0.0,0.0,0.0,0.0,0.0,0.0,0.0,0.0,0.0,0.0,0.0,0.0,0.0,0.0
PSMA4,0.0,0.0,0.5763754,1.0920885,1.022535,0.3977822,0.95283914,0.98935914,0.0,0.25902426,0.0,0.6449004,0.0,0.0,0.0,0.0,0.0,0.0,0.0,0.0,0.0,0.0,0.6629977,0.0,1.1755143,0.0,0.0,1.0341295,0.0,0.0,0.0,0.0,0.0,0.0,0.0,0.0,0.0,0.0,0.0,0.0,0.0,0.6943525
MORF4L1,1.1543701,0.80773175,1.1134632,1.2240512,1.2168192,0.74492157,1.172868,1.1792958,0.0,1.2537913,1.206956,1.1382626,1.3831153,1.1680827,1.3768444,0.6830523,1.2399676,1.4013809,1.0571355,1.1426787,1.0421717,1.004559,1.2223775,0.4286346,1.07499,1.3727709,1.0764471,1.2008361,1.085513,0.0,1.0759373,1.1853081,1.1159757,1.2549124,1.0386206,1.0133128,1.0624948,1.0779369,1.1901144,1.094496,1.1338125,1.149971
CTSH,0.6721774,0.0,0.93403614,0.9959216,0.0,0.48604932,1.2601329,0.0,0.0,0.0,0.0,1.074369,0.5578004,0.0,0.0,0.0,0.0,0.0,0.86050355,0.0,0.0,0.0,0.93988913,0.49239695,1.1202805,0.0,0.0,0.0,0.0,0.0,0.0,0.0,0.0,0.0,0.0,0.0,0.0,0.0,0.0,0.0,0.0,0.0
TMED3,0.0,0.0,0.0,0.0,0.0,0.442071,0.3384496,0.18204531,0.0,0.0,0.0,0.0,0.0,0.0,0.0,0.0,0.0,0.0,0.0,0.0,0.0,0.0,0.0,0.20044874,0.5404828,0.0,0.0,0.54436284,0.0,0.0,0.0,0.0,0.0,0.0,0.0,0.0,0.0,0.0,0.0,0.0,0.0,0.63049865
MTHFS,0.0,0.0,0.0,0.0,0.0,0.28412688,0.0,0.24747586,0.0,0.18155362,0.0,0.0,0.0,0.0,0.0,0.0,0.0,0.0,0.0,0.0,0.0,0.0,0.0,0.0,0.0,0.0,0.0,0.0,0.0,0.0,0.0,0.0,0.0,0.0,0.0,0.0,0.0,0.0,0.0,0.0,0.0,0.0
BCL2A1,0.94838136,0.0,0.79643416,0.0,0.0,1.3618994,0.0,0.0,0.0,0.4153542,0.0,1.9009793,0.0,0.0,0.0,0.0,0.0,0.0,0.0,0.0,0.0,0.0,1.6937966,0.0,0.0,0.0,0.0,0.0,0.0,0.0,0.0,0.0,0.0,0.0,0.0,0.0,0.0,0.0,0.0,0.0,0.0,0.0
ZFAND6,0.5894627,0.0,0.0,0.16977434,0.4991264,0.3556153,0.4506386,0.19094911,0.0,0.18083665,0.0,0.0,0.0,0.0,0.0,0.0,0.0,0.0,0.0,0.0,0.0,0.0,0.0,0.0,0.41855803,0.0,0.0,0.0,0.0,0.0,0.0,0.0,0.0,0.0,0.0,0.0,0.0,0.0,0.0,0.0,0.0,0.0
FAH,0.0,0.0,0.0,0.0,0.0,0.0,0.0,0.19520792,0.0,0.0,0.0,0.0,0.0,0.0,0.0,0.0,0.0,0.0,0.0,0.0,0.0,0.0,0.0,0.0,0.0,0.0,0.0,0.0,0.0,0.0,0.0,0.0,0.0,0.0,0.0,0.0,0.0,0.0,0.0,0.0,0.0,0.0
MESD,0.0,0.0,0.0,0.0,0.59226656,0.28412688,0.39008018,0.19520792,0.0,0.18155362,0.0,0.0,0.44090223,0.0,0.6868571,0.0,0.0,0.0,0.0,0.0,0.0,0.0,0.0,0.37193012,0.72933006,0.0,0.0,0.27405387,0.0,0.0,0.0,0.0,0.0,0.0,0.0,0.0,0.0,0.0,0.0,0.0,0.0,0.0
TLNRD1,0.0,0.0,0.0,0.0,0.0,0.0,0.0,0.0,0.0,0.0,0.0,0.4963503,0.0,0.0,0.0,0.0,0.0,0.0,0.0,0.0,0.0,0.0,0.0,0.0,0.0,0.0,0.0,0.0,0.0,0.0,0.0,0.0,0.0,0.0,0.0,0.0,0.0,0.0,0.0,0.0,0.0,0.0
IL16,0.6535427,0.0,0.0,0.0,0.21094024,0.69288063,0.4026517,0.0,0.0,0.21446666,0.0,0.0,0.0,0.0,0.7355936,0.0,0.0,0.0,0.0,0.0,0.0,0.0,0.0,0.0,0.0,0.0,0.0,0.0,0.0,0.0,0.0,0.0,0.0,0.0,0.0,0.0,0.0,0.0,0.0,0.0,0.0,0.64245605
RPS17,1.7579904,1.9687096,2.1991062,2.5494633,1.5095193,1.7798593,2.2000742,2.6779885,1.6229882,1.9944692,1.6842729,1.704567,1.1682736,1.637095,1.7812538,2.1459334,2.4669368,1.5079758,1.9067354,1.3677051,1.6905863,1.8330646,1.7052574,1.0763197,2.4015396,1.2479233,1.4929177,2.9532132,1.67733,0.0,2.2015028,1.6242408,2.119384,1.6500862,2.3557546,1.7622571,2.2076542,2.0459204,1.6199198,1.6882756,1.638876,2.1812959
WHAMM,0.0,0.0,0.0,0.0,0.181897,0.0,0.36281422,0.0,0.0,0.5812388,0.0,0.0,0.5578004,0.0,0.0,0.0,0.0,0.0,0.0,0.0,0.0,0.0,0.0,0.0,0.0,0.0,0.0,0.0,0.0,0.0,0.0,0.0,0.0,0.0,0.0,0.0,0.0,0.0,0.0,0.0,0.0,0.0
C15orf40,0.0,0.0,0.0,0.0,0.0,0.0,0.0,0.0,0.0,0.0,0.0,0.0,0.0,0.0,0.0,0.0,0.0,0.0,0.0,0.0,0.0,0.0,0.0,0.0,0.13148819,0.0,0.0,0.0,0.0,0.0,0.0,0.0,0.0,0.0,0.0,0.0,0.0,0.0,0.0,0.0,0.0,0.0
SEC11A,0.0,0.0,1.0460784,1.0358781,1.0227925,1.2172527,1.1771686,0.6108706,0.0,0.36239028,1.2351879,0.72981226,1.3272191,0.0,0.0,0.0,0.98730695,0.0,0.0,0.77309126,1.0835146,0.0,1.255538,0.25273836,0.932084,0.0,0.0,0.8097394,0.0,0.0,0.0,0.0,0.0,0.0,0.0,0.0,0.0,0.0,0.0,0.0,0.0,0.836256
AKAP13,1.2245666,0.739549,1.4267302,1.1005163,1.1793869,0.8011262,1.2961562,0.0,0.0,0.527826,1.3712598,0.8635058,1.8290203,1.0409257,1.1548164,0.30735877,0.77479386,0.0,1.0051627,1.4811914,1.2811508,0.0,1.2961248,0.28871077,0.4185225,0.0,1.409537,0.3959316,0.604713,1.6489818,0.9020994,1.2558968,1.006758,1.5322926,0.7374388,0.7361775,0.853672,0.9524696,1.247078,1.112263,1.2524059,1.2209735
MRPL46,0.0,0.0,0.0,0.0,0.0,0.0,0.0,0.19677243,0.0,0.0,0.0,0.0,0.0,0.0,0.0,0.0,0.0,0.0,0.0,0.0,0.0,0.0,0.0,0.0,0.1759403,0.0,0.0,0.0,0.0,0.0,0.0,0.0,0.0,0.0,0.0,0.0,0.0,0.0,0.0,0.0,0.0,0.0
MRPS11,0.0,0.0,0.0,0.0,0.41791278,0.0,0.0,0.39356855,0.0,0.0,0.0,0.0,0.0,0.0,0.0,0.0,0.0,0.0,0.0,0.0,0.0,0.0,0.0,0.0,0.40393764,0.0,0.0,0.0,0.0,0.0,0.0,0.0,0.0,0.0,0.0,0.0,0.0,0.0,0.0,0.0,0.0,0.0
ISG20,1.2383103,0.0,0.0,0.0,1.13791,0.66842306,0.3832682,0.0,0.0,0.23380059,0.0,0.5073828,0.0,1.1037048,0.9916867,0.0,0.0,0.0,1.4217618,1.5385098,1.2487595,1.4995049,0.0,1.4976051,1.8281779,1.8369477,1.8076286,0.0,1.3812526,0.0,1.2176547,1.3615217,1.0259948,1.3681964,0.97002167,0.90093166,1.2121546,1.6697733,1.2652227,1.1254485,1.2250758,0.8283422
FANCI,0.0,0.0,0.0,0.0,0.6711756,0.0,0.0,0.21364279,0.0,0.36239028,0.0,0.0,0.0,0.0,0.0,0.0,0.0,0.0,0.0,0.0,0.0,0.0,0.0,0.0,0.12957723,0.0,0.0,0.0,0.0,0.0,0.0,0.0,0.0,0.0,0.0,0.0,0.0,0.0,0.0,0.0,0.0,0.0
ANPEP,0.0,0.0,0.81818557,0.0,0.0,0.9168612,0.0,0.0,0.0,0.0,0.0,1.0337517,0.0,0.0,0.0,0.0,0.0,0.0,0.0,0.0,0.0,0.0,0.0,0.0,0.0,0.0,0.0,0.0,0.0,0.0,0.0,0.0,0.0,0.0,0.0,0.0,0.0,0.0,0.0,0.0,0.0,0.0
IDH2,0.0,0.0,0.0,0.92192256,1.2026498,0.7958162,0.47656822,1.3049351,0.0,0.97332585,0.0,0.0,0.0,0.0,0.0,0.0,0.0,1.0120157,0.0,0.0,0.0,0.0,0.0,0.4332744,0.76742,0.0,0.0,0.8534086,0.0,0.0,0.0,0.0,0.0,0.0,0.0,0.0,0.0,0.0,0.0,0.0,0.0,0.6279386
CIB1,1.4753764,0.0,0.0,0.57740116,1.0027964,0.69288063,0.8179616,0.7118057,0.0,0.527826,0.392094,0.6449004,0.0,0.0,0.7355936,0.0,0.0,0.0,0.86168987,1.0831224,0.8731769,0.0,0.86034566,0.20910497,0.48046565,0.0,0.0,0.5449984,0.0,0.0,0.97906184,1.0723839,1.0304945,1.0358589,0.9681947,0.93190193,0.9040189,1.0296837,1.0307264,0.7684728,0.0,0.5162507
NGRN,0.0,0.0,0.0,0.0,0.0,0.0,0.0,0.2796203,0.0,0.0,0.0,0.0,0.0,0.0,0.7355936,0.0,0.0,0.0,0.0,0.0,0.0,0.0,0.0,0.0,0.0,0.0,0.0,0.0,0.0,0.0,0.0,0.0,0.0,0.0,0.0,0.0,0.0,0.0,0.0,0.0,0.0,0.0
IQGAP1,1.1222945,0.0,1.8560407,1.7628144,1.4101074,1.0739036,1.4000709,0.0,0.0,1.1484714,1.2089031,1.4383113,0.7458428,0.98691136,0.8421502,1.0826056,0.99319124,0.0,0.99430877,1.4391205,1.3084222,1.2293378,1.420501,0.24449907,0.5518554,0.0,1.0764471,0.48830056,0.82432914,0.0,0.7518051,1.1384789,0.82227576,1.1125371,0.0,0.0,0.0,0.8736644,1.0612571,0.9907276,0.0,0.82444495
BLM,0.0,0.0,0.0,0.0,0.0,0.0,0.0,0.0,0.0,0.42031318,0.0,0.0,0.0,0.0,0.0,0.0,0.0,0.0,0.0,0.0,0.0,0.0,0.0,0.0,0.14103276,0.0,0.0,0.0,0.0,0.0,0.0,0.0,0.0,0.0,0.0,0.0,0.0,0.0,0.0,0.0,0.0,0.0
FURIN,0.0,0.0,0.0,0.0,0.0,0.0,0.0,0.0,0.0,0.0,0.0,0.3987304,0.5578004,0.0,0.0,0.0,0.0,0.0,0.0,0.0,0.0,0.0,0.0,0.0,0.0,0.0,0.0,0.0,0.0,0.0,0.0,0.0,0.0,0.0,0.0,0.0,0.0,0.0,0.0,0.0,0.0,0.0
FES,0.0,0.0,0.4923228,0.6035715,0.0,0.2875488,0.6118924,0.0,0.0,0.0,0.0,0.5221987,0.5578004,0.0,0.0,0.0,0.0,0.0,0.0,0.0,0.0,0.0,0.0,0.0,0.0,0.0,0.0,0.14175417,0.0,0.0,0.0,0.0,0.0,0.0,0.0,0.0,0.0,0.0,0.0,0.0,0.0,0.0
HDDC3,0.0,0.0,0.0,0.0,0.0,0.0,0.0,0.30914012,0.0,0.23380059,0.0,0.0,0.0,0.0,0.0,0.0,0.0,0.0,0.0,0.0,0.0,0.0,0.0,0.0,0.20105934,0.0,0.0,0.0,0.0,0.0,0.0,0.0,0.0,0.0,0.0,0.0,0.0,0.0,0.0,0.0,0.0,0.0
UNC45A,0.0,0.0,0.0,0.0,0.0,0.0,0.0,0.12689343,0.0,0.0,0.0,0.0,0.0,0.0,0.0,0.0,0.0,0.0,0.0,0.0,0.0,0.0,0.0,0.0,0.0,0.0,0.0,0.0,0.0,0.0,0.0,0.0,0.0,0.0,0.0,0.0,0.0,0.0,0.0,0.0,0.0,0.0
PRC1,0.0,0.0,0.0,0.41355133,0.7496496,0.0,0.0,0.62862384,0.0,0.5553108,0.0,0.0,0.0,0.0,0.0,0.0,0.0,0.0,0.0,0.0,0.0,0.0,0.0,0.0,0.23085202,0.0,0.0,0.0,0.0,0.0,0.0,0.0,0.0,0.0,0.0,0.0,0.0,0.0,0.0,0.0,0.0,0.0
ENSG00000272888,0.7611661,0.0,1.05787,0.97321147,1.0626503,0.70080924,1.3039287,0.0,0.0,1.2637613,1.4925166,1.097946,0.91374826,1.2790879,0.0,1.0242373,1.7716706,0.0,1.0759381,1.3030773,1.3391621,1.2621269,1.0695277,0.28415126,0.66428447,1.4961596,1.2824671,0.81524837,1.0643617,0.0,1.5448601,1.2321693,1.7602453,1.2815266,1.7952054,1.574014,1.5286756,1.8385278,1.3679777,1.5380791,1.2383103,1.2127354
CHD2,0.8650553,0.0,0.0,0.33561635,0.6921487,0.65338784,0.58231074,0.0,0.0,0.0,0.9013167,0.64906085,0.7257168,0.9531547,1.1548164,0.0,0.0,0.0,0.910584,0.96150863,1.0053296,0.0,0.0,0.38694683,0.4499066,0.0,0.9045438,0.20888281,0.57139945,0.0,0.80774903,0.98564637,0.9853306,1.0820903,0.7884472,0.8859192,0.8652943,0.92023885,1.0489315,1.0667263,0.0,0.7340151
MCTP2,0.0,0.0,0.0,0.0,0.36950237,0.0,0.0,0.0,0.0,0.0,0.0,0.0,0.0,0.0,0.0,0.0,0.0,0.0,0.0,0.0,0.885124,0.0,0.0,0.0,0.0,0.0,0.0,0.0,0.0,0.0,0.0,0.0,0.0,0.0,0.0,0.0,0.0,0.0,0.0,0.0,0.0,0.0
MEF2A,0.99629664,0.0,0.0,0.0,0.0,0.0,0.47656822,0.0,0.0,0.6785321,0.0,0.0,0.0,0.0,0.0,0.0,0.0,0.0,0.0,0.0,0.0,0.0,0.0,0.0,0.1597676,0.0,1.0024796,0.0,0.0,0.0,0.0,0.0,0.0,0.0,0.0,0.0,0.0,0.0,0.0,0.0,0.0,0.0
LRRK1,0.0,0.0,0.0,0.0,0.0,0.34115425,0.0,0.0,0.0,0.0,0.0,0.0,0.0,0.0,0.0,0.0,0.0,0.0,0.0,0.0,0.0,0.0,0.0,0.0,0.0,0.0,0.0,0.0,0.0,0.0,0.0,0.0,0.0,0.0,0.0,0.0,0.0,0.0,0.0,0.0,0.0,0.0
CHSY1,0.0,0.0,0.0,0.0,0.0,0.0,0.0,0.0,0.0,0.0,0.0,0.0,0.7257168,0.0,0.0,0.0,0.0,0.0,0.0,0.0,0.0,0.0,0.0,0.0,0.0,0.0,0.0,0.0,0.0,0.0,0.0,0.0,0.0,0.0,0.0,0.0,0.0,0.0,0.0,0.0,0.0,0.0
SELENOS,0.0,0.0,0.0,0.22694047,0.0,0.34549886,0.3259039,0.19267997,0.0,0.0,0.0,0.72981226,0.0,0.0,0.0,0.0,0.0,0.0,0.0,0.0,0.0,0.0,0.49762365,1.112263,1.0386403,0.0,0.0,0.0,0.0,0.0,0.0,0.0,0.0,0.0,0.0,0.0,0.0,0.0,0.0,0.0,0.0,1.379769
SNRPA1,0.0,0.0,0.0,0.0,0.70708275,0.28412688,0.40317827,0.67316395,0.0,0.6028327,0.0,0.0,0.0,0.0,0.6868571,0.0,0.0,0.0,0.0,0.0,0.0,0.0,0.0,0.0,0.5691326,0.0,0.0,0.3343449,0.0,0.0,0.0,0.0,0.0,0.0,0.0,0.0,0.0,0.0,0.0,0.0,0.0,0.585626
POLR3K,0.0,0.0,0.0,0.0,0.0,0.0,0.0,0.43972003,0.0,0.36239028,0.0,0.0,0.0,0.0,0.0,0.0,0.0,0.0,0.0,0.0,0.0,0.0,0.0,0.0,0.2975178,0.0,0.0,0.0,0.0,0.0,0.0,0.0,0.0,0.0,0.0,0.0,0.0,0.0,0.0,0.0,0.0,0.0
SNRNP25,0.0,0.0,0.0,0.52702785,0.63504946,0.48604932,0.0,0.66157997,0.0,0.5482596,0.0,0.0,0.0,0.0,0.0,0.0,0.0,0.0,0.0,0.0,0.0,0.0,0.0,0.0,0.7351411,0.0,0.0,0.29015756,0.0,0.0,0.0,0.0,0.0,0.0,0.0,0.0,0.0,0.0,0.0,0.0,0.0,0.4370476
MPG,0.0,0.0,0.0,0.0,0.39789492,0.5072514,0.42777815,0.3546848,0.0,0.4977838,0.9341768,0.0,0.0,0.0,0.7355936,0.0,0.0,0.0,0.0,0.0,0.0,0.0,0.0,0.32349488,0.48658854,0.0,0.0,0.304394,0.0,0.0,0.0,0.0,0.0,0.0,0.0,0.0,0.0,0.0,0.0,0.0,0.0,0.6569497
NPRL3,0.0,0.0,0.0,0.0,0.0,0.0,0.0,0.37577614,0.0,0.0,0.0,0.0,0.0,0.0,0.0,0.0,0.0,0.0,0.0,0.0,0.0,0.0,0.0,0.0,0.0,0.0,0.0,0.0,0.0,0.0,0.0,0.0,0.0,0.0,0.0,0.0,0.0,0.0,0.0,0.0,0.0,0.0
HBA2,0.0,0.0,0.0,0.0,0.0,0.0,0.0,0.7840327,0.0,0.0,0.0,0.0,0.7458428,0.0,0.0,0.0,0.0,0.0,0.0,0.0,0.0,0.0,0.0,0.0,0.0,0.0,0.0,0.0,0.0,0.0,0.0,0.0,0.0,0.0,0.0,0.0,0.0,0.0,0.0,0.0,0.0,0.0
HBA1,0.0,0.0,0.0,0.0,0.0,0.0,0.0,1.4026856,0.0,0.0,0.0,0.0,0.44090223,0.0,0.0,0.0,0.0,0.0,0.0,0.0,0.0,0.0,0.0,0.0,0.0,0.0,0.0,0.0,0.0,0.0,0.0,0.0,0.0,0.0,0.0,0.0,0.0,0.0,0.0,0.0,0.0,0.0
HBQ1,0.0,0.0,0.0,0.0,0.0,0.0,0.0,0.6533569,0.0,0.0,0.0,0.0,0.0,0.0,0.0,0.0,0.0,0.0,0.0,0.0,0.0,0.0,0.0,0.0,0.0,0.0,0.0,0.0,0.0,0.0,0.0,0.0,0.0,0.0,0.0,0.0,0.0,0.0,0.0,0.0,0.0,0.0
LUC7L,0.0,0.0,0.0,0.0,0.0,0.0,0.0,0.19697851,0.0,0.21446666,0.0,0.0,0.5578004,0.0,0.0,0.0,0.0,0.0,0.0,0.0,0.0,0.0,0.0,0.0,0.0,0.0,0.0,0.0,0.0,0.0,0.0,0.0,0.0,0.0,0.0,0.0,0.0,0.0,0.0,0.0,0.0,0.0
MRPL28,0.0,0.0,0.0,0.3627758,0.0,0.0,0.0,0.6218878,0.0,0.44826725,0.0,0.0,0.0,0.0,0.0,0.0,0.0,0.0,0.0,0.0,0.0,0.0,0.0,0.0,0.5315845,0.0,0.0,0.2361874,0.0,0.0,0.0,0.0,0.0,0.0,0.0,0.0,0.0,0.0,0.0,0.0,0.0,0.0
NME4,0.0,0.0,0.0,0.0,0.0,0.7958162,0.3384496,2.0825074,0.0,0.0,0.0,0.0,0.0,0.0,0.0,0.0,0.0,1.1687969,0.0,0.0,0.0,0.0,0.0,0.0,0.0,0.0,0.0,0.88185585,0.0,0.0,0.0,0.0,0.0,0.0,0.0,0.0,0.0,0.0,0.0,0.0,0.0,0.47919056
PIGQ,0.0,0.0,0.0,0.0,0.0,0.0,0.0,0.13972999,0.0,0.0,0.0,0.0,0.0,0.0,0.0,0.0,0.0,0.0,0.0,0.0,0.0,0.0,0.0,0.0,0.0,0.0,0.0,0.0,0.0,0.0,0.0,0.0,0.0,0.0,0.0,0.0,0.0,0.0,0.0,0.0,0.0,0.0
METTL26,0.0,0.0,0.0,0.6613745,0.8981595,0.685242,0.6489082,0.9204205,0.0,0.44057786,0.0,0.0,0.0,0.0,0.0,0.0,0.0,0.0,0.0,0.0,0.0,0.0,0.520957,0.25083283,0.7296916,0.0,0.0,1.0264027,0.0,0.0,0.0,0.0,0.0,0.0,0.0,0.0,0.0,0.0,0.0,0.0,0.9242541,0.649703
MCRIP2,0.0,0.0,0.0,0.0,0.0,0.0,0.0,0.5208577,0.0,0.0,0.0,0.0,0.0,0.0,0.0,0.0,0.0,0.0,0.0,0.0,0.0,0.0,0.0,0.0,0.16899817,0.0,0.0,0.0,0.0,0.0,0.0,0.0,0.0,0.0,0.0,0.0,0.0,0.0,0.0,0.0,0.0,0.0
RHOT2,0.0,0.0,0.0,0.0,0.0,0.0,0.0,0.14261837,0.0,0.0,0.0,0.0,0.0,0.0,0.0,0.0,0.0,0.0,0.0,0.0,0.0,0.0,0.0,0.0,0.0,0.0,0.0,0.0,0.0,0.0,0.0,0.0,0.0,0.0,0.0,0.0,0.0,0.0,0.0,0.0,0.0,0.0
STUB1,0.0,0.0,0.0,0.5419495,0.7198522,0.4580726,0.44683003,0.72774744,0.0,0.0,0.0,0.0,0.5578004,0.0,0.6868571,0.0,0.0,0.0,0.0,0.0,0.0,0.0,0.0,0.3458126,0.6164003,0.0,0.0,0.48629642,0.0,0.0,0.0,0.0,0.0,0.0,0.0,0.0,0.0,0.0,0.0,0.0,0.0,0.5997571
JMJD8,0.0,0.0,0.0,0.0,0.0,0.0,0.0,0.17016856,0.0,0.0,0.0,0.0,0.0,0.0,0.0,0.0,0.0,0.0,0.0,0.0,0.0,0.0,0.0,0.0,0.14598884,0.0,0.0,0.0,0.0,0.0,0.0,0.0,0.0,0.0,0.0,0.0,0.0,0.0,0.0,0.0,0.0,0.0
ANTKMT,0.0,0.0,0.0,0.0,0.0,0.0,0.34136593,0.3514894,0.0,0.0,0.0,0.0,0.0,0.0,0.0,0.0,0.0,0.0,0.0,0.0,0.0,0.0,0.0,0.2558854,0.39058423,0.0,0.0,0.0,0.0,0.0,0.0,0.0,0.0,0.0,0.0,0.0,0.0,0.0,0.0,0.0,0.0,0.0
RPUSD1,0.0,0.0,0.0,0.0,0.0,0.0,0.0,0.14439867,0.0,0.0,0.0,0.0,0.0,0.0,0.0,0.0,0.0,0.0,0.0,0.0,0.0,0.0,0.0,0.0,0.08575259,0.0,0.0,0.0,0.0,0.0,0.0,0.0,0.0,0.0,0.0,0.0,0.0,0.0,0.0,0.0,0.0,0.0
TPSB2,0.0,0.0,0.0,0.0,0.0,0.0,0.0,0.0,0.0,0.0,0.0,0.0,0.0,0.0,0.0,0.0,2.153975,0.0,0.0,0.0,0.0,0.0,0.0,0.0,0.0,0.0,0.0,0.0,0.0,0.0,0.0,0.0,0.0,0.0,0.0,0.0,0.0,0.0,0.0,0.0,0.0,0.0
UBE2I,0.79675174,0.0,0.64710414,1.010993,1.1970295,0.81162524,0.8725276,1.1641963,0.0,0.9850838,1.0573997,0.7063019,0.7257168,0.0,0.6868571,0.43652144,0.58144957,0.6764858,0.8867154,1.0549941,0.99463093,0.0,0.7893758,0.27620402,0.8893436,1.3428917,1.3541749,0.9767332,0.8835839,0.0,0.7794895,0.7281463,0.0,0.83111334,0.77545416,0.0,0.7882829,0.7808338,0.0,0.0,0.0,1.0274711
TSR3,0.0,0.0,0.0,0.0,0.0,0.0,0.0,0.24480283,0.0,0.0,0.0,0.0,0.0,0.0,0.0,0.0,0.0,0.0,0.0,0.0,0.0,0.0,0.0,0.0,0.23792577,0.0,0.0,0.0,0.0,0.0,0.0,0.0,0.0,0.0,0.0,0.0,0.0,0.0,0.0,0.0,0.0,0.0
GNPTG,0.0,0.0,0.0,0.0,0.0,0.3556153,0.0,0.0,0.0,0.0,0.0,0.5367148,0.0,0.0,0.0,0.0,0.0,0.0,0.0,0.0,0.0,0.0,0.0,0.0,0.0,0.0,0.0,0.0,0.0,0.0,0.0,0.0,0.0,0.0,0.0,0.0,0.0,0.0,0.0,0.0,0.0,0.0
TELO2,0.0,0.0,0.0,0.0,0.0,0.0,0.0,0.15827504,0.0,0.0,0.0,0.0,0.0,0.0,0.0,0.0,0.0,0.0,0.0,0.0,0.0,0.0,0.0,0.0,0.0,0.0,0.0,0.0,0.0,0.0,0.0,0.0,0.0,0.0,0.0,0.0,0.0,0.0,0.0,0.0,0.0,0.0
JPT2,0.0,0.0,0.0,0.0,0.0,0.0,0.0,0.22153036,0.0,0.0,0.0,0.0,0.0,0.0,0.0,0.0,0.0,0.0,0.0,0.0,0.0,0.0,0.0,0.0,0.0,0.0,0.0,0.0,0.0,0.0,0.0,0.0,0.0,0.0,0.0,0.0,0.0,0.0,0.0,0.0,0.0,0.0
NME3,0.0,0.0,0.0,0.0,0.0,0.38395348,0.41658252,0.1340009,0.0,0.0,0.0,0.0,0.0,0.0,0.6868571,0.0,0.0,0.0,0.0,0.0,0.0,0.0,0.0,0.21537958,0.21339111,0.0,0.0,0.0,0.0,0.0,0.0,0.0,0.0,0.0,0.0,0.0,0.0,0.0,0.0,0.0,0.0,0.66912377
MRPS34,0.0,0.0,0.0,0.78041726,0.7004236,0.41057968,0.65451777,1.3729161,0.0,0.5734832,0.0,0.0,0.0,0.0,0.0,0.0,0.0,0.0,0.0,0.0,0.0,0.0,0.0,0.43524104,1.169428,0.0,0.0,0.9156781,0.0,0.0,0.0,0.0,0.0,0.0,0.0,0.0,0.0,0.0,0.0,0.0,0.0,0.55756176
SPSB3,0.0,0.0,0.0,0.0,0.4941784,0.0,0.35860544,0.14053446,0.0,0.23380059,0.0,0.0,0.0,0.0,0.0,0.0,0.0,0.0,0.0,0.0,0.0,0.0,0.0,0.0,0.0,0.0,0.0,0.0,0.0,0.0,0.0,0.0,0.0,0.0,0.0,0.0,0.0,0.0,0.0,0.0,0.0,0.0
NUBP2,0.0,0.0,0.0,0.0,0.46664584,0.0,0.0,0.42724004,0.0,0.18083665,0.0,0.0,0.0,0.0,0.0,0.0,0.0,0.0,0.0,0.0,0.0,0.0,0.0,0.0,0.40682805,0.0,0.0,0.19917691,0.0,0.0,0.0,0.0,0.0,0.0,0.0,0.0,0.0,0.0,0.0,0.0,0.0,0.0
HAGH,0.0,0.0,0.0,0.0,0.0,0.0,0.0,0.70313466,0.0,0.0,0.0,0.0,0.0,0.0,0.0,0.0,0.0,0.0,0.0,0.0,0.0,0.0,0.0,0.14303318,0.0,0.0,0.0,0.0,0.0,0.0,0.0,0.0,0.0,0.0,0.0,0.0,0.0,0.0,0.0,0.0,0.0,0.0
FAHD1,0.0,0.0,0.0,0.0,0.0,0.0,0.0,0.22025168,0.0,0.0,0.0,0.0,0.0,0.0,0.0,0.0,0.0,0.0,0.0,0.0,0.0,0.0,0.0,0.0,0.0,0.0,0.0,0.0,0.0,0.0,0.0,0.0,0.0,0.0,0.0,0.0,0.0,0.0,0.0,0.0,0.0,0.0
MSRB1,0.0,0.0,0.0,0.38297307,0.0,0.0,0.0,0.0,0.0,0.0,0.0,0.0,0.0,0.0,0.0,0.0,0.0,0.0,0.0,0.0,0.0,0.0,0.0,0.0,0.0,0.0,0.0,0.0,0.0,0.0,0.0,0.0,0.0,0.0,0.0,0.0,0.0,0.0,0.0,0.0,0.0,0.0
NDUFB10,0.72478276,0.0,0.69016063,0.98986065,0.99748456,0.59506035,0.99618894,1.0517592,0.0,0.8969919,0.48630244,0.6449004,0.0,0.0,0.0,0.0,0.0,0.8237978,0.0,0.0,0.0,0.0,0.7419613,0.616688,1.2283776,0.0,0.76748186,0.94176626,0.0,0.0,0.7477411,1.0006268,0.6713341,0.0,0.0,0.0,0.0,0.8255792,0.9068264,0.0,0.0,0.8698454
RPS2,3.6708853,3.1344573,3.058728,3.3387847,3.0512466,3.8008425,3.970161,4.2349634,3.0204906,3.5284066,3.565309,3.1272416,2.9791276,3.698089,3.804969,3.6730435,3.3351884,2.9212651,3.8865027,3.1086311,3.6788611,3.8075054,3.3231955,2.412415,3.7897882,2.879527,3.1873195,3.9459147,3.5893755,2.0568485,4.1225686,3.4652932,3.9163373,3.4572358,4.2138166,3.8653011,4.04973,3.85495,3.495752,3.6490576,3.7730052,3.8770444
ENSG00000255198,0.0,0.0,0.0,0.0,0.1510121,0.0,0.0,0.0,0.0,0.0,0.48630244,0.0,0.0,0.0,0.0,0.0,0.0,0.0,0.0,0.0,0.0,0.0,0.0,0.0,0.37698022,0.0,0.0,0.18269025,0.0,0.0,0.0,0.0,0.0,0.0,0.84027433,0.0,0.0,0.0,0.0,0.0,0.0,0.0
TBL3,0.0,0.0,0.0,0.0,0.0,0.0,0.0,0.14951381,0.0,0.0,0.0,0.0,0.0,0.0,0.0,0.0,0.0,0.0,0.0,0.0,0.0,0.0,0.0,0.0,0.12226113,0.0,0.0,0.0,0.0,0.0,0.0,0.0,0.0,0.0,0.0,0.0,0.0,0.0,0.0,0.0,0.0,0.0
GFER,0.0,0.0,0.0,0.0,0.0,0.0,0.0,0.0,0.0,0.3953033,0.0,0.0,0.0,0.0,0.0,0.0,0.0,0.0,0.0,0.0,0.0,0.0,0.0,0.0,0.2261846,0.0,0.0,0.0,0.0,0.0,0.0,0.0,0.0,0.0,0.0,0.0,0.0,0.0,0.0,0.0,0.0,0.0
NTHL1,0.0,0.0,0.0,0.0,0.0,0.0,0.0,0.0,0.0,0.0,0.0,0.0,0.0,0.0,0.0,0.0,0.0,0.0,0.0,0.0,0.0,0.0,0.0,0.0,0.20240685,0.0,0.0,0.0,0.0,0.0,0.0,0.0,0.0,0.0,0.0,0.0,0.0,0.0,0.0,0.0,0.0,0.0
ENSG00000260260,0.0,0.0,0.0,0.0,0.0,0.0,0.0,0.0,0.0,0.0,0.0,0.0,0.0,0.0,0.0,0.0,0.0,0.0,0.0,0.0,0.0,0.0,0.0,0.0,0.0,0.0,0.0,0.23330921,0.0,0.0,0.0,0.0,0.0,0.0,0.0,0.0,0.0,0.0,0.0,0.0,0.0,0.0
TRAF7,0.0,0.0,0.0,0.0,0.0,0.28412688,0.0,0.4853756,0.0,0.18083665,0.0,0.0,0.0,0.0,0.0,0.0,0.0,0.0,0.0,0.0,0.0,0.0,0.0,0.0,0.0,0.0,0.0,0.0,0.0,0.0,0.0,0.0,0.0,0.0,0.0,0.0,0.0,0.0,0.0,0.0,0.0,0.0
MLST8,0.0,0.0,0.0,0.0,0.0,0.0,0.0,0.33312896,0.0,0.0,0.0,0.0,0.0,0.0,0.0,0.0,0.0,0.0,0.0,0.0,0.0,0.0,0.0,0.0,0.16899817,0.0,0.0,0.0,0.0,0.0,0.0,0.0,0.0,0.0,0.0,0.0,0.0,0.0,0.0,0.0,0.0,0.0
PGP,0.0,0.0,0.0,0.4862542,0.6626379,0.0,0.33419082,0.41147065,0.0,0.0,0.0,0.0,0.0,0.0,0.0,0.0,0.0,0.0,0.0,0.0,0.0,0.0,0.0,0.0,0.54594725,0.0,0.0,0.25096077,0.0,0.0,0.0,0.0,0.0,0.0,0.0,0.0,0.0,0.0,0.0,0.0,0.0,0.0
ECI1,0.0,0.0,0.0,0.0,0.10176562,0.0,0.0,0.2775542,0.0,0.0,0.0,0.0,0.0,0.0,0.0,0.0,0.0,0.0,0.0,0.0,0.0,0.0,0.0,0.0,0.43104085,0.0,0.0,0.0,0.0,0.0,0.0,0.0,0.0,0.0,0.0,0.0,0.0,0.0,0.0,0.0,0.0,0.0
RNPS1,0.74891436,0.0,0.0,0.8993015,1.1407194,0.52941227,0.75630534,1.2530309,0.0,1.1087569,1.105459,0.0,0.44090223,0.0,0.9916867,0.0,0.5499856,0.0,0.86903113,0.9633085,0.93225807,0.0,0.575186,0.17477192,0.7941987,0.0,0.0,0.9095806,0.49395606,0.0,0.77290285,0.79896784,0.0,0.92435765,0.8763564,0.77418506,0.8169492,0.7808338,0.0,0.0,1.0800302,0.8443212
CCNF,0.0,0.0,0.0,0.0,0.0,0.0,0.0,0.0,0.0,0.21446666,0.0,0.0,0.0,0.0,0.0,0.0,0.0,0.0,0.0,0.0,0.0,0.0,0.0,0.0,0.0,0.0,0.0,0.0,0.0,0.0,0.0,0.0,0.0,0.0,0.0,0.0,0.0,0.0,0.0,0.0,0.0,0.0
ATP6V0C,1.3092604,2.6478302,2.0409312,1.8754251,0.9689215,1.1561577,1.3960862,0.9937332,2.064324,1.2286937,1.0716889,2.2359424,2.097768,1.0809301,1.449307,1.6747684,1.194773,1.1089516,1.1190281,1.1385872,1.2556279,1.3350894,2.2695413,0.67078483,0.95597935,1.2846699,1.2824671,1.1962833,1.2063491,0.0,0.9445227,1.0784914,0.8723655,1.1366794,0.96677876,0.98754585,0.93917686,1.0667263,1.1042438,1.1254485,1.0725102,1.7257619
AMDHD2,0.0,0.0,0.0,0.0,0.0,0.0,0.0,0.0,0.0,0.0,0.0,0.0,0.44090223,0.0,0.0,0.0,0.0,0.0,0.0,0.0,0.0,0.0,0.0,0.0,0.0,0.0,0.0,0.0,0.0,0.0,0.0,0.0,0.0,0.0,0.0,0.0,0.0,0.0,0.0,0.0,0.0,0.0
PDPK1,0.0,0.0,0.0,0.0,0.0,0.37967432,0.0,0.0,0.0,0.0,0.0,0.0,0.0,0.0,0.0,0.0,0.0,0.0,0.0,0.0,0.0,0.0,0.0,0.0,0.0,0.0,0.0,0.0,0.0,0.0,0.0,0.0,0.0,0.0,0.0,0.0,0.0,0.0,0.0,0.0,0.0,0.0
KCTD5,0.0,0.0,0.0,0.0,0.0,0.0,0.0,0.0,0.0,0.0,0.0,0.0,0.97920024,0.0,0.0,0.0,0.0,0.0,0.0,0.0,0.0,0.0,0.0,0.0,0.0,0.0,0.0,0.0,0.0,0.0,0.0,0.0,0.0,0.0,0.0,0.0,0.0,0.0,0.0,0.0,0.0,0.39217958
SRRM2,1.5056154,0.0,1.2678156,1.3484735,1.5835705,1.0551162,1.411137,1.1155102,0.0,1.2517138,1.8926036,1.5155432,0.7458428,1.5546507,1.9351028,0.9339892,1.4277489,0.0,1.6115752,1.6504257,1.8089077,1.6308987,1.3627826,0.8384072,1.2827809,1.6285977,1.2286537,1.3076048,1.3468605,2.0580392,1.4238508,1.5636199,1.4547782,1.6813009,1.4027357,1.4164834,1.3939555,1.5105463,1.5791018,1.4732987,1.4201515,1.7570552
ELOB,0.9906212,1.6155457,1.6187136,1.6032007,1.5303096,1.2060863,1.1996155,1.7427602,1.7643113,1.6106098,1.2351879,1.6025404,1.5203841,1.126293,1.1810663,1.4977506,0.99392474,1.543351,0.98051685,1.3741189,1.3038118,0.0,1.7493081,0.9475379,1.6190223,1.1516259,0.0,1.3885114,1.1057075,0.0,1.0470076,1.4282353,1.0647304,1.3814087,0.96096003,0.94003916,1.0227904,1.1706846,1.2837865,1.1442078,1.0800302,1.1381418
PKMYT1,0.0,0.0,0.0,0.0,0.0,0.0,0.0,0.29081607,0.0,0.42880017,0.0,0.0,0.0,0.0,0.0,0.0,0.0,0.0,0.0,0.0,0.0,0.0,0.0,0.0,0.14780025,0.0,0.0,0.0,0.0,0.0,0.0,0.0,0.0,0.0,0.0,0.0,0.0,0.0,0.0,0.0,0.0,0.0
HCFC1R1,0.0,0.0,0.0,0.0,0.0,0.0,0.3358107,0.27202302,0.0,0.0,0.0,0.0,0.0,0.0,0.0,0.0,0.0,0.0,0.0,0.0,0.0,0.0,0.0,0.0,0.0,0.0,0.0,0.0,0.0,0.0,0.0,0.0,0.0,0.0,0.0,0.0,0.0,0.0,0.0,0.0,0.0,0.0
THOC6,0.0,0.0,0.0,0.0,0.0,0.0,0.0,0.40724805,0.0,0.0,0.0,0.0,0.0,0.0,0.0,0.0,0.0,0.0,0.0,0.0,0.0,0.0,0.0,0.0,0.08575259,0.0,0.0,0.0,0.0,0.0,0.0,0.0,0.0,0.0,0.0,0.0,0.0,0.0,0.0,0.0,0.0,0.0
IL32,0.0,0.0,0.0,0.0,0.0,0.0,0.0,0.0,0.0,0.0,0.0,0.0,0.0,2.6631196,0.0,0.0,0.0,0.0,0.0,0.0,0.0,0.0,0.0,0.0,0.0,0.0,0.0,0.0,0.0,0.0,2.5503786,2.7885046,2.0967236,2.728385,1.5390134,2.071048,1.9334992,2.9833424,2.812214,2.7415783,2.652415,0.0
TRAP1,0.0,0.0,0.0,0.0,0.0,0.0,0.0,0.9195581,0.0,0.0,0.0,0.0,0.0,0.0,0.0,0.0,0.0,0.0,0.0,0.0,0.0,0.0,0.0,0.0,0.30889946,0.0,0.0,0.0,0.0,0.0,0.0,0.0,0.0,0.0,0.0,0.0,0.0,0.0,0.0,0.0,0.0,0.0
CREBBP,0.0,0.0,0.0,0.0,0.0,0.0,0.0,0.0,0.0,0.0,0.0,0.4963503,0.0,0.0,0.77814996,0.0,0.0,0.0,0.0,0.0,0.0,0.0,0.0,0.0,0.0,0.0,0.0,0.0,0.0,0.0,0.0,0.0,0.0,0.0,0.0,0.0,0.0,0.0,0.0,0.0,0.0,0.0
PAM16,0.0,0.0,0.0,0.0,0.0,0.0,0.0,0.50859565,0.0,0.0,0.0,0.0,0.0,0.0,0.0,0.0,0.0,0.0,0.0,0.0,0.0,0.0,0.0,0.0,0.29749107,0.0,0.0,0.0,0.0,0.0,0.0,0.0,0.0,0.0,0.0,0.0,0.0,0.0,0.0,0.0,0.0,0.0
CORO7,0.0,0.0,0.0,0.0,0.0,0.48802102,0.0,0.0,0.0,0.0,0.0,0.0,0.0,0.0,0.0,0.0,0.0,0.0,0.0,0.0,0.0,0.0,0.0,0.0,0.17029929,0.0,0.0,0.0,0.0,0.0,0.0,0.0,0.0,0.0,0.0,0.0,0.0,0.0,0.0,0.0,0.0,0.0
DNAJA3,0.0,0.0,0.0,0.0,0.0,0.0,0.0,0.24261232,0.0,0.0,0.0,0.0,0.0,0.0,0.0,0.0,0.0,0.0,0.0,0.0,0.0,0.0,0.0,0.0,0.13528542,0.0,0.0,0.0,0.0,0.0,0.0,0.0,0.0,0.0,0.0,0.0,0.0,0.0,0.0,0.0,0.0,0.0
NMRAL1,0.0,0.0,0.0,0.0,0.0,0.0,0.0,0.15594275,0.0,0.0,0.0,0.0,0.0,0.0,0.0,0.0,0.0,0.0,0.0,0.0,0.0,0.0,0.0,0.0,0.0,0.0,0.0,0.0,0.0,0.0,0.0,0.0,0.0,0.0,0.0,0.0,0.0,0.0,0.0,0.0,0.0,0.0
HMOX2,0.0,0.0,0.0,0.0,0.551365,0.0,0.0,0.0,0.0,0.0,0.0,0.0,0.0,0.0,0.0,0.0,0.0,0.0,0.0,0.0,0.0,0.0,0.0,0.0,0.23085202,0.0,0.0,0.0,0.0,0.0,0.0,0.0,0.0,0.0,0.0,0.0,0.0,0.0,0.0,0.0,0.0,0.0
CDIP1,0.0,0.0,0.0,0.0,0.0,0.0,0.0,0.0,0.0,0.0,0.0,0.0,0.0,0.0,0.0,0.0,0.0,0.40086484,0.0,0.0,0.0,0.0,0.0,0.0,0.0,0.0,0.0,0.0,0.0,0.0,0.0,0.0,0.0,0.0,0.0,0.0,0.0,0.0,0.0,0.0,0.0,0.0
NUDT16L1,0.0,0.0,0.0,0.0,0.0,0.0,0.0,0.13309887,0.0,0.0,0.0,0.0,0.0,0.0,0.0,0.0,0.0,0.0,0.0,0.0,0.0,0.0,0.0,0.0,0.12957723,0.0,0.0,0.0,0.0,0.0,0.0,0.0,0.0,0.0,0.0,0.0,0.0,0.0,0.0,0.0,0.0,0.0
ROGDI,0.0,0.0,0.0,0.0,0.0,0.41057968,0.0,0.38409084,0.0,0.0,0.0,0.0,0.0,0.0,0.0,0.0,0.0,0.0,0.0,0.0,0.0,0.0,0.0,0.0,0.0,0.0,0.0,0.0,0.0,0.0,0.0,0.0,0.0,0.0,0.0,0.0,0.0,0.0,0.0,0.0,0.0,0.0
GLYR1,0.0,0.0,0.0,0.0,0.0,0.0,0.0,0.24087992,0.0,0.36239028,0.0,0.0,0.0,0.0,0.0,0.0,0.0,0.0,0.0,0.0,0.0,0.0,0.0,0.0,0.16684455,0.0,0.0,0.0,0.0,0.0,0.0,0.0,0.0,0.0,0.0,0.0,0.0,0.0,0.0,0.0,0.0,0.0
UBN1,0.0,0.0,0.0,0.0,0.6114119,0.0,0.36097383,0.310349,0.0,0.44826725,0.0,0.0,0.0,0.0,0.0,0.0,0.0,0.0,0.0,0.0,0.0,0.0,0.0,0.0,0.20240685,0.0,0.0,0.0,0.0,0.0,0.0,0.0,0.0,0.0,0.0,0.0,0.0,0.0,0.0,0.0,0.0,0.0
PMM2,0.0,0.0,0.0,0.0,0.0,0.0,0.0,0.0,0.0,0.0,0.0,0.0,0.0,0.0,0.0,0.0,0.0,0.0,0.0,0.0,0.0,0.0,0.0,0.0,0.18766053,0.0,0.0,0.0,0.0,0.0,0.0,0.0,0.0,0.0,0.0,0.0,0.0,0.0,0.0,0.0,0.0,0.0
CARHSP1,0.0,0.0,0.0,0.5578095,1.4393053,0.0,0.0,0.41819102,0.0,0.5734832,0.0,0.0,0.0,0.0,0.0,0.0,0.0,0.0,0.0,0.0,0.0,0.0,0.0,0.0,0.60150087,0.0,0.0,0.0,0.0,0.0,0.0,0.0,0.0,0.0,0.0,0.0,0.0,0.0,0.0,0.0,0.0,0.0
USP7,0.0,0.0,0.0,0.5334871,0.0,0.0,0.3988271,0.0,0.0,0.0,0.0,0.0,0.0,0.0,0.0,0.0,0.0,0.0,0.0,0.0,0.0,0.0,0.0,0.0,0.3289506,0.0,0.0,0.2362566,0.0,0.0,0.0,0.0,0.0,0.0,0.0,0.0,0.0,0.0,0.0,0.0,0.0,0.19166385
ATF7IP2,0.0,0.0,0.0,0.0,0.0,0.0,0.0,0.0,0.0,0.57238364,0.0,0.0,0.0,0.0,0.0,0.0,0.0,0.0,0.0,0.0,0.0,0.0,0.0,0.0,0.17043604,0.0,0.0,0.0,0.0,0.0,0.0,0.0,0.0,0.0,0.0,0.0,0.0,0.0,0.0,0.0,0.0,0.0
NUBP1,0.0,0.0,0.0,0.0,0.0,0.0,0.38839248,0.0,0.0,0.23380059,0.0,0.0,0.0,0.0,0.0,0.0,0.0,0.0,0.0,0.0,0.0,0.0,0.0,0.0,0.12226113,0.0,0.0,0.0,0.0,0.0,0.0,0.0,0.0,0.0,0.0,0.0,0.0,0.0,0.0,0.0,0.0,0.0
CIITA,0.8112776,0.0,0.0,0.0,0.0,0.53241324,0.885347,0.0,0.0,0.18155362,0.0,0.0,0.0,0.0,1.0902166,0.0,0.0,0.0,0.0,0.0,0.0,0.0,0.0,0.0,0.0,0.0,1.0910696,0.0,0.0,0.0,0.0,0.0,0.0,0.0,0.0,0.0,0.0,0.0,0.0,0.0,0.0,0.522068
DEXI,0.0,0.0,0.0,0.0,0.0,0.0,0.0,0.21649836,0.0,0.0,0.0,0.0,0.0,0.0,0.0,0.0,0.0,0.0,0.0,0.0,0.0,0.0,0.0,0.0,0.0,0.0,0.0,0.0,0.0,0.0,0.0,0.0,0.0,0.0,0.0,0.0,0.0,0.0,0.0,0.0,0.0,0.0
SOCS1,0.0,0.0,0.0,0.0,0.0,0.0,0.0,0.0,0.0,0.21446666,0.0,0.0,0.0,0.0,0.0,0.0,0.0,0.0,0.0,0.0,0.0,0.0,0.0,0.0,0.0,0.0,0.0,0.0,0.0,0.0,0.8401246,0.0,1.0308424,0.0,0.87902486,0.0,0.0,0.0,0.0,0.0,1.0362092,0.0
LITAF,1.2155925,0.90542024,1.0539732,0.8038605,1.4095023,0.88654757,1.485208,0.0,0.0,0.527826,0.0,1.1382626,1.4347595,1.1959825,1.4796834,0.9712438,0.559886,0.0,0.68842685,1.8719256,1.5102723,0.0,1.2919469,0.16702053,0.3117829,0.0,0.0,0.19579916,0.863107,0.0,0.9079722,1.730905,0.0,1.8029578,1.0293945,0.8966465,1.2227036,0.9817678,1.4636505,0.94596577,0.0,0.72519577
SNN,0.0,0.0,0.0,0.0,0.0,0.0,0.0,0.0,0.0,0.0,0.0,0.0,0.0,0.0,0.9916867,0.0,0.0,0.0,0.0,0.0,0.0,0.0,0.0,0.0,0.0,0.0,0.0,0.0,0.0,0.0,0.0,0.0,0.0,0.0,0.0,0.0,0.0,0.0,0.0,0.0,0.0,0.0
TXNDC11,0.0,0.0,0.0,0.0,0.0,0.0,0.0,0.0,0.0,0.0,0.0,0.0,0.0,0.0,0.0,0.0,0.0,0.0,0.0,0.0,0.0,0.0,0.0,1.062784,0.95999753,0.0,0.0,0.0,0.0,0.0,0.0,0.0,0.0,0.0,0.0,0.0,0.0,0.0,0.0,0.0,0.0,0.0
ZC3H7A,0.0,0.0,0.0,0.0,0.0,0.0,0.0,0.0,0.0,0.23380059,0.0,0.0,0.0,0.0,0.0,0.0,0.0,0.0,0.0,0.0,0.0,0.0,0.0,0.0,0.17694849,0.0,0.0,0.0,0.0,0.0,0.0,0.0,0.0,0.0,0.0,0.0,0.0,0.0,0.0,0.0,0.0,0.0
RSL1D1,0.6126078,0.0,0.0,0.5896556,0.46854532,0.7475655,1.0131052,1.1961972,0.0,0.7697774,0.94255817,0.6449004,1.3831153,0.96406066,0.9916867,0.0,0.0,0.0,0.90916735,0.0,0.0,0.0,0.7253597,0.22381054,0.75031894,0.0,0.0,1.0651351,0.3942191,0.0,0.961858,0.0,0.0,0.0,1.0862991,0.97580504,1.002698,0.89314216,0.0,0.76612365,0.0,1.0192144
GSPT1,0.0,0.0,0.0,0.0,0.0,0.41900888,0.27371624,1.0177704,0.0,0.0,0.0,0.0,0.44090223,0.0,0.0,0.0,0.0,0.0,0.0,0.0,0.0,0.0,0.0,0.0,0.8529539,0.0,0.0,0.49057955,0.0,0.0,0.0,0.0,0.0,0.0,0.0,0.0,0.0,0.0,0.0,0.0,0.0,0.0
TNFRSF17,0.0,0.0,0.0,0.0,0.0,0.0,0.0,0.0,0.0,0.0,0.0,0.0,0.0,0.0,0.0,0.0,0.0,0.0,0.0,0.0,0.0,0.0,0.0,0.58010465,1.0931358,0.0,0.0,0.0,0.0,0.0,0.0,0.0,0.0,0.0,0.0,0.0,0.0,0.0,0.0,0.0,0.0,0.0
CPPED1,0.0,0.0,0.0,0.0,0.0,0.0,0.53033197,0.0,0.0,0.0,0.0,0.4254868,0.0,0.0,0.0,0.0,0.0,0.0,0.0,0.0,0.0,0.0,0.6782621,0.0,0.0,0.0,0.0,0.0,0.0,0.0,0.0,0.0,0.0,0.0,0.0,0.0,0.0,0.0,0.0,0.0,0.0,0.0
BFAR,0.0,0.0,0.0,0.0,0.0,0.0,0.32453808,0.19677243,0.0,0.21446666,0.0,0.0,0.0,0.0,0.0,0.0,0.0,0.0,0.0,0.0,0.0,0.0,0.0,0.0,0.17393991,0.0,0.0,0.0,0.0,0.0,0.0,0.0,0.0,0.0,0.0,0.0,0.0,0.0,0.0,0.0,0.0,0.0
PDXDC1,0.0,0.0,0.0,0.0,0.0,0.0,0.0,0.19094911,0.0,0.0,0.0,0.0,0.0,0.0,0.0,0.0,0.0,0.0,0.0,0.0,0.0,0.0,0.0,0.17308275,0.17849067,0.0,0.0,0.0,0.0,0.0,0.0,0.0,0.0,0.0,0.0,0.0,0.0,0.0,0.0,0.0,0.0,0.0
NTAN1,0.0,0.0,0.0,0.0,0.0,0.0,0.0,0.0,0.0,0.18155362,0.0,0.0,0.0,0.0,0.0,0.0,0.0,0.0,0.0,0.0,0.0,0.0,0.0,0.0,0.2261846,0.0,0.0,0.0,0.0,0.0,0.0,0.0,0.0,0.0,0.0,0.0,0.0,0.0,0.0,0.0,0.0,0.0
MARF1,0.0,0.0,0.0,0.0,0.0,0.0,0.0,0.0,0.0,0.21446666,0.0,0.0,0.0,0.0,0.0,0.0,0.0,0.0,0.0,0.0,0.0,0.0,0.0,0.0,0.0,0.0,0.0,0.0,0.0,0.0,0.0,0.0,0.0,0.0,0.0,0.0,0.0,0.0,0.0,0.0,0.0,0.0
NDE1,0.0,0.0,0.0,0.0,0.0,0.0,0.0,0.0,0.0,0.23380059,0.0,0.0,0.0,0.0,0.0,0.0,0.0,0.0,0.0,0.0,0.0,0.0,0.0,0.0,0.0,0.0,0.0,0.0,0.0,0.0,0.0,0.0,0.0,0.0,0.0,0.0,0.0,0.0,0.0,0.0,0.0,0.0
CEP20,0.0,0.0,0.0,0.0,0.0,0.0,0.0,0.2773953,0.0,0.0,0.0,0.0,0.0,0.0,0.0,0.0,0.0,0.0,0.0,0.0,0.0,0.0,0.0,0.0,0.0,0.0,0.0,0.0,0.0,0.0,0.0,0.0,0.0,0.0,0.0,0.0,0.0,0.0,0.0,0.0,0.0,0.0
RPS15A,3.926797,3.0145464,2.997572,2.9866195,3.221075,3.7791328,3.5350595,3.923034,2.9449005,3.4831204,3.8237624,3.1473403,3.4314637,3.9283307,3.6733441,3.728518,3.189155,2.76304,4.048983,3.4403725,3.8762875,3.8342829,3.2630615,2.4555693,3.2974555,3.4116485,3.9934735,3.718775,3.7391589,2.023663,4.2332516,3.8655386,4.129654,3.827819,4.334758,4.172662,4.251207,4.0185914,3.9412084,3.8996327,4.0042977,3.6514876
ARL6IP1,0.84913063,0.8459288,0.49563468,1.018561,1.5729163,0.66842306,0.6940484,1.0221066,0.0,1.228562,0.5784484,1.0928676,1.4048783,0.0,0.77814996,0.0,0.0,0.0,0.7828366,0.9856463,0.8318683,0.0,0.57807356,0.0,0.41081917,0.0,0.76748186,0.80122864,0.9038243,0.0,0.7236324,1.0275476,0.0,1.0670407,0.0,0.0,0.0,0.592772,1.0301468,0.0,0.0,1.0767747
SMG1,0.51613474,0.0,0.0,0.4981011,0.64206594,0.41057968,0.5106391,0.1302975,0.0,0.4532262,0.72809076,0.0,0.97920024,0.0,0.0,0.0,0.0,0.0,0.0,0.0,0.0,0.0,0.0,0.0,0.31360656,1.2797447,0.0,0.37647116,0.0,0.0,0.0,0.0,0.0,0.0,0.0,0.0,0.0,0.0,0.0,0.0,0.0,0.5926568
ACSM3,0.0,0.0,0.0,0.0,0.0,0.0,0.0,0.0,0.0,0.0,0.0,0.0,0.0,0.0,0.0,0.0,0.0,0.0,0.0,0.0,0.0,0.0,0.0,0.0,0.0,1.9343519,0.0,0.0,0.0,0.0,0.0,0.0,0.0,0.0,0.0,0.0,0.0,0.0,0.0,0.0,0.0,0.0
THUMPD1,0.0,0.0,0.0,0.0,0.5755279,0.0,0.0,0.14439867,0.0,0.18083665,0.0,0.0,0.0,0.0,0.0,0.0,0.0,0.0,0.0,0.0,0.0,0.0,0.0,0.0,0.0,0.0,0.0,0.061346095,0.0,0.0,0.0,0.0,0.0,0.0,0.0,0.0,0.0,0.0,0.0,0.0,0.0,0.0
LYRM1,0.0,0.0,0.0,0.0,0.0,0.0,0.0,0.0,0.0,0.36239028,0.0,0.0,0.0,0.0,0.0,0.0,0.0,0.0,0.0,0.0,0.0,0.0,0.0,0.0,0.0,0.0,0.0,0.0,0.0,0.0,0.0,0.0,0.0,0.0,0.0,0.0,0.0,0.0,0.0,0.0,0.0,0.0
LDAF1,0.0,0.0,0.0,0.0,0.0,0.0,0.0,0.0,0.0,0.18083665,0.0,0.0,0.0,0.0,0.0,0.0,0.0,0.0,0.0,0.0,0.0,0.0,0.0,0.0,0.0,0.0,0.0,0.0,0.0,0.0,0.0,0.0,0.0,0.0,0.0,0.0,0.0,0.0,0.0,0.0,0.0,0.0
METTL9,0.0,0.0,1.3323362,1.2192216,0.58826715,0.3431283,0.49061,0.7081409,0.0,0.25902426,0.67302287,0.64906085,0.0,0.0,0.0,0.0,0.66243327,0.0,0.0,0.0,0.0,0.0,0.0,0.22176713,0.3117829,0.0,0.0,0.5464407,0.0,0.0,0.0,0.0,0.0,0.0,0.0,0.0,0.0,0.0,0.0,0.0,0.0,0.0
IGSF6,0.0,0.0,0.7811548,0.49434087,0.0,0.0,0.7368693,0.0,1.8304263,0.0,0.0,0.6602513,0.0,0.0,0.0,0.0,0.0,0.0,0.0,0.0,0.0,0.0,0.963977,0.0,0.0,0.0,0.0,0.0,0.0,0.0,0.0,0.0,0.0,0.0,0.0,0.0,0.0,0.0,0.0,0.0,0.0,0.0
UQCRC2,0.0,0.0,0.0,0.42988956,0.62984276,0.50513124,0.6651936,0.87660193,0.0,0.7565536,0.59476876,0.5046885,0.0,0.0,0.0,0.0,0.0,0.0,0.0,0.0,0.0,0.0,0.5703952,0.0,0.6472834,0.0,0.0,0.65403,0.0,0.0,0.0,0.0,0.0,0.0,0.0,0.0,0.0,0.0,0.0,0.0,0.0,0.6330109
GGA2,0.8401995,0.0,0.0,0.0,0.0,0.0,0.0,0.12111509,0.0,0.21446666,0.0,0.0,0.0,0.0,0.6868571,0.0,0.0,0.0,0.0,0.0,0.0,0.0,0.0,0.0,0.20406052,0.0,0.0,0.0,0.0,0.0,0.0,0.0,0.0,0.0,0.0,0.0,0.0,0.0,0.0,0.0,0.0,0.66545224
NDUFAB1,0.0,0.0,0.0,0.7456409,0.7167021,0.54746395,0.78409743,1.3725934,0.0,0.4195962,0.0,0.0,0.5578004,0.0,0.0,0.0,0.0,0.0,0.0,0.0,0.0,0.0,0.54415476,0.41517442,1.1368109,0.0,0.0,0.8398161,0.0,0.0,0.0,0.0,0.0,0.0,0.0,0.0,0.0,0.0,0.0,0.0,0.0,0.6893195
PRKCB,0.99629664,0.0,0.8954499,0.81323373,0.74112904,0.37093928,0.69831187,0.0,0.0,0.98358387,0.0,0.0,0.0,0.0,1.3768444,0.0,0.14267562,0.0,1.1667485,0.0,0.0,1.1809098,0.7072313,0.0,0.31577328,1.1516259,0.9506155,0.20814872,0.6223186,0.0,0.0,1.0082482,0.0,0.0,0.0,0.0,0.0,0.0,0.0,0.0,0.0,1.4515607
RBBP6,0.8779965,0.0,0.0,0.57350564,0.6892773,0.59331524,0.6596643,0.35416436,0.0,0.52892566,0.9341768,0.5950968,0.44090223,0.0,0.7355936,0.0,0.0,0.0,0.0,0.0,0.81850886,1.0538971,0.0,0.32645133,0.5475869,1.335705,1.5184323,0.571458,0.5779382,0.0,0.0,0.0,0.0,0.71754575,0.0,0.0,0.6965646,0.60681844,0.0,0.0,0.0,0.7556617
TNRC6A,0.0,0.0,0.0,0.0,0.0,0.0,0.0,0.0,0.0,0.0,0.0,0.0,0.0,0.0,0.8421502,0.0,0.0,0.0,0.0,0.0,0.0,0.0,0.0,0.0,0.17104095,0.0,0.0,0.0,0.0,0.0,0.0,0.0,0.0,0.0,0.0,0.0,0.0,0.0,0.0,0.0,0.0,0.0
ARHGAP17,0.0,0.0,0.0,0.0,0.0,0.47506863,0.0,0.0,0.0,0.0,0.0,0.0,0.0,0.0,0.0,0.0,0.0,0.0,0.0,0.0,0.0,0.0,0.0,0.0,0.0,0.0,0.0,0.0,0.0,0.0,0.0,0.0,0.0,0.0,0.0,0.0,0.0,0.0,0.0,0.0,0.0,0.0
LCMT1,0.0,0.0,0.0,0.0,0.0,0.329874,0.0,0.0,0.0,0.18083665,0.0,0.0,0.0,0.0,0.0,0.0,0.0,0.0,0.0,0.0,0.0,0.0,0.0,0.0,0.0,0.0,0.0,0.0,0.0,0.0,0.0,0.0,0.0,0.0,0.0,0.0,0.0,0.0,0.0,0.0,0.0,0.0
NSMCE1,0.0,0.0,0.0,0.0,0.0,0.0,0.3762196,0.2293312,0.0,0.0,0.0,0.0,0.0,0.0,0.0,0.0,0.0,0.0,0.0,0.0,0.0,0.0,0.0,0.0,0.0,1.0549465,0.0,0.32068557,0.0,0.0,0.0,0.0,0.0,0.0,0.0,0.0,0.0,0.0,0.0,0.0,0.0,0.5224696
IL4R,0.0,0.0,0.0,0.0,0.0,0.0,0.0,0.0,0.0,0.0,0.0,0.0,0.0,0.0,0.0,0.0,0.0,0.0,0.0,0.0,0.0,1.086364,0.0,0.0,0.0,0.0,0.0,0.0,0.0,0.0,0.0,0.0,0.0,0.0,0.0,0.0,0.0,0.0,0.0,0.0,0.0,0.0
GTF3C1,0.0,0.0,0.0,0.0,0.19993967,0.0,0.0,0.0,0.0,0.3960203,0.0,0.0,0.0,0.0,0.0,0.0,0.0,0.0,0.0,0.0,0.0,0.0,0.0,0.0,0.0,0.0,0.0,0.0,0.0,0.0,0.0,0.0,0.0,0.0,0.0,0.0,0.0,0.0,0.0,0.0,0.0,0.0
CLN3,0.0,0.0,0.0,0.0,0.0,0.0,0.3606974,0.0,0.0,0.18155362,0.0,0.0,0.0,0.0,0.0,0.0,0.0,0.0,0.0,0.0,0.0,0.0,0.0,0.0,0.0,0.0,0.0,0.0,0.0,0.0,0.0,0.0,0.0,0.0,0.0,0.0,0.0,0.0,0.0,0.0,0.0,0.0
APOBR,0.0,0.0,0.0,0.0,0.0,0.38905048,0.37851083,0.0,0.0,0.0,0.0,0.0,0.0,0.0,0.0,0.0,0.0,0.0,0.0,0.0,0.0,0.0,0.0,0.0,0.0,0.0,0.0,0.0,0.0,0.0,0.0,0.0,0.0,0.0,0.0,0.0,0.0,0.0,0.0,0.0,0.0,0.0
ATXN2L,0.0,0.0,0.0,0.21641284,0.6219281,0.41057968,0.42475292,0.4287746,0.0,0.65150476,0.0,0.47305363,0.0,0.0,0.0,0.0,0.0,0.0,0.0,0.0,0.0,0.0,0.0,0.0,0.31577328,0.0,0.0,0.23470092,0.0,0.0,0.0,0.0,0.0,0.0,0.0,0.0,0.0,0.0,0.0,0.0,0.0,0.31952292
TUFM,0.79675174,0.0,0.3775513,0.8896253,0.8965647,0.9418417,1.0089306,1.4944524,0.0,0.65150476,0.0,0.64906085,0.0,0.0,0.7355936,0.0,0.0,0.0,0.0,0.0,0.0,0.0,0.6714349,0.6012152,1.3154868,0.0,0.935398,1.1562836,0.0,0.0,0.7935536,0.0,0.0,0.0,0.76640105,0.0,0.0,0.0,0.0,0.0,0.0,0.8790773
RABEP2,0.0,0.0,0.0,0.0,0.0,0.0,0.0,0.0,0.0,0.18083665,0.0,0.0,0.0,0.0,0.0,0.0,0.0,0.0,0.0,0.0,0.0,0.0,0.0,0.0,0.0,0.0,0.0,0.0,0.0,0.0,0.0,0.0,0.0,0.0,0.0,0.0,0.0,0.0,0.0,0.0,0.0,0.0
CD19,0.92434573,0.0,0.0,0.0,0.0,0.0,0.0,0.0,0.0,0.41801506,0.0,0.0,0.0,0.0,0.0,0.0,0.0,0.0,0.0,0.0,0.0,0.0,0.0,0.0,0.0,1.4819363,0.0,0.0,0.0,0.0,0.0,0.0,0.0,0.0,0.0,0.0,0.0,0.0,0.0,0.0,0.0,0.0
NFATC2IP,0.0,0.0,0.0,0.39970273,0.64541745,0.0,0.0,0.16892378,0.0,0.47256014,0.0,0.0,0.0,0.0,0.0,0.0,0.0,0.0,0.0,0.0,0.0,0.0,0.0,0.0,0.28544554,0.0,0.0,0.19427276,0.0,0.0,0.0,0.0,0.0,0.0,0.0,0.0,0.0,0.0,0.0,0.0,0.0,0.5162507
SPNS1,0.0,0.0,0.0,0.0,0.0,0.64742905,0.36318722,0.21364279,0.0,0.0,0.0,0.4254868,0.0,0.0,0.0,0.0,0.0,0.6918863,0.0,0.0,0.0,0.0,0.0,0.0,0.0,0.0,0.0,0.0,0.0,0.0,0.0,0.0,0.0,0.0,0.0,0.0,0.0,0.0,0.0,0.0,0.0,0.0
LAT,0.0,0.0,0.0,0.0,0.7222951,0.0,0.0,0.0,0.0,0.0,0.0,0.0,0.0,0.0,0.0,0.0,0.0,1.5193638,0.0,0.0,0.0,0.0,0.0,0.0,0.0,0.0,0.0,0.0,0.0,0.0,0.83058727,0.0,0.9345522,0.0,0.8862541,0.9118978,0.71075046,1.0237037,0.0,0.7684728,0.0,0.0
BOLA2,0.0,0.0,0.0,0.0,0.0,0.0,0.0,0.0,0.0,0.0,0.0,0.0,0.0,0.0,0.0,0.0,0.0,0.0,0.0,0.0,0.0,0.0,0.0,0.0,0.18766053,0.0,0.0,0.0,0.0,0.0,0.0,0.0,0.0,0.0,0.0,0.0,0.0,0.0,0.0,0.0,0.0,0.0
SPN,0.0,0.0,0.0,0.7348734,0.977293,0.38905048,0.53160185,0.8057569,0.0,0.3953033,0.0,0.0,0.44090223,0.0,0.0,0.0,0.0,0.0,0.0,0.0,0.0,0.0,0.87465966,0.0,0.0,0.0,0.0,1.2460676,0.0,0.0,0.0,0.0,0.0,0.0,0.0,0.0,0.0,0.0,0.0,0.0,0.0,0.40808198
QPRT,0.0,0.0,0.0,0.0,0.0,0.0,0.0,0.0,0.0,0.0,0.0,0.0,0.0,0.0,0.0,0.0,0.0,0.0,0.0,0.0,0.0,0.0,0.0,0.14519256,0.0,0.0,0.0,0.0,0.0,0.0,0.0,0.0,0.0,0.0,0.0,0.0,0.0,0.0,0.0,0.0,0.0,0.0
C16orf54,0.0,0.0,0.0,0.0,0.0,0.0,0.0,0.0,0.0,0.0,0.5784484,0.0,0.0,0.0,0.0,0.0,0.0,0.0,0.0,0.0,0.0,0.0,0.0,0.0,0.0,0.0,0.0,0.0,0.0,0.0,0.0,0.0,0.0,0.0,0.0,0.0,0.0,0.0,0.0,0.0,0.0,0.0
KIF22,0.0,0.0,0.0,0.8003317,1.024066,0.0,0.0,0.5779557,0.0,1.1468905,0.0,0.0,0.0,0.0,0.0,0.0,0.0,0.0,0.0,0.0,0.0,0.0,0.0,0.0,0.4455195,0.0,0.0,0.28372037,0.0,0.0,0.0,0.0,0.0,0.0,0.0,0.0,0.0,0.0,0.0,0.0,0.0,0.0
MAZ,0.0,0.0,0.0,0.8636512,1.337614,0.4165121,0.48666447,1.0309584,0.0,0.3924805,0.0,0.0,0.0,0.0,0.0,0.0,0.27135652,0.0,0.0,0.0,0.0,0.0,0.0,0.0,0.5933877,0.0,0.0,0.87265503,0.0,0.0,0.0,0.0,0.0,0.0,0.0,0.0,0.0,0.0,0.0,0.0,0.0,0.0
PAGR1,0.0,0.0,0.0,0.0,0.0,0.0,0.0,0.12337117,0.0,0.3960203,0.0,0.0,0.0,0.0,0.0,0.0,0.0,0.0,0.0,0.0,0.0,0.0,0.0,0.0,0.38135964,0.0,0.0,0.0,0.0,0.0,0.0,0.0,0.0,0.0,0.0,0.0,0.0,0.0,0.0,0.0,0.0,0.0
MVP,0.0,0.0,0.0,0.0,0.0,0.54746395,0.41995525,0.0,0.0,0.0,0.0,0.0,0.0,0.0,0.0,0.0,0.0,0.0,0.0,0.0,0.0,0.0,0.5071001,0.0,0.16683619,0.0,0.0,0.0,0.0,0.0,0.0,0.0,0.0,0.0,0.0,0.0,0.0,0.0,0.0,0.0,0.0,0.0
CDIPT,0.0,0.0,0.0,0.0,0.0,0.0,0.0,0.0,0.0,0.36239028,0.0,0.0,0.0,0.0,0.0,0.0,0.0,0.0,0.0,0.0,0.0,0.0,0.0,0.0,0.0,0.0,0.0,0.0,0.0,0.0,0.0,0.0,0.0,0.0,0.0,0.0,0.0,0.0,0.0,0.0,0.0,0.0
TMEM219,0.0,0.0,0.514736,0.651591,0.0,0.9697929,0.79421765,0.27185187,0.0,0.49282485,0.0,0.64906085,0.5578004,0.0,0.0,0.0,0.3912191,0.8146174,0.0,0.0,0.0,0.0,0.73448396,0.28415126,0.20380595,0.0,0.0,0.5921793,0.0,0.0,0.0,0.0,0.0,0.0,0.0,0.0,0.0,0.0,0.0,0.0,0.0,0.6815784
HIRIP3,0.0,0.0,0.0,0.0,0.65169775,0.0,0.0,0.0,0.0,0.0,0.0,0.0,0.0,0.0,0.0,0.0,0.0,0.0,0.0,0.0,0.0,0.0,0.0,0.0,0.18095525,0.0,0.0,0.0,0.0,0.0,0.0,0.0,0.0,0.0,0.0,0.0,0.0,0.0,0.0,0.0,0.0,0.0
INO80E,0.0,0.0,0.0,0.0,0.0,0.0,0.0,0.0,0.0,0.0,0.0,0.0,0.0,0.0,0.0,0.0,0.0,0.0,0.0,0.0,0.0,0.0,0.0,0.0,0.14813367,0.0,0.0,0.0,0.0,0.0,0.0,0.0,0.0,0.0,0.0,0.0,0.0,0.0,0.0,0.0,0.0,0.0
ALDOA,0.51613474,0.0,0.0,0.0,0.0,1.1772618,0.32453808,1.4160016,1.8929576,0.6770393,0.0,1.6568332,1.4048783,0.0,0.77814996,0.0,0.0,2.0041933,0.0,0.0,0.0,0.0,1.5654361,0.0,0.0,0.0,0.0,0.0,0.0,0.0,0.0,0.0,0.0,0.0,0.0,0.0,0.0,0.0,0.0,0.0,0.0,0.0
PPP4C,0.0,0.0,0.60878026,0.752547,0.9108536,0.48598903,0.831416,0.81969213,0.0,0.6770393,0.0,1.0337517,0.5578004,0.0,0.0,0.0,0.0,0.0,0.0,0.0,0.0,0.0,0.74321234,0.0,0.57067865,0.0,0.0,0.5239995,0.0,0.0,0.0,0.0,0.0,0.0,0.0,0.0,0.0,0.0,0.0,0.0,0.0,0.62848985
YPEL3,0.0,0.0,0.0,0.0,0.6718209,0.0,0.39810312,0.0,0.0,0.0,0.94255817,0.0,0.0,0.9650654,0.0,0.0,0.0,0.0,0.85301745,1.23441,1.1755402,1.0703647,0.0,0.20910497,0.0,1.4127371,1.7512681,0.0,0.19500414,0.0,0.784961,0.95384085,0.76878303,1.0109105,0.8317211,0.0,0.75555634,1.016559,1.0123014,0.6491481,0.0,0.5445609
MAPK3,0.0,0.0,0.0,0.0,0.0,0.0,0.0,0.0,0.0,0.0,0.0,0.0,0.0,0.0,0.7355936,0.0,0.0,0.0,0.0,0.0,0.0,0.0,0.0,0.0,0.0,0.0,0.0,0.0,0.0,0.0,0.0,0.0,0.0,0.0,0.0,0.0,0.0,0.0,0.0,0.0,0.0,0.0
CORO1A,1.8015484,0.80773175,1.7306024,1.8404015,2.5645814,1.5592558,2.2629623,0.0,0.0,2.0245645,1.1892662,1.2880964,0.0,1.6756306,1.3681959,1.7354594,0.89412624,0.0,1.6180005,1.9913083,2.004878,1.4554077,1.8834591,0.2558854,1.7381678,0.0,0.0,0.70798826,1.5678551,0.0,1.7498267,1.883222,1.6694818,1.7890563,1.7821714,1.7876065,1.7234898,2.1071403,1.8924174,1.7610762,1.8232756,2.097999
BOLA2B,0.0,0.0,0.0,0.0,0.0,0.0,0.0,0.0,0.0,0.41463724,0.0,0.0,0.0,0.0,0.0,0.0,0.0,0.0,0.0,0.0,0.0,0.0,0.0,0.0,0.0,0.0,0.0,0.0,0.0,0.0,0.0,0.0,0.0,0.0,0.0,0.0,0.0,0.0,0.0,0.0,0.0,0.0
CD2BP2,0.0,0.0,0.0,0.0,0.0,0.0,0.0,0.0,0.0,0.47349092,0.0,0.0,0.0,0.0,0.0,0.0,0.0,0.0,0.0,0.0,0.0,0.0,0.0,0.0,0.3215746,0.0,0.0,0.0,0.0,0.0,0.0,0.0,0.0,0.0,0.0,0.0,0.0,0.0,0.0,0.0,0.0,0.0
TBC1D10B,0.0,0.0,0.0,0.0,0.0,0.0,0.0,0.0,0.0,0.3953033,0.0,0.0,0.0,0.0,0.0,0.0,0.0,0.0,0.0,0.0,0.0,0.0,0.0,0.0,0.0,0.0,0.0,0.0,0.0,0.0,0.0,0.0,0.0,0.0,0.0,0.0,0.0,0.0,0.0,0.0,0.0,0.0
SEPTIN1,0.6721774,0.0,0.0,0.0,0.8480229,0.0,0.0,0.0,0.0,0.0,0.0,0.0,0.0,0.0,0.7355936,0.0,0.0,0.0,0.0,0.0,0.83912224,0.0,0.0,0.20910497,0.3376497,0.0,0.0,0.0,0.13517354,0.0,0.89579225,0.0,0.93183804,0.0,0.9440908,0.8992801,0.8835387,1.0069233,0.0,0.96245766,0.0,0.7466928
DCTPP1,0.0,0.0,0.0,0.0,0.0,0.40578204,0.0,0.6798957,0.0,0.21446666,0.0,0.0,0.0,0.0,0.0,0.0,0.0,0.0,0.0,0.0,0.0,0.0,0.0,0.0,0.30367142,0.0,0.0,0.41417664,0.0,0.0,0.0,0.0,0.0,0.0,0.0,0.0,0.0,0.0,0.0,0.0,0.0,0.0
SEPHS2,0.0,0.0,0.0,0.0,0.0,0.5137493,0.0,0.31189072,0.0,0.21446666,0.0,0.0,0.0,0.0,0.0,0.0,0.0,0.0,0.0,0.0,0.0,0.0,0.0,0.0,0.0,0.0,0.0,0.0,0.0,0.0,0.0,0.0,0.0,0.0,0.0,0.0,0.0,0.0,0.0,0.0,0.0,0.0
ITGAL,0.0,0.0,0.0,0.0,0.8242115,0.329874,0.0,0.0,0.0,0.0,0.0,0.0,0.0,0.0,0.0,0.0,0.0,0.0,0.0,1.0631769,0.53905785,0.0,0.6791715,0.0,0.12226113,0.0,0.0,0.0,0.0,0.0,0.0,0.98738664,0.0,0.0,0.0,0.0,0.0,0.0,0.0,0.0,0.0,0.0
PRR14,0.0,0.0,0.0,0.0,0.0,0.0,0.0,0.16894667,0.0,0.0,0.0,0.0,0.0,0.0,0.0,0.0,0.0,0.0,0.0,0.0,0.0,0.0,0.0,0.0,0.0,0.0,0.0,0.0,0.0,0.0,0.0,0.0,0.0,0.0,0.0,0.0,0.0,0.0,0.0,0.0,0.0,0.0
RNF40,0.0,0.0,0.0,0.0,0.0,0.0,0.0,0.2336039,0.0,0.0,0.0,0.0,0.0,0.0,0.0,0.0,0.0,0.0,0.0,0.0,0.0,0.0,0.0,0.0,0.0,0.0,0.0,0.0,0.0,0.0,0.0,0.0,0.0,0.0,0.0,0.0,0.0,0.0,0.0,0.0,0.0,0.0
BCL7C,0.0,0.0,0.0,0.0,0.7160064,0.0,0.34136593,0.2293312,0.0,0.0,0.0,0.0,0.44090223,0.0,0.0,0.0,0.0,0.0,0.0,0.0,0.0,0.0,0.0,0.0,0.0,0.0,0.0,0.3920979,0.0,0.0,0.0,0.0,0.0,0.0,0.0,0.0,0.0,0.0,0.0,0.0,0.0,0.0
ORAI3,0.0,0.0,0.0,0.0,0.0,0.0,0.3606974,0.0,0.0,0.0,0.0,0.0,0.0,0.0,0.0,0.0,0.0,0.0,0.0,0.0,0.0,0.0,0.0,0.0,0.0,0.0,0.0,0.0,0.0,0.0,0.0,0.0,0.0,0.0,0.0,0.0,0.0,0.0,0.0,0.0,0.0,0.0
STX4,0.0,0.0,0.0,0.0,0.0,0.0,0.30505306,0.0,0.0,0.0,0.0,0.0,0.7257168,0.0,0.0,0.0,0.0,0.0,0.0,0.0,0.0,0.0,0.0,0.0,0.0,0.0,0.0,0.0,0.0,0.0,0.0,0.0,0.0,0.0,0.0,0.0,0.0,0.0,0.0,0.0,0.0,0.0
VKORC1,0.0,0.0,0.0,0.0,0.0,0.37093928,0.40317827,0.49158195,0.0,0.0,0.0,0.0,0.7257168,0.0,0.0,0.0,0.0,0.0,0.0,0.0,0.0,0.0,0.0,0.49239695,0.41081917,0.0,0.0,0.49045667,0.0,0.0,0.0,0.0,0.0,0.0,0.0,0.0,0.0,0.0,0.0,0.0,0.0,0.0
BCKDK,0.0,0.0,0.0,0.0,0.0,0.0,0.3358107,0.0,0.0,0.0,0.0,0.4254868,0.44090223,0.0,0.0,0.0,0.0,0.0,0.0,0.0,0.0,0.0,0.0,0.0,0.23757933,0.0,0.0,0.0,0.0,0.0,0.0,0.0,0.0,0.0,0.0,0.0,0.0,0.0,0.0,0.0,0.0,0.0
KAT8,0.0,0.0,0.0,0.0,0.0,0.0,0.34136593,0.1708125,0.0,0.0,0.0,0.0,0.0,0.0,0.0,0.0,0.0,0.0,0.0,0.0,0.0,0.0,0.0,0.0,0.0,0.0,0.0,0.0,0.0,0.0,0.0,0.0,0.0,0.0,0.0,0.0,0.0,0.0,0.0,0.0,0.0,0.0
FUS,1.3762835,0.4832946,0.9503964,1.4272113,2.11022,1.099246,1.1819668,1.3802315,0.0,1.60327,1.4470241,1.0850972,1.4643317,1.6254687,1.3148127,1.2007238,1.3287454,0.0,1.4454973,1.8694474,1.9045416,1.3461295,1.0809004,0.3021643,0.9685212,1.4824924,1.3886238,1.5436432,1.7708035,1.9907624,1.5390846,1.6225253,1.7144705,1.7860534,1.6738682,1.1796293,1.4817823,1.6014856,1.6827258,1.4885197,1.6515319,1.784605
PYCARD,0.0,0.0,1.4779396,1.6384761,0.57127064,1.3328241,1.5038441,0.0,1.1245041,0.7058399,0.0,1.1521438,1.3272191,0.0,0.0,0.77453846,0.3444286,0.0,0.0,0.0,0.0,0.0,1.5884402,0.0,0.31600973,0.0,0.0,0.7435404,0.0,0.0,0.0,0.0,0.0,0.0,0.0,0.0,0.0,0.0,0.0,0.0,0.0,1.3140914
ITGAM,0.0,0.0,1.1219106,0.5358137,0.0,0.0,0.0,0.0,0.0,0.0,0.0,0.4254868,0.0,0.0,0.0,0.0,0.0,0.0,0.0,0.0,0.0,0.0,0.0,0.0,0.0,0.0,0.0,0.0,0.0,0.0,0.0,0.0,0.0,0.0,0.0,0.0,0.0,0.0,0.0,0.0,0.0,0.0
ITGAX,0.0,0.0,0.0,0.0,0.0,0.40235615,0.9341768,0.0,0.0,0.0,0.0,0.7063019,0.7257168,0.0,0.0,0.0,0.0,0.0,0.0,0.0,0.0,0.0,1.0092446,0.0,0.0,0.0,0.0,0.0,0.0,0.0,0.0,0.0,0.0,0.0,0.0,0.0,0.0,0.0,0.0,0.0,0.0,0.0
TGFB1I1,0.0,0.0,0.0,0.0,0.0,0.0,0.0,0.0,0.0,0.0,0.0,0.0,0.0,0.0,0.0,0.0,0.0,0.8989179,0.0,0.0,0.0,0.0,0.0,0.0,0.0,0.0,0.0,0.0,0.0,0.0,0.0,0.0,0.0,0.0,0.0,0.0,0.0,0.0,0.0,0.0,0.0,0.0
AHSP,0.0,0.0,0.0,0.0,0.0,0.0,0.0,3.2001288,0.0,0.0,0.0,0.0,0.0,0.0,0.0,0.0,0.0,0.0,0.0,0.0,0.0,0.0,0.0,0.0,0.0,0.0,0.0,0.0,0.0,0.0,0.0,0.0,0.0,0.0,0.0,0.0,0.0,0.0,0.0,0.0,0.0,0.0
ZNF267,0.0,0.0,0.0,0.0,0.0,0.0,0.0,0.0,0.0,0.0,0.0,0.47305363,0.0,0.0,0.0,0.0,0.0,0.0,0.0,0.0,0.0,0.0,0.0,0.0,0.0,0.0,0.0,0.0,0.0,0.0,0.0,0.0,0.0,0.0,0.0,0.0,0.0,0.0,0.0,0.0,0.0,0.0
SHCBP1,0.0,0.0,0.0,0.0,0.0,0.0,0.0,0.0,0.0,0.0,0.0,0.0,0.0,0.0,0.0,0.0,0.0,0.0,0.0,0.0,0.0,0.0,0.0,0.0,0.6775775,0.0,0.0,0.0,0.0,0.0,0.0,0.0,0.0,0.0,0.0,0.0,0.0,0.0,0.0,0.0,0.0,0.0
VPS35,0.0,0.0,0.0,0.76980686,0.0,0.48598903,0.999649,0.3584625,0.0,0.3953033,0.0,0.5221987,0.7458428,0.0,0.0,0.0,0.0,0.0,0.0,0.0,0.0,0.0,0.8162449,0.0,0.23792577,0.0,0.0,0.5871048,0.0,0.0,0.0,0.0,0.0,0.0,0.0,0.0,0.0,0.0,0.0,0.0,0.0,0.0
ORC6,0.0,0.0,0.0,0.0,0.4317101,0.0,0.0,0.29796433,0.0,0.41801506,0.0,0.0,0.0,0.0,0.0,0.0,0.0,0.0,0.0,0.0,0.0,0.0,0.0,0.0,0.19805485,0.0,0.0,0.0,0.0,0.0,0.0,0.0,0.0,0.0,0.0,0.0,0.0,0.0,0.0,0.0,0.0,0.0
C16orf87,0.0,0.0,0.0,0.0,0.0,0.0,0.16297461,0.0,0.0,0.0,0.0,0.0,0.0,0.0,0.0,0.0,0.0,0.0,0.0,0.0,0.0,0.0,0.0,0.0,0.18766053,0.0,0.0,0.0,0.0,0.0,0.0,0.0,0.0,0.0,0.0,0.0,0.0,0.0,0.0,0.0,0.0,0.0
DNAJA2,0.0,0.0,0.0,0.34757507,0.27800024,0.34115425,0.4363086,0.35563657,0.0,0.0,0.0,0.0,0.0,0.0,0.0,0.0,0.0,0.0,0.0,0.0,0.0,0.0,0.0,0.0,0.29190183,0.0,0.0,0.2632649,0.0,0.0,0.0,0.0,0.0,0.0,0.0,0.0,0.0,0.0,0.0,0.0,0.0,0.0
ITFG1,0.0,0.0,0.0,0.0,0.0,0.0,0.0,0.0,0.0,0.44826725,0.0,0.0,0.0,0.0,0.0,0.0,0.0,0.0,0.0,0.0,0.0,0.0,0.0,0.0,0.12226113,0.0,0.0,0.0,0.0,0.0,0.0,0.0,0.0,0.0,0.0,0.0,0.0,0.0,0.0,0.0,0.0,0.0
PHKB,0.0,0.0,0.0,0.0,0.0,0.0,0.0,0.0,0.0,0.18083665,0.0,0.0,0.44090223,0.0,0.0,0.0,0.0,0.0,0.0,0.0,0.0,0.0,0.0,0.0,0.0,0.0,0.0,0.0,0.0,0.0,0.0,0.0,0.0,0.0,0.0,0.0,0.0,0.0,0.0,0.0,0.0,0.0
LONP2,0.0,0.0,0.0,0.0,0.0,0.0,0.0,0.12456213,0.0,0.18083665,0.0,0.0,0.44090223,0.0,0.0,0.0,0.0,0.0,0.0,0.0,0.0,0.0,0.0,0.0,0.0,0.0,0.0,0.0,0.0,0.0,0.0,0.0,0.0,0.0,0.0,0.0,0.0,0.0,0.0,0.0,0.0,0.0
HEATR3,0.0,0.0,0.0,0.0,0.0,0.0,0.0,0.0,0.0,0.0,0.0,0.0,0.5578004,0.0,0.0,0.0,0.0,0.0,0.0,0.0,0.0,0.0,0.0,0.0,0.0,0.0,0.0,0.0,0.0,0.0,0.0,0.0,0.0,0.0,0.0,0.0,0.0,0.0,0.0,0.0,0.0,0.0
ADCY7,0.0,0.0,0.0,0.0,0.0,0.0,0.41995525,0.0,0.0,0.18155362,0.0,0.0,0.0,0.0,0.0,0.0,0.0,0.0,0.0,0.0,0.0,0.0,0.0,0.0,0.0,0.0,0.0,0.0,0.0,0.0,0.0,0.0,0.0,0.0,0.0,0.0,0.0,0.0,0.0,0.0,0.0,0.0
BRD7,0.0,0.0,0.0,0.41159946,0.78218305,0.0,0.40982887,0.48192912,0.0,0.6334858,0.0,0.0,0.0,0.0,0.0,0.0,0.0,0.0,0.0,0.0,0.0,0.0,0.0,0.0,0.5265167,0.0,0.0,0.40322018,0.0,0.0,0.0,0.0,0.0,0.0,0.0,0.0,0.0,0.0,0.0,0.0,0.0,0.0
SNX20,0.0,0.0,0.0,0.0,0.0,0.0,0.36171302,0.0,0.0,0.0,0.0,0.0,0.0,0.0,0.0,0.0,0.0,0.0,0.0,0.0,0.0,0.0,0.0,0.0,0.0,0.0,0.0,0.0,0.0,0.0,0.0,0.0,0.0,0.0,0.0,0.0,0.0,0.0,0.0,0.0,0.0,0.0
CYLD,0.5121089,0.0,0.0,0.0,0.0,0.40020192,0.48373562,0.0,0.0,0.49282485,0.0,0.0,0.44090223,0.0,0.0,0.0,0.0,0.0,0.0,0.0,0.0,0.0,0.0,0.0,0.32550788,0.0,0.0,0.0,0.0,0.0,0.90894425,0.0,0.9015774,0.0,0.8557678,0.87427986,0.0,0.994254,0.0,0.0,0.0,0.0
CHD9,0.0,0.0,0.0,0.0,0.46273088,0.3828968,0.39008018,0.19369827,0.0,0.36239028,0.0,0.0,0.44090223,0.0,0.0,0.0,0.0,0.0,0.0,0.0,0.5342287,0.0,0.0,0.0,0.20380595,1.131651,1.0943637,0.46146154,0.0,0.0,0.0,0.0,0.0,0.0,0.0,0.0,0.0,0.0,0.0,0.0,0.0,1.0472476
RBL2,0.0,0.0,0.0,0.0,0.510598,0.0,0.0,0.0,0.0,0.0,0.0,0.0,0.0,0.97781837,0.6868571,0.0,0.0,0.0,0.0,0.0,0.0,0.0,0.0,0.0,0.0,0.0,0.0,0.0,0.0,0.0,0.6281016,0.0,0.0,0.0,0.0,0.751835,0.0,0.0,0.0,0.96738505,1.1326704,0.0
LPCAT2,0.0,0.0,0.0,0.0,0.0,0.0,0.3044914,0.0,0.0,0.0,0.0,0.0,0.0,0.0,0.0,0.0,0.7191596,0.0,0.0,0.0,0.0,0.0,0.0,0.0,0.0,0.0,0.0,0.0,0.0,0.0,0.0,0.0,0.0,0.0,0.0,0.0,0.0,0.0,0.0,0.0,0.0,0.0
NUDT21,0.0,0.0,0.0,0.0,0.5938779,0.0,0.2934634,0.62169814,0.0,0.25902426,0.0,0.0,0.7257168,0.0,0.0,0.0,0.0,0.40983152,0.0,0.0,0.0,0.0,0.0,0.0,0.46542203,0.0,0.0,0.317398,0.0,0.0,0.0,0.0,0.0,0.0,0.0,0.0,0.0,0.0,0.0,0.0,0.0,0.0
MT2A,0.0,0.0,0.0,0.5846433,1.9478245,0.0,0.63789797,0.5966694,0.65453154,0.31335935,0.0,2.4981503,1.5203841,1.1537753,0.0,1.3196149,0.0,0.0,0.0,1.4139961,0.0,0.0,2.2859373,0.0,0.14972688,0.0,0.0,0.574453,0.0,0.0,0.95325255,1.1236238,0.0,1.0952904,0.82431924,0.0,1.2815263,0.99468327,1.1016884,0.9602629,0.0,0.0
MT1X,0.0,0.0,0.0,0.0,0.0,0.0,0.0,0.1595173,0.0,0.23875955,0.0,0.0,0.0,0.0,0.0,0.0,0.0,0.0,0.0,0.0,0.0,0.0,0.0,0.0,0.1759403,0.0,1.3518347,0.0,0.0,0.0,0.0,0.0,0.0,0.0,0.0,0.0,0.0,0.0,0.0,0.0,0.0,0.0
NUP93,0.0,0.0,0.0,0.0,0.0,0.0,0.0,0.29918575,0.0,0.0,0.0,0.0,0.0,0.0,0.0,0.0,0.0,0.0,0.0,0.0,0.0,0.0,0.0,0.0,0.0,0.0,0.0,0.0,0.0,0.0,0.0,0.0,0.0,0.0,0.0,0.0,0.0,0.0,0.0,0.0,0.0,0.0
HERPUD1,2.0939453,0.0,0.96340877,0.75644743,0.69175017,1.6224927,1.1593764,0.0,0.0,1.0589182,1.105459,1.7275,1.5203841,1.1516998,2.0507255,0.0,0.0,0.0,1.9109583,0.0,0.87558043,1.7992991,1.3652061,2.2459831,1.4234917,1.687274,0.0,0.19700846,1.5913975,0.0,0.90621066,1.4417644,0.7738456,1.3942434,0.0,0.926345,0.0,1.0600227,1.54981,1.2685193,1.7333943,2.1798847
NLRC5,0.0,0.0,0.0,0.0,0.0,0.2875488,0.0,0.0,0.0,0.0,0.0,0.0,0.0,0.0,0.0,0.0,0.0,0.0,0.0,0.0,0.0,0.0,0.0,0.0,0.0,0.0,0.0,0.0,0.0,0.0,0.0,0.0,0.0,0.0,0.0,0.0,0.0,0.0,0.0,0.0,0.0,0.0
PSME3IP1,0.0,0.0,0.0,0.0,0.0,0.0,0.3689735,0.2043325,0.0,0.0,0.0,0.0,0.0,0.0,0.0,0.0,0.0,0.0,0.0,0.0,0.0,0.0,0.0,0.0,0.20380595,0.0,0.0,0.0,0.0,0.0,0.0,0.0,0.0,0.0,0.0,0.0,0.0,0.0,0.0,0.0,0.0,0.0
ARL2BP,0.0,0.0,0.0,0.0,0.0,0.0,0.0,0.22824296,0.0,0.0,0.0,0.0,0.0,0.0,0.0,0.0,0.0,0.0,0.0,0.0,0.0,0.0,0.0,0.0,0.0,0.0,0.0,0.0,0.0,0.0,0.0,0.0,0.0,0.0,0.0,0.0,0.0,0.0,0.0,0.0,0.0,0.0
CIAPIN1,0.0,0.0,0.0,0.0,0.0,0.0,0.0,0.25465366,0.0,0.0,0.0,0.0,0.0,0.0,0.0,0.0,0.0,0.0,0.0,0.0,0.0,0.0,0.0,0.0,0.0,0.0,0.0,0.0,0.0,0.0,0.0,0.0,0.0,0.0,0.0,0.0,0.0,0.0,0.0,0.0,0.0,0.0
COQ9,0.0,0.0,0.0,0.0,0.0,0.0,0.0,0.19520792,0.0,0.0,0.0,0.0,0.0,0.0,0.0,0.0,0.0,0.0,0.0,0.0,0.0,0.0,0.0,0.0,0.0,0.0,0.0,0.0,0.0,0.0,0.0,0.0,0.0,0.0,0.0,0.0,0.0,0.0,0.0,0.0,0.0,0.0
POLR2C,0.0,0.0,0.0,0.0,0.0,0.0,0.0,0.43769103,0.0,0.0,0.0,0.0,0.0,0.0,0.0,0.0,0.0,0.0,0.0,0.0,0.0,0.0,0.0,0.0,0.24795079,0.0,0.0,0.0,0.0,0.0,0.0,0.0,0.0,0.0,0.0,0.0,0.0,0.0,0.0,0.0,0.0,0.0
ADGRG1,0.0,0.0,0.0,0.0,0.7765347,0.0,0.0,0.0,0.0,0.0,0.0,0.0,0.0,0.0,0.0,0.0,0.0,0.0,0.0,1.1701479,0.0,0.0,0.0,0.0,0.0,0.0,0.0,0.0,0.0,0.0,0.0,0.0,0.0,0.0,0.0,0.0,0.0,0.0,0.0,0.0,0.0,0.0
CSNK2A2,0.0,0.0,0.0,0.0,0.0,0.0,0.0,0.0,0.0,0.0,0.0,0.0,0.0,0.0,0.0,0.0,0.0,0.0,0.0,0.0,0.0,0.0,0.0,0.0,0.124119386,0.0,0.0,0.0,0.0,0.0,0.0,0.0,0.0,0.0,0.0,0.0,0.0,0.0,0.0,0.0,0.0,0.0
CNOT1,0.0,0.0,0.0,0.48654985,0.49659026,0.0,0.0,0.19369827,0.0,0.44826725,0.0,0.0,0.0,0.0,0.0,0.0,0.0,0.0,0.0,0.0,0.0,0.0,0.0,0.0,0.30059022,0.0,0.0,0.19194362,0.0,0.0,0.0,0.0,0.0,0.0,0.0,0.0,0.0,0.0,0.0,0.0,0.0,0.0
GOT2,0.0,0.0,0.0,0.0,0.0,0.0,0.0,0.5492831,0.0,0.0,0.0,0.0,0.0,0.0,0.0,0.0,0.0,0.0,0.0,0.0,0.0,0.0,0.0,0.0,0.25635368,0.0,0.0,0.0,0.0,0.0,0.0,0.0,0.0,0.0,0.0,0.0,0.0,0.0,0.0,0.0,0.0,0.0
CKLF,0.0,0.0,0.8712323,0.99420047,1.0228126,1.3737333,1.3474188,0.5035292,0.0,0.3960203,0.9899831,0.7063019,0.0,0.978129,0.0,0.0,0.57526505,0.0,0.0,0.0,0.9420083,0.0,0.5779673,0.0,0.8084107,0.0,0.0,0.47008622,0.0,0.0,0.0,0.0,0.0,0.0,0.0,0.0,0.0,0.0,0.0,0.0,1.0877972,0.5487118
CMTM3,0.0,0.0,0.0,0.0,0.0,0.0,0.5621453,0.0,0.0,0.0,0.0,0.0,0.0,0.0,0.0,0.0,0.0,0.0,0.0,0.0,0.0,0.0,0.0,0.0,0.0,0.0,0.0,0.0,0.0,0.0,0.0,0.0,0.0,0.0,0.0,0.0,0.0,0.0,0.0,0.0,0.0,0.5971677
DYNC1LI2,0.0,0.0,0.0,0.0,0.0,0.0,0.0,0.0,0.0,0.0,0.0,0.0,0.5578004,0.0,0.0,0.0,0.0,0.0,0.0,0.0,0.0,0.0,0.0,0.0,0.0,0.0,0.0,0.0,0.0,0.0,0.0,0.0,0.0,0.0,0.0,0.0,0.0,0.0,0.0,0.0,0.0,0.0
NAE1,0.0,0.0,0.0,0.0,0.0,0.0,0.0,0.42269358,0.0,0.0,0.0,0.0,0.0,0.0,0.0,0.0,0.0,0.0,0.0,0.0,0.0,0.0,0.0,0.0,0.0,0.0,0.0,0.0,0.0,0.0,0.0,0.0,0.0,0.0,0.0,0.0,0.0,0.0,0.0,0.0,0.0,0.0
CIAO2B,0.0,0.6586133,0.0,0.568734,0.78723764,0.59506035,0.76983976,0.67908335,0.0,0.8373678,0.0,0.84672683,0.91374826,0.0,0.0,0.0,0.0,0.59914637,0.0,0.0,0.0,0.0,0.7616249,0.32512885,0.9054093,0.0,0.0,0.43638965,0.0,0.0,0.62534213,0.0,0.0,0.0,0.0,0.0,0.0,0.0,0.0,0.0,0.0,0.9002626
CBFB,0.0,0.0,0.0,0.0,0.5444732,0.0,0.0,0.0,0.0,0.0,0.0,0.0,0.0,0.0,0.0,0.0,0.0,0.0,0.0,0.0,0.0,0.0,0.0,0.0,0.17517093,0.0,0.0,0.0,0.0,0.0,0.0,0.0,0.0,0.0,0.0,0.0,0.0,0.0,0.0,0.0,0.0,0.0
TRADD,0.0,0.0,0.0,0.0,0.0,0.0,0.3762196,0.0,0.0,0.0,0.0,0.0,0.0,0.0,0.0,0.0,0.0,0.0,0.0,0.0,0.0,0.0,0.0,0.19522703,0.20875011,0.0,0.0,0.0,0.0,0.0,0.79143643,0.0,0.0,0.0,0.0,0.0,0.0,0.0,0.0,0.0,0.0,0.0
E2F4,0.0,0.0,0.0,0.0,0.0,0.0,0.35860544,0.9864592,0.0,0.0,0.0,0.0,0.0,0.0,0.0,0.0,0.0,0.0,0.0,0.0,0.0,0.0,0.0,0.0,0.1931466,0.0,0.0,0.0,0.0,0.0,0.0,0.0,0.0,0.0,0.0,0.0,0.0,0.0,0.0,0.0,0.0,0.0
TMEM208,0.0,0.0,0.0,0.0,0.0,0.0,0.35118595,0.19677243,0.0,0.0,0.0,0.0,0.0,0.0,0.0,0.0,0.0,0.0,0.0,0.0,0.0,0.0,0.0,0.6805881,0.8950211,0.0,0.0,0.21123752,0.0,0.0,0.0,0.0,0.0,0.0,0.0,0.0,0.0,0.0,0.0,0.0,0.0,0.6010375
ATP6V0D1,0.0,0.8459288,1.1360688,1.036661,0.30371448,0.65910083,0.82644564,0.40969265,0.0,0.18083665,0.0,0.79289067,0.0,0.0,0.0,0.0,0.0,0.0,0.0,0.0,0.0,0.0,0.8332628,0.0,0.26461154,0.0,0.0,0.21322651,0.0,0.0,0.0,0.0,0.0,0.0,0.0,0.0,0.0,0.0,0.0,0.0,0.0,0.5342276
RIPOR1,0.0,0.0,0.0,0.0,0.0,0.0,0.0,0.14823925,0.0,0.0,0.0,0.0,0.44090223,0.0,0.0,0.0,0.0,0.0,0.0,0.0,0.0,0.0,0.0,0.0,0.0,0.0,0.9506155,0.0,0.0,0.0,0.0,0.0,0.0,0.0,0.0,0.0,0.0,0.0,0.0,0.0,0.0,0.0
CTCF,0.0,0.0,0.0,0.0,0.6975783,0.0,0.0,0.24261232,0.0,0.83569336,0.0,0.0,0.0,0.0,0.0,0.0,0.0,0.0,0.0,0.0,0.0,0.0,0.0,0.0,0.4464751,0.0,0.0,0.0,0.0,0.0,0.0,0.0,0.0,0.0,0.0,0.0,0.0,0.0,0.0,0.0,0.0,0.0
ACD,0.0,0.0,0.0,0.0,0.0,0.0,0.0,0.13736913,0.0,0.0,0.0,0.0,0.0,0.0,0.0,0.0,0.0,0.0,0.0,0.0,0.0,0.0,0.0,0.0,0.0,0.0,0.0,0.0,0.0,0.0,0.0,0.0,0.0,0.0,0.0,0.0,0.0,0.0,0.0,0.0,0.0,0.0
CENPT,0.0,0.0,0.0,0.0,0.0,0.0,0.0,0.0,0.0,0.21446666,0.0,0.0,0.0,0.0,0.0,0.0,0.0,0.0,0.0,0.0,0.0,0.0,0.0,0.0,0.0,0.0,0.0,0.0,0.0,0.0,0.0,0.0,0.0,0.0,0.0,0.0,0.0,0.0,0.0,0.0,0.0,0.0
THAP11,0.0,0.0,0.0,0.0,0.0,0.0,0.0,0.15530933,0.0,0.0,0.0,0.0,0.0,0.0,0.0,0.0,0.0,0.0,0.0,0.0,0.0,0.0,0.0,0.0,0.0,0.0,0.0,0.0,0.0,0.0,0.0,0.0,0.0,0.0,0.0,0.0,0.0,0.0,0.0,0.0,0.0,0.0
NUTF2,0.0,0.0,0.0,0.0,0.6617814,0.54746395,0.48373562,1.0798162,0.0,0.5456267,0.392094,0.72981226,0.0,0.0,0.0,0.0,0.0,1.0297629,0.0,0.0,0.0,0.0,0.0,0.0,0.62534213,0.0,0.0,0.55941117,0.0,0.0,0.0,0.0,0.0,0.0,0.0,0.0,0.0,0.0,0.0,0.0,0.0,0.47766483
EDC4,0.0,0.0,0.0,0.0,0.0,0.0,0.0,0.0,0.0,0.18155362,0.0,0.0,0.0,0.0,0.0,0.0,0.0,0.0,0.0,0.0,0.0,0.0,0.0,0.0,0.0,0.0,0.0,0.0,0.0,0.0,0.0,0.0,0.0,0.0,0.0,0.0,0.0,0.0,0.0,0.0,0.0,0.0
PSMB10,0.5894627,0.0,0.6548065,0.84201956,1.3646526,0.89923656,1.0535624,0.37212613,0.0,0.8970875,0.7733425,0.68302804,0.0,0.0,0.0,0.0,0.0,0.0,0.0,1.2081892,1.0187871,0.0,1.0127757,0.32058161,0.68249017,0.0,0.9045438,0.5818505,0.68969786,0.0,0.0,0.906608,0.0,0.0,0.0,0.0,0.0,0.89553505,0.0,0.0,0.0,1.2157079
SMPD3,0.0,0.0,0.0,0.0,0.0,0.0,0.0,0.0,0.0,0.0,0.0,0.0,0.0,0.0,0.0,0.0,0.0,0.0,0.0,0.0,0.0,0.0,0.0,0.0,0.0,0.0,0.0,0.0,0.0,0.0,0.0,0.0,0.0,0.0,0.0,0.0,0.0,0.0,0.0,0.0,0.0,1.5089672
CDH1,0.0,0.0,0.0,0.0,0.0,0.0,0.0,0.16873805,0.0,0.0,0.0,0.0,0.0,0.0,0.0,0.0,0.0,0.0,0.0,0.0,0.0,0.0,0.0,0.0,0.0,0.0,0.0,0.0,0.0,0.0,0.0,0.0,0.0,0.0,0.0,0.0,0.0,0.0,0.0,0.0,0.0,0.0
UTP4,0.0,0.0,0.0,0.0,0.0,0.0,0.0,0.18988355,0.0,0.0,0.0,0.0,0.0,0.0,0.0,0.0,0.0,0.0,0.0,0.0,0.0,0.0,0.0,0.0,0.0,0.0,0.0,0.0,0.0,0.0,0.0,0.0,0.0,0.0,0.0,0.0,0.0,0.0,0.0,0.0,0.0,0.0
VPS4A,0.0,0.0,0.0,0.0,0.27527398,0.0,0.0,0.3399948,0.0,0.0,0.0,0.0,0.0,0.0,0.0,0.0,0.0,0.0,0.0,0.0,0.0,0.0,0.0,0.0,0.23451747,0.0,0.0,0.0,0.0,0.0,0.0,0.0,0.0,0.0,0.0,0.0,0.0,0.0,0.0,0.0,0.0,0.0
NIP7,0.0,0.0,0.0,0.0,0.0,0.0,0.0,0.35004333,0.0,0.18155362,0.0,0.0,0.0,0.0,0.0,0.0,0.0,0.0,0.0,0.0,0.0,0.0,0.0,0.0,0.0,0.0,0.0,0.0,0.0,0.0,0.0,0.0,0.0,0.0,0.0,0.0,0.0,0.0,0.0,0.0,0.0,0.0
CYB5B,0.0,0.0,0.0,0.0,0.64804024,0.0,0.0,0.0,0.0,0.0,0.0,0.0,0.0,0.0,0.0,0.0,0.0,0.0,0.0,0.0,0.0,0.0,0.0,0.0,0.15287328,0.0,0.0,0.0,0.0,0.0,0.0,0.0,0.0,0.0,0.0,0.0,0.0,0.0,0.0,0.0,0.0,0.0
NFAT5,0.0,0.0,0.0,0.0,0.0,0.34115425,0.0,0.0,0.0,0.0,0.0,0.0,0.0,0.0,0.0,0.0,0.0,0.0,0.0,0.0,0.0,0.0,0.0,0.0,0.0,0.0,0.0,0.0,0.0,0.0,0.0,0.0,0.0,0.0,0.0,0.0,0.0,0.0,0.0,0.0,0.0,0.0
NOB1,0.0,0.0,0.0,0.0,0.0,0.0,0.0,0.43321717,0.0,0.23380059,0.0,0.0,0.0,0.0,0.0,0.0,0.0,0.0,0.0,0.0,0.0,0.0,0.0,0.0,0.17338812,0.0,0.0,0.0,0.0,0.0,0.0,0.0,0.0,0.0,0.0,0.0,0.0,0.0,0.0,0.0,0.0,0.0
EXOSC6,0.0,0.0,0.0,0.0,0.0,0.0,0.35920435,0.0,0.0,0.18155362,0.0,0.0,0.0,0.0,0.0,0.0,0.0,0.0,0.0,0.0,0.0,0.0,0.0,0.0,0.0,0.0,0.0,0.18599439,0.0,0.0,0.0,0.0,0.0,0.0,0.0,0.0,0.0,0.0,0.0,0.0,0.0,0.0
AARS1,0.0,0.0,0.0,0.0,0.0,0.0,0.0,0.15143289,0.0,0.0,0.0,0.0,0.0,0.0,0.0,0.0,0.0,0.0,0.0,0.0,0.0,0.0,0.0,0.17707415,0.36230922,0.0,0.0,0.0,0.0,0.0,0.0,0.0,0.0,0.0,0.0,0.0,0.0,0.0,0.0,0.0,0.0,0.0
DDX19A,0.0,0.0,0.0,0.0,0.0,0.0,0.0,0.0,0.0,0.0,0.0,0.0,0.0,0.0,0.0,0.0,0.0,0.0,0.0,0.0,0.0,0.0,0.0,0.0,0.15884948,0.0,0.0,0.0,0.0,0.0,0.0,0.0,0.0,0.0,0.0,0.0,0.0,0.0,0.0,0.0,0.0,0.0
SF3B3,0.0,0.0,0.0,0.0,0.0,0.0,0.0,0.4823083,0.0,0.18083665,0.0,0.0,0.0,0.0,0.0,0.0,0.0,0.0,0.0,0.0,0.0,0.0,0.0,0.0,0.16683619,0.0,0.0,0.0,0.0,0.0,0.0,0.0,0.0,0.0,0.0,0.0,0.0,0.0,0.0,0.0,0.0,0.0
VAC14,0.0,0.0,0.0,0.0,0.0,0.9360883,0.0,0.0,0.0,0.0,0.0,0.0,0.0,0.0,0.0,0.0,0.0,0.0,0.0,0.0,0.0,0.0,0.0,0.0,0.0,0.0,0.0,0.0,0.0,0.0,0.0,0.0,0.0,0.0,0.0,0.0,0.0,0.0,0.0,0.0,0.0,0.0
AP1G1,0.0,0.0,0.0,0.0,0.0,0.0,0.0,0.0,0.0,0.18155362,0.0,0.0,0.0,0.0,0.0,0.0,0.0,0.0,0.0,0.0,0.0,0.0,0.0,0.0,0.0,0.0,0.0,0.0,0.0,0.0,0.0,0.0,0.0,0.0,0.0,0.0,0.0,0.0,0.0,0.0,0.0,0.0
IST1,0.0,0.0,0.0,0.0,0.0,0.0,0.0,0.0,0.0,0.3960203,0.0,0.0,0.0,0.0,0.0,0.0,0.0,0.0,0.0,0.0,0.0,0.0,0.0,0.0,0.0,0.0,0.0,0.0,0.0,0.0,0.0,0.0,0.0,0.0,0.0,0.0,0.0,0.0,0.0,0.0,0.0,0.0
ZFHX3,0.0,0.0,0.0,0.0,0.0,0.329874,0.0,0.0,0.0,0.0,0.0,0.3987304,0.44090223,0.0,0.0,0.0,0.0,0.0,0.0,0.0,0.0,0.0,0.0,0.0,0.0,0.0,0.0,0.0,0.0,0.0,0.0,0.0,0.0,0.0,0.0,0.0,0.0,0.0,0.0,0.0,0.0,0.0
PSMD7,0.0,0.0,0.0,0.9240726,0.8295316,0.3431283,0.81829166,0.79534924,0.0,0.57238364,0.0,0.5950968,0.0,0.0,0.0,0.0,0.0,0.0,0.0,0.0,0.0,0.0,0.53499556,0.33669525,0.99012476,0.0,0.0,0.7794966,0.0,0.0,0.0,0.0,0.0,0.0,0.0,0.0,0.0,0.0,0.0,0.0,0.0,0.8596444
GLG1,0.0,0.0,0.0,0.23030627,0.6280217,0.3977822,0.38106546,0.0,0.0,0.0,0.3526248,0.0,0.0,0.0,0.0,0.0,0.0,0.0,0.0,0.0,0.0,0.0,0.0,0.2514097,0.31081575,0.0,1.0024796,0.0,0.0,0.0,0.0,0.0,0.0,0.0,0.0,0.0,0.0,0.57777834,0.0,0.0,0.0,0.5359798
ZNRF1,0.0,0.0,0.0,0.0,0.0,0.0,0.0,0.0,0.0,0.0,0.0,0.0,0.0,0.0,0.0,0.0,0.0,0.0,0.0,0.0,0.0,0.0,0.0,0.0,0.0,0.0,0.0,0.23478156,0.0,0.0,0.0,0.0,0.0,0.0,0.0,0.0,0.0,0.0,0.0,0.0,0.0,0.0
CFDP1,0.0,0.0,0.0,0.0,0.0,0.37913528,0.3404857,0.4189317,0.0,0.18083665,0.0,0.0,0.0,0.0,0.0,0.0,0.0,0.0,0.0,0.0,0.0,0.0,0.0,0.0,0.16684455,0.0,0.0,0.27490503,0.0,0.0,0.0,0.0,0.0,0.0,0.0,0.0,0.0,0.0,0.0,0.0,0.0,0.0
TMEM170A,0.0,0.0,0.0,0.0,0.0,0.0,0.0,0.0,0.0,0.0,0.0,0.0,0.7257168,0.0,0.0,0.0,0.0,0.0,0.0,0.0,0.0,0.0,0.0,0.0,0.0,0.0,0.0,0.0,0.0,0.0,0.0,0.0,0.0,0.0,0.0,0.0,0.0,0.0,0.0,0.0,0.0,0.0
GABARAPL2,1.2042528,0.0,0.0,0.0,0.6806367,0.94124544,0.88656855,0.60088015,0.0,0.5471599,1.0021521,0.3987304,0.5578004,0.9298831,0.77814996,0.0,0.0,1.0310001,0.0,0.0,0.0,0.0,0.45896882,0.27294943,0.5627082,0.0,0.0,0.33004442,0.0,0.0,0.6658599,0.0,0.0,0.0,0.0,0.0,0.0,0.6032335,0.89322734,0.0,0.0,1.0799005
KARS1,0.0,0.0,0.0,0.0,0.0,0.0,0.3384496,0.43048966,0.0,0.3953033,0.0,0.0,0.0,0.0,0.0,0.0,0.0,0.0,0.0,0.0,0.0,0.0,0.0,0.0,0.24736819,0.0,0.0,0.286486,0.0,0.0,0.0,0.0,0.0,0.0,0.0,0.0,0.0,0.0,0.0,0.0,0.0,0.0
TERF2IP,0.8548738,0.0,0.0,0.35701066,0.8533874,0.4580726,0.58423555,0.43797833,0.0,0.7141442,0.0,0.5073828,0.0,1.010965,0.8421502,0.0,0.0,0.77807385,0.6619089,0.0,0.84475386,0.0,0.0,0.27069682,0.44463843,0.0,0.0,0.4066893,0.0,0.0,0.67472047,0.9560534,0.71477777,1.062681,0.0,0.0,0.0,0.8296024,1.0935712,0.8827068,0.0,0.69533616
MON1B,0.0,0.0,0.0,0.0,0.0,0.0,0.0,0.0,0.0,0.23875955,0.0,0.0,0.0,0.0,0.0,0.0,0.0,0.0,0.0,0.0,0.0,0.0,0.0,0.0,0.0,0.0,0.0,0.0,0.0,0.0,0.0,0.0,0.0,0.0,0.0,0.0,0.0,0.0,0.0,0.0,0.0,0.0
MAF,0.0,0.0,0.0,0.0,0.0,0.0,0.0,0.0,0.0,0.0,0.0,0.0,0.91374826,0.0,0.0,0.0,0.0,0.0,0.0,0.0,0.0,0.0,0.0,0.0,0.0,0.0,0.0,0.0,0.0,0.0,0.0,0.0,0.0,0.0,0.0,0.0,0.0,0.0,0.0,0.0,0.0,0.0
CMC2,0.0,0.0,0.0,0.0,0.64889336,0.0,0.0,0.38603178,0.0,0.3960203,0.0,0.0,0.0,0.0,0.0,0.0,0.0,0.0,0.0,0.0,0.0,0.0,0.0,0.0,0.43819284,0.0,0.0,0.0,0.0,0.0,0.0,0.0,0.0,0.0,0.0,0.0,0.0,0.0,0.0,0.0,0.0,0.0
CENPN,0.0,0.0,0.0,0.0,0.3955136,0.0,0.0,0.27202302,0.0,0.0,0.0,0.0,0.0,0.0,0.0,0.0,0.0,0.0,0.0,0.0,0.0,0.0,0.0,0.0,0.2724481,0.0,0.0,0.0,0.0,0.0,0.0,0.0,0.0,0.0,0.0,0.0,0.0,0.0,0.0,0.0,0.0,0.0
GCSH,0.0,0.0,0.0,0.0,0.0,0.0,0.0,0.75795853,0.0,0.0,0.0,0.0,0.0,0.0,0.0,0.0,0.0,0.0,0.0,0.0,0.0,0.0,0.0,0.0,0.35134384,0.0,0.0,0.0,0.0,0.0,0.0,0.0,0.0,0.0,0.0,0.0,0.0,0.0,0.0,0.0,0.0,0.0
CMIP,0.0,0.0,0.55576646,0.4345663,0.0,0.49875098,0.6884308,0.0,0.0,0.3960203,0.0,0.5950968,0.91374826,0.0,0.0,0.0,0.0,0.5113796,0.0,0.0,0.0,0.0,0.0,0.0,0.0,0.0,0.0,0.0,0.0,0.0,0.0,0.0,0.0,0.0,0.0,0.0,0.0,0.0,0.0,0.0,0.0,0.0
PLCG2,0.8401995,0.0,0.0,0.0,0.0,0.38395348,0.0,0.0,0.0,0.66755974,0.0,0.0,0.0,0.0,1.1810663,0.0,0.0,0.0,0.0,0.0,0.0,0.0,0.0,0.32745975,0.3875177,0.0,0.0,0.0,0.0,0.0,0.0,0.0,0.0,0.0,0.0,0.0,0.0,0.0,0.0,0.0,0.0,0.0
MPHOSPH6,0.0,0.0,0.0,0.0,0.0,0.0,0.0,0.14484286,0.0,0.0,0.0,0.3987304,0.5578004,0.0,0.0,0.0,0.0,0.0,0.0,0.0,0.0,0.0,0.0,0.0,0.116415784,0.0,0.0,0.0,0.0,0.0,0.0,0.0,0.0,0.0,0.0,0.0,0.0,0.0,0.0,0.0,0.0,0.0
HSBP1,0.0,0.0,0.73723876,0.9094201,0.0,0.3977822,0.7148044,0.5990874,0.0,0.0,0.0,1.3710771,1.5547979,0.0,0.0,0.0,0.0,1.0032624,0.0,0.0,0.0,0.0,1.2420142,0.0,0.55391383,0.0,0.0,0.84745073,0.0,0.0,0.0,0.0,0.0,0.0,0.0,0.0,0.0,0.0,0.0,0.0,0.0,0.5475569
MBTPS1,0.0,0.0,0.0,0.0,0.0,0.0,0.0,0.0,0.0,0.0,0.0,0.0,0.0,0.0,0.0,0.0,0.0,0.0,0.0,0.0,0.0,0.0,0.0,0.1304064,0.17365827,0.0,0.0,0.0,0.0,0.0,0.0,0.0,0.0,0.0,0.0,0.0,0.0,0.0,0.0,0.0,0.0,0.0
COTL1,1.6873775,1.8640168,2.6084514,2.240861,0.0,2.3596954,2.8997753,0.0,1.997184,2.0245645,0.0,2.7061138,2.3248446,0.0,1.2927269,1.8888366,0.9438549,1.8084419,1.551323,0.0,1.1891088,0.0,3.268609,0.0,0.8630245,0.0,0.0,0.66807556,1.1195987,0.0,1.331182,0.0,1.148896,0.0,0.9730321,1.001226,0.93025476,1.3367426,1.1145974,1.0995464,1.7605777,0.0
USP10,0.0,0.0,0.0,0.0,0.0,0.0,0.40317827,0.3017692,0.0,0.0,0.0,0.0,0.0,0.0,0.0,0.0,0.0,0.0,0.0,0.0,0.0,0.0,0.0,0.0,0.17393991,0.0,0.0,0.21471424,0.0,0.0,0.0,0.0,0.0,0.0,0.0,0.0,0.0,0.0,0.0,0.0,0.0,0.0
GSE1,0.0,0.0,0.0,0.0,0.0,0.0,0.0,0.19677243,0.0,0.0,0.0,0.0,0.0,0.0,0.0,0.0,0.0,0.0,0.0,0.0,0.0,0.0,0.0,0.0,0.0,0.0,0.0,0.0,0.0,0.0,0.0,0.0,0.0,0.0,0.0,0.0,0.0,0.0,0.0,0.0,0.0,0.0
GINS2,0.0,0.0,0.0,0.0,0.0,0.0,0.0,0.50536066,0.0,0.47256014,0.0,0.0,0.0,0.0,0.0,0.0,0.0,0.0,0.0,0.0,0.0,0.0,0.0,0.0,0.36329395,0.0,0.0,0.0,0.0,0.0,0.0,0.0,0.0,0.0,0.0,0.0,0.0,0.0,0.0,0.0,0.0,0.0
EMC8,0.0,0.0,0.0,0.0,0.0,0.0,0.0,0.25967383,0.0,0.21446666,0.0,0.0,0.0,0.0,0.0,0.0,0.0,0.0,0.0,0.0,0.0,0.0,0.0,0.0,0.18132702,0.0,0.0,0.0,0.0,0.0,0.0,0.0,0.0,0.0,0.0,0.0,0.0,0.0,0.0,0.0,0.0,0.0
COX4I1,2.1341639,2.091678,2.2733173,2.3856626,2.0070167,2.1641421,2.290214,2.0677905,2.045228,1.9386115,1.7712249,2.181946,2.2544127,2.0312984,2.216173,2.176171,1.990509,1.6973276,2.1272392,1.9313107,2.0481968,2.045627,2.184481,1.20136,1.9394062,2.0864158,2.297185,2.1532397,2.0874908,0.0,2.1232612,1.9314787,2.0097349,1.8391953,2.296729,2.1397204,2.302574,2.0717144,1.9338366,1.899229,1.9158784,2.0760388
IRF8,1.2390066,0.0,0.0,0.2752192,0.0,2.3272858,0.3404857,0.0,0.0,0.7697774,0.0,0.7784047,0.0,0.0,2.0684078,0.0,0.0,0.0,1.5457344,0.0,0.0,1.71634,0.56555605,0.0,0.0,0.0,0.0,0.0,0.0,0.0,0.0,0.0,0.0,0.0,0.0,0.0,0.0,0.0,0.0,0.0,0.0,2.8584933
C16orf95,0.0,0.0,0.0,0.0,0.0,0.0,0.0,0.089526,0.0,0.0,0.0,0.0,0.0,0.0,0.0,0.0,0.0,0.0,0.0,0.0,0.0,0.0,0.0,0.0,0.0,0.0,0.0,0.0,0.0,0.0,0.0,0.0,0.0,0.0,0.0,0.0,0.0,0.0,0.0,0.0,0.0,0.0
MAP1LC3B,1.2216899,0.2705642,1.2030694,0.91605103,0.9364028,0.8779965,1.1406035,0.6427124,0.0,0.7058399,0.72809076,1.5116012,0.97920024,1.0438974,0.0,0.0,0.57552946,0.67242,0.9569416,1.2416255,1.1441355,0.0,1.1204162,0.504487,0.7094973,1.6499002,1.9290863,0.45274138,0.7605382,0.0,0.834183,1.0894961,0.84222543,1.0888422,0.75278807,1.0052845,0.0,0.928307,1.0678525,1.0054374,0.99532795,0.79257315
KLHDC4,0.0,0.0,0.0,0.0,0.0,0.0,0.0,0.0,0.0,0.0,0.0,0.0,0.0,0.0,0.0,0.0,0.0,0.0,0.0,0.0,0.0,0.0,0.0,0.0,0.12207285,0.0,0.0,0.0,0.0,0.0,0.0,0.0,0.0,0.0,0.0,0.0,0.0,0.0,0.0,0.0,0.0,0.0
SLC7A5,0.0,0.0,0.0,0.0,0.0,0.0,0.0,0.0,0.0,0.0,0.0,0.47305363,0.44090223,0.0,0.0,0.0,0.0,0.0,0.0,0.0,0.0,0.0,0.0,0.29755348,0.44305977,0.0,0.0,0.0,0.0,0.0,0.0,0.0,0.0,0.0,0.0,0.0,0.0,0.0,0.0,0.0,0.0,0.95305717
BANP,0.0,0.0,0.0,0.0,0.0,0.0,0.0,0.0,0.0,0.0,0.0,0.0,0.5578004,0.0,0.0,0.0,0.0,0.0,0.0,0.0,0.0,0.0,0.0,0.0,0.0,0.0,0.0,0.0,0.0,0.0,0.0,0.0,0.0,0.0,0.0,0.0,0.0,0.0,0.0,0.0,0.0,0.0
ZC3H18,0.0,0.0,0.0,0.0,0.10917463,0.0,0.3869165,0.15469545,0.0,0.0,0.0,0.0,0.0,0.0,0.0,0.0,0.0,0.0,0.0,0.0,0.0,0.0,0.0,0.0,0.2261846,0.0,0.0,0.0,0.0,0.0,0.0,0.0,0.0,0.0,0.0,0.0,0.0,0.0,0.0,0.0,0.0,0.0
CYBA,2.2824721,2.2043674,2.708047,2.8854861,2.5611267,2.2767627,2.8180563,0.0,1.7832625,1.749207,1.303761,2.7674475,2.169913,1.9143567,2.4484868,2.4463649,1.8719106,0.0,2.2470217,2.811887,2.2454994,2.3153288,2.6945882,2.6850903,2.3807073,1.9446714,1.4336234,1.8071034,2.219267,0.0,1.7054439,2.2350817,1.6249772,2.1680403,1.4358164,1.4290802,1.5276861,1.8131166,2.1563354,1.8953749,1.901083,3.044595
RNF166,0.0,0.0,0.0,0.0,0.6860732,0.3139043,0.47833383,0.0,0.0,0.21446666,0.0,0.0,0.0,0.0,0.0,0.0,0.0,0.0,0.0,1.0395355,0.0,0.0,0.0,0.0,0.0,0.0,0.0,0.0,0.0,0.0,0.0,0.0,0.0,0.0,0.0,0.0,0.0,0.0,0.0,0.0,0.0,0.54527617
PIEZO1,0.0,0.0,0.0,0.0,0.0,0.0,0.0,0.14544432,0.0,0.0,0.0,0.0,0.0,0.0,0.0,0.0,0.0,0.0,0.0,0.0,0.0,0.0,0.0,0.0,0.24801257,0.0,0.0,0.0,0.0,0.0,0.0,0.0,0.0,0.0,0.0,0.0,0.0,0.0,0.0,0.0,0.0,0.0
CDT1,0.0,0.0,0.0,0.0,0.80870324,0.0,0.0,0.8519245,0.0,0.0,0.0,0.0,0.0,0.0,0.0,0.0,0.0,0.0,0.0,0.0,0.0,0.0,0.0,0.0,0.27654222,0.0,0.0,0.22327468,0.0,0.0,0.0,0.0,0.0,0.0,0.0,0.0,0.0,0.0,0.0,0.0,0.0,0.0
APRT,0.9897175,0.0,0.7864237,0.9969976,0.88161564,1.2172527,1.201035,1.5399984,0.0,0.8481529,0.8185749,1.074369,1.5203841,1.106406,0.0,0.856079,0.0,0.92401624,0.9865434,1.1610308,1.2600877,0.0,0.94093764,0.55105233,1.0999475,0.0,0.0,1.226624,0.863107,0.0,1.337571,1.1146662,1.1994536,1.1029652,1.335038,1.019102,1.1081016,1.2215213,1.1279857,1.1947769,1.0624948,1.3727466
TRAPPC2L,0.0,0.0,0.0,0.47348762,0.35447133,0.0,0.33295542,0.4616669,0.0,0.18155362,0.0,0.0,0.0,0.0,0.0,0.0,0.0,0.0,0.0,0.0,0.0,0.0,0.0,0.0,0.49671936,0.0,0.0,0.31937382,0.0,0.0,0.0,0.0,0.0,0.0,0.0,0.0,0.0,0.0,0.0,0.0,0.0,0.0
CBFA2T3,0.0,0.0,0.0,0.0,0.0,0.28412688,0.0,0.0,0.0,0.0,0.0,0.0,0.0,0.0,0.0,0.0,0.0,0.0,0.0,0.0,0.0,0.0,0.0,0.0,0.0,0.0,0.0,0.0,0.0,0.0,0.0,0.0,0.0,0.0,0.0,0.0,0.0,0.0,0.0,0.0,0.0,0.82576
ANKRD11,0.6719898,0.0,0.51924515,0.7360044,1.0354657,0.5944774,0.91434515,0.43713537,0.0,0.79287326,0.0,0.8423759,0.44090223,0.0,0.0,0.0,0.44062182,0.0,0.0,1.1156309,1.0711213,0.0,0.65158486,0.3733489,0.5919916,1.1631637,0.0,0.63510203,0.6136255,0.0,0.7521607,0.92627585,0.85936296,0.0,0.8218471,0.0,0.8247868,0.9070905,0.0,0.0,0.0,1.2869567
SPG7,0.0,0.0,0.0,0.0,0.0,0.0,0.0,0.0,0.0,0.3953033,0.0,0.0,0.0,0.0,0.0,0.0,0.0,0.0,0.0,0.0,0.0,0.0,0.0,0.0,0.12525262,0.0,0.0,0.0,0.0,0.0,0.0,0.0,0.0,0.0,0.0,0.0,0.0,0.0,0.0,0.0,0.0,0.0
RPL13,4.2436423,3.2443767,3.646933,3.8586154,3.328317,3.9171715,4.027523,4.112459,3.3717103,3.7349238,4.1711993,3.3816867,3.7765784,4.310572,4.144778,4.106646,3.732294,2.984542,4.438203,3.5902696,4.071842,4.4808626,3.5808158,2.949755,3.6704786,3.593863,3.792121,4.3386292,4.1150694,2.4084158,4.656545,3.9714398,4.5131226,4.0436583,4.828573,4.5351486,4.6937375,4.3937907,4.1010027,4.1904707,4.2314253,4.1514378
CHMP1A,0.0,0.0,0.0,0.0,0.0,0.0,0.0,0.15539156,0.0,0.0,0.0,0.0,0.0,0.0,0.0,0.0,0.0,0.0,0.0,0.0,0.0,0.0,0.0,0.0,0.11483783,0.0,0.0,0.0,0.0,0.0,0.0,0.0,0.0,0.0,0.0,0.0,0.0,0.0,0.0,0.0,0.0,0.0
CDK10,0.0,0.0,0.0,0.0,0.0,0.0,0.0,0.1391865,0.0,0.0,0.0,0.0,0.0,0.0,0.0,0.0,0.0,0.0,0.0,0.0,0.0,0.0,0.0,0.0,0.0,0.0,0.0,0.0,0.0,0.0,0.0,0.0,0.0,0.0,0.0,0.0,0.0,0.0,0.0,0.0,0.0,0.0
TCF25,0.90175134,0.0,0.90969706,0.899518,1.022867,0.7064579,0.9711418,0.6713408,0.0,0.63124,0.81207776,0.95204604,0.7257168,0.9650654,0.77814996,0.55024385,0.60144675,0.0,0.9033654,1.3296468,1.1431155,0.0,0.9856727,0.6946338,0.75982106,0.0,0.0,0.8006358,0.67652607,0.0,0.79876447,1.1322428,0.78386027,1.1309627,0.7367584,0.8368124,0.8185041,0.86961895,1.0740305,1.0995464,0.0,1.1089524
DEF8,0.0,0.0,0.0,0.0,0.0,0.0,0.0,0.0,0.0,0.0,0.0,0.0,0.0,0.0,0.0,0.0,0.0,0.0,0.0,0.0,0.0,0.0,0.0,0.0,0.17365827,0.0,0.0,0.0,0.0,0.0,0.0,0.0,0.0,0.0,0.0,0.0,0.0,0.0,0.0,0.0,0.0,0.0
RFLNB,0.0,0.0,0.51644826,0.845853,0.0,0.0,0.0,0.0,0.0,0.0,0.0,0.0,0.0,0.0,0.0,0.0,1.6817098,0.0,0.0,0.0,0.0,0.0,0.0,0.0,0.0,0.0,0.0,0.21596861,0.0,0.0,0.0,0.0,0.0,0.0,0.0,0.0,0.0,0.0,0.0,0.0,0.0,0.0
VPS53,0.0,0.0,0.0,0.0,0.0,0.0,0.0,0.0,0.0,0.0,0.0,0.0,0.44090223,0.0,0.0,0.0,0.0,0.0,0.0,0.0,0.0,0.0,0.0,0.0,0.0,0.0,0.0,0.0,0.0,0.0,0.0,0.0,0.0,0.0,0.0,0.0,0.0,0.0,0.0,0.0,0.0,0.0
GLOD4,0.0,0.0,0.0,0.0,0.0,0.0,0.0,0.2336039,0.0,0.0,0.0,0.0,0.0,0.0,0.0,0.0,0.0,0.0,0.0,0.0,0.0,0.0,0.0,0.0,0.0,0.0,0.0,0.0,0.0,0.0,0.0,0.0,0.0,0.0,0.0,0.0,0.0,0.0,0.0,0.0,0.0,0.0
TIMM22,0.0,0.0,0.0,0.0,0.0,0.0,0.0,0.18280953,0.0,0.18083665,0.0,0.0,0.0,0.0,0.0,0.0,0.0,0.0,0.0,0.0,0.0,0.0,0.0,0.0,0.0,0.0,0.0,0.0,0.0,0.0,0.0,0.0,0.0,0.0,0.0,0.0,0.0,0.0,0.0,0.0,0.0,0.0
YWHAE,0.7556761,0.0,0.8846228,1.2051224,0.83352005,0.8779965,1.180024,1.3617074,0.0,1.3901137,0.0,1.0348424,1.1682736,0.0,0.9916867,0.32720572,0.98126864,1.7799025,0.0,0.0,0.0,0.0,0.7469823,0.5600125,1.3122048,0.0,0.0,1.2185212,0.0,0.0,0.0,0.0,0.0,0.0,0.0,0.0,0.0,0.0,0.0,0.0,0.0,0.9086499
INPP5K,0.0,0.0,0.0,0.0,0.0,0.0,0.0,0.0,0.0,0.36239028,0.0,0.0,0.0,0.0,0.0,0.0,0.0,0.0,0.0,0.0,0.0,0.0,0.0,0.0,0.0,0.0,0.0,0.0,0.0,0.0,0.0,0.0,0.0,0.0,0.0,0.0,0.0,0.0,0.0,0.0,0.0,0.0
PITPNA,0.0,0.0,0.0,0.0,0.0,0.0,0.30307323,0.0,0.0,0.0,0.0,0.4254868,0.0,0.0,0.0,0.0,0.0,0.0,0.0,0.0,0.0,0.0,0.0,0.0,0.08575259,0.0,0.0,0.0,0.0,0.0,0.0,0.0,0.0,0.0,0.0,0.0,0.0,0.0,0.0,0.0,0.0,0.0
SLC43A2,0.0,0.0,0.0,0.0,0.0,0.0,0.0,0.0,0.0,0.0,0.0,0.8840804,0.0,0.0,0.0,0.0,0.0,0.0,0.0,0.0,0.0,0.0,0.65947485,0.0,0.0,0.0,0.0,0.0,0.0,0.0,0.0,0.0,0.0,0.0,0.0,0.0,0.0,0.0,0.0,0.0,0.0,0.0
RILP,0.0,0.0,0.0,0.0,0.0,0.0,0.0,0.24168527,0.0,0.0,0.0,0.0,0.0,0.0,0.0,0.0,0.0,0.0,0.0,0.0,0.0,0.0,0.0,0.0,0.0,0.0,0.0,0.0,0.0,0.0,0.0,0.0,0.0,0.0,0.0,0.0,0.0,0.0,0.0,0.0,0.0,0.0
PRPF8,0.0,0.0,0.0,0.39438182,0.5764432,0.3828968,0.40772784,0.5473718,0.0,0.66260076,0.0,0.4963503,0.0,0.0,1.1810663,0.0,0.0,0.0,0.0,0.0,0.0,0.0,0.0,0.0,0.3376497,0.0,0.0,0.4681976,0.0,0.0,0.0,0.0,0.0,0.0,0.0,0.0,0.0,0.0,0.0,0.0,0.0,0.54228264
MIR22HG,0.0,0.0,0.0,0.0,0.0,0.0,0.37851083,0.0,0.0,0.0,0.0,0.0,0.0,0.0,0.0,0.0,0.0,0.0,0.0,0.0,0.0,0.0,0.0,0.0,0.0,0.0,0.0,0.0,0.0,0.0,0.0,0.0,0.0,0.0,0.0,0.0,0.0,0.0,0.0,0.0,0.0,0.0
SERPINF2,0.0,0.0,0.0,0.0,0.0,0.41900888,0.0,0.0,0.0,0.0,0.0,0.0,0.0,0.0,0.0,0.0,0.0,0.0,0.0,0.0,0.0,0.0,0.0,0.0,0.0,0.0,0.0,0.0,0.0,0.0,0.0,0.0,0.0,0.0,0.0,0.0,0.0,0.0,0.0,0.0,0.0,0.0
SERPINF1,0.0,0.0,0.0,0.0,0.0,0.88654757,0.0,0.0,0.0,0.0,0.0,0.0,0.0,0.0,0.0,0.0,0.0,0.0,0.0,0.0,0.0,0.0,0.0,0.0,0.0,0.0,0.0,0.0,0.0,0.0,0.0,0.0,0.0,0.0,0.0,0.0,0.0,0.0,0.0,0.0,0.0,1.8446494
RPA1,0.0,0.0,0.0,0.0,0.56904423,0.0,0.0,0.49789536,0.0,0.0,0.0,0.0,0.0,0.0,0.0,0.0,0.0,0.0,0.0,0.0,0.0,0.0,0.0,0.0,0.1802879,0.0,0.0,0.07489602,0.0,0.0,0.0,0.0,0.0,0.0,0.0,0.0,0.0,0.0,0.0,0.0,0.0,0.0
OVCA2,0.0,0.0,0.0,0.0,0.0,0.0,0.0,0.0,0.0,0.18083665,0.0,0.0,0.0,0.0,0.0,0.0,0.0,0.0,0.0,0.0,0.0,0.0,0.0,0.0,0.0,0.0,0.0,0.0,0.0,0.0,0.0,0.0,0.0,0.0,0.0,0.0,0.0,0.0,0.0,0.0,0.0,0.0
TSR1,0.0,0.0,0.0,0.0,0.0,0.0,0.0,0.3905276,0.0,0.0,0.0,0.0,0.0,0.0,0.0,0.0,0.0,0.0,0.0,0.0,0.0,0.0,0.0,0.0,0.20875011,0.0,0.0,0.0,0.0,0.0,0.0,0.0,0.0,0.0,0.0,0.0,0.0,0.0,0.0,0.0,0.0,0.0
PAFAH1B1,0.57448566,0.0,0.0,0.31983316,0.75177777,0.0,0.41449797,0.16742976,0.0,0.7637583,0.59476876,0.0,0.7458428,0.0,0.0,0.0,0.0,0.0,0.0,0.0,0.0,0.0,0.44103104,0.0,0.39058423,0.0,0.0,0.0,0.0,0.0,0.0,0.0,0.0,0.0,0.0,0.0,0.0,0.0,0.0,0.0,0.0,0.0
CLUH,0.0,0.0,0.0,0.0,0.0,0.0,0.0,0.19237879,0.0,0.0,0.0,0.0,0.0,0.0,0.0,0.0,0.0,0.0,0.0,0.0,0.0,0.0,0.0,0.0,0.0,0.0,0.0,0.0,0.0,0.0,0.0,0.0,0.0,0.0,0.0,0.0,0.0,0.0,0.0,0.0,0.0,0.0
TAX1BP3,0.0,0.0,0.0,0.0,0.0,0.329874,0.0,0.0,0.0,0.0,0.0,0.0,0.0,0.0,0.0,0.0,0.0,0.0,0.0,0.0,0.0,0.0,0.0,0.0,0.0,0.0,0.0,0.0,0.0,0.0,0.0,0.0,0.0,0.0,0.0,0.0,0.0,0.0,0.0,0.0,0.0,0.0
EMC6,0.0,0.0,0.0,0.0,0.34792197,0.37521976,0.42581785,0.58418286,0.0,0.36239028,0.0,0.0,0.0,0.0,0.0,0.0,0.0,0.0,0.0,0.0,0.0,0.0,0.0,0.2719523,0.62534213,0.0,0.0,0.2703816,0.0,0.0,0.0,0.0,0.0,0.0,0.0,0.0,0.0,0.0,0.0,0.0,0.0,0.47629565
P2RX5,1.3783226,0.0,0.0,0.0,0.0,0.0,0.0,0.0,0.0,0.0,0.0,0.0,0.0,0.0,0.9916867,0.0,0.0,0.0,1.3198199,0.0,0.0,1.5515661,0.0,0.0,0.5574176,1.8746909,1.0581769,0.0,0.0,0.0,0.0,0.0,0.0,0.0,0.0,0.0,0.0,0.0,0.0,0.0,0.0,0.0
ITGAE,0.0,0.0,0.0,0.4016288,0.48311728,0.0,0.42581785,0.19520792,0.0,0.0,0.0,0.0,0.0,0.0,0.0,0.0,0.0,0.0,0.0,0.0,0.0,0.0,0.0,0.0,0.6292043,0.45580325,0.0,0.24306586,0.0,0.0,0.0,0.0,0.0,0.0,0.0,0.0,0.0,0.0,0.0,0.0,0.0,0.7103058
NCBP3,0.0,0.0,0.0,0.0,0.0,0.0,0.0,0.16892378,0.0,0.5482596,0.0,0.0,0.0,0.0,0.0,0.0,0.0,0.0,0.0,0.0,0.0,0.0,0.0,0.0,0.14972688,0.0,0.0,0.0,0.0,0.0,0.0,0.0,0.0,0.0,0.0,0.0,0.0,0.0,0.0,0.0,0.0,0.0
P2RX1,0.0,0.0,0.0,0.0,0.0,0.0,0.0,0.0,0.0,0.0,0.0,0.0,0.0,0.0,0.0,0.0,0.0,0.19601874,0.0,0.0,0.0,0.0,0.0,0.0,0.0,0.0,0.935398,0.0,0.0,0.0,0.0,0.0,0.0,0.0,0.0,0.0,0.0,0.0,0.0,0.0,0.0,0.0
ATP2A3,0.72478276,0.0,0.0,0.0,0.59320664,0.0,0.0,0.0,0.0,0.25902426,0.0,0.0,0.0,0.0,0.0,0.0,0.8915274,0.72498465,0.0,0.0,0.0,0.0,0.0,0.0,0.36329395,1.2445265,0.0,0.36983958,0.0,0.0,0.0,0.0,0.0,0.0,0.0,0.0,0.0,0.0,0.0,0.0,0.0,0.5861207
ZZEF1,0.0,0.0,0.0,0.0,0.0,0.0,0.0,0.0,0.0,0.0,0.0,0.0,0.5578004,0.0,0.0,0.0,0.0,0.0,0.0,0.0,0.0,0.0,0.0,0.0,0.0,0.0,0.0,0.0,0.0,0.0,0.0,0.0,0.0,0.0,0.0,0.0,0.0,0.0,0.0,0.0,0.0,0.0
ANKFY1,0.0,0.0,0.0,0.0,0.0,0.0,0.0,0.0,0.0,0.18083665,0.0,0.0,0.0,0.0,0.0,0.0,0.0,0.0,0.0,0.0,0.0,0.0,0.0,0.0,0.0,0.0,0.0,0.0,0.0,0.0,0.0,0.0,0.0,0.0,0.0,0.0,0.0,0.0,0.0,0.0,0.0,0.0
UBE2G1,0.0,0.0,0.0,0.0,0.0,0.0,0.0,0.13638774,0.0,0.18155362,0.0,0.0,0.0,0.0,0.0,0.0,0.0,0.0,0.0,0.0,0.0,0.0,0.0,0.25083283,0.58513236,0.0,0.0,0.0,0.0,0.0,0.0,0.0,0.0,0.0,0.0,0.0,0.0,0.0,0.0,0.0,0.0,0.0
SPNS3,0.0,0.0,0.0,0.0,0.0,0.0,0.0,0.0,0.0,0.0,0.0,0.0,0.0,0.0,0.0,0.0,0.0,0.0,0.0,0.0,0.0,0.0,0.0,0.0,0.0,0.0,0.0,0.0,0.0,0.0,0.0,0.0,0.0,0.0,0.0,0.0,0.0,0.0,0.0,0.0,0.0,0.6153934
MYBBP1A,0.0,0.0,0.0,0.0,0.0,0.0,0.0,0.19282532,0.0,0.0,0.0,0.0,0.0,0.0,0.0,0.0,0.0,0.0,0.0,0.0,0.0,0.0,0.0,0.0,0.0,0.0,0.0,0.0,0.0,0.0,0.0,0.0,0.0,0.0,0.0,0.0,0.0,0.0,0.0,0.0,0.0,0.0
PELP1,0.0,0.0,0.0,0.0,0.0,0.0,0.0,0.19094911,0.0,0.0,0.0,0.0,0.0,0.0,0.0,0.0,0.0,0.0,0.0,0.0,0.0,0.0,0.0,0.0,0.19805485,0.0,0.0,0.0,0.0,0.0,0.0,0.0,0.0,0.0,0.0,0.0,0.0,0.0,0.0,0.0,0.0,0.0
ARRB2,0.0,0.0,1.32917,0.9096971,0.759801,0.442071,1.0929775,0.0,0.0,0.47256014,0.0,1.6444154,1.1757209,0.0,0.0,0.0,0.0,0.0,0.0,0.0,0.0,0.0,1.6027458,0.0,0.0,0.0,0.0,0.0,0.0,0.0,0.0,0.0,0.0,0.0,0.0,0.0,0.0,0.0,0.0,0.0,0.0,0.0
CXCL16,0.0,0.8459288,0.0,0.0,0.0,1.5874956,0.3689735,0.0,0.0,0.0,0.0,1.3130223,1.661052,0.0,0.0,0.0,0.0,0.0,0.0,0.0,0.0,0.0,1.4389181,0.0,0.0,0.0,0.0,0.0,0.0,0.0,0.0,0.0,0.0,0.0,0.0,0.0,0.0,0.0,0.0,0.0,0.0,0.0
VMO1,0.0,0.0,0.0,0.0,0.0,0.55245733,0.0,0.0,0.0,0.0,0.0,0.0,0.0,0.0,0.0,0.0,0.0,0.0,0.0,0.0,0.0,0.0,0.0,0.0,0.0,0.0,0.0,0.0,0.0,0.0,0.0,0.0,0.0,0.0,0.0,0.0,0.0,0.0,0.0,0.0,0.0,0.0
PSMB6,0.57448566,0.0,0.0,0.7245983,1.040318,0.8772303,0.94709146,1.2000004,0.0,0.83152956,0.0,1.054872,1.141807,0.0,0.0,0.0,0.0,0.0,0.0,0.0,0.0,0.0,0.7696065,0.6292656,1.4008695,0.0,0.0,0.66035354,0.0,0.0,0.0,0.0,0.0,0.0,0.0,0.0,0.0,0.0,0.0,0.0,0.0,0.81211257
GP1BA,0.0,0.0,0.0,0.0,0.0,0.0,0.0,0.0,0.0,0.0,0.0,0.0,0.0,0.0,0.0,0.0,0.0,0.988343,0.0,0.0,0.0,0.0,0.0,0.0,0.0,0.0,0.0,0.0,0.0,0.0,0.0,0.0,0.0,0.0,0.0,0.0,0.0,0.0,0.0,0.0,0.0,0.0
SLC25A11,0.0,0.0,0.0,0.0,0.58826715,0.28951037,0.41658252,0.39461213,0.0,0.23380059,0.0,0.0,0.5578004,0.0,0.0,0.0,0.0,0.0,0.0,0.0,0.0,0.0,0.0,0.0,0.44657642,0.0,0.0,0.0,0.0,0.0,0.0,0.0,0.0,0.0,0.0,0.0,0.0,0.0,0.0,0.0,0.0,0.0
RNF167,0.0,0.0,0.0,0.0,0.7429997,0.0,0.0,0.33988395,0.0,0.25902426,0.0,0.0,0.0,0.0,0.0,0.0,0.0,0.0,0.0,0.0,0.0,0.0,0.0,0.0,0.17900646,0.0,0.0,0.0,0.0,0.0,0.0,0.0,0.0,0.0,0.0,0.0,0.0,0.0,0.0,0.0,0.0,0.0
PFN1,2.4500058,2.2670116,2.7262979,3.1427786,3.676674,3.1996353,3.1549442,2.6311388,3.2277079,3.2321544,2.1662598,3.0865672,2.4384756,2.499492,2.4733443,2.832611,2.5656936,3.67247,2.2387426,3.1007888,2.9921737,2.0509222,3.1404533,0.89902043,2.270976,2.3197012,1.9127481,2.6083841,2.6083398,0.0,2.483185,2.8120751,2.3433619,2.726601,2.2190661,2.279758,2.226739,2.801595,2.7264738,2.5767531,2.5602677,2.7060523
SPAG7,0.0,0.0,0.0,0.0,0.0,0.3828968,0.49061,0.23162274,0.0,0.0,0.0,0.0,0.0,0.0,0.0,0.0,0.0,0.0,0.0,0.0,0.0,0.0,0.0,0.0,0.27262,0.0,0.0,0.0,0.0,0.0,0.0,0.0,0.0,0.0,0.0,0.0,0.0,0.0,0.0,0.0,0.0,0.0
SCIMP,0.79675174,0.0,0.0,0.0,0.0,0.0,0.35860544,0.0,0.0,0.0,0.0,0.0,0.44090223,0.0,0.77814996,0.0,0.0,0.0,0.0,0.0,0.0,0.0,0.73559976,0.0,0.0,0.0,0.0,0.0,0.0,0.0,0.0,0.0,0.0,0.0,0.0,0.0,0.0,0.0,0.0,0.0,0.0,0.0
RABEP1,0.0,0.0,0.0,0.0,0.0,0.0,0.0,0.23719434,0.0,0.4153542,0.0,0.0,0.0,0.0,0.0,0.0,0.0,0.0,0.0,0.0,0.0,0.0,0.0,0.0,0.12564816,0.0,0.0,0.0,0.0,0.0,0.0,0.0,0.0,0.0,0.0,0.0,0.0,0.0,0.0,0.0,0.0,0.0
RPAIN,0.0,0.0,0.0,0.0,0.0,0.0,0.27371624,0.4426146,0.0,0.0,0.0,0.0,0.44090223,0.0,0.0,0.0,0.0,0.0,0.0,0.0,0.0,0.0,0.0,0.0,0.12226113,0.0,0.0,0.19050221,0.0,0.0,0.0,0.0,0.0,0.0,0.0,0.0,0.0,0.0,0.0,0.0,0.0,0.0
C1QBP,0.7611661,0.0,0.0,0.6638203,0.41560924,1.0982568,0.91747737,1.940455,0.0,0.9497661,0.0,0.0,0.0,0.0,0.0,0.0,0.0,0.0,0.0,0.0,0.0,0.0,0.0,0.2612567,1.2679353,0.0,0.0,1.3445168,0.0,0.0,0.77064997,0.0,0.0,0.0,0.8699814,0.8368124,0.77770454,0.0,0.0,0.0,0.0,0.9951049
DERL2,0.0,0.0,0.0,0.0,0.0,0.0,0.0,0.0,0.0,0.0,0.0,0.0,0.0,0.0,0.0,0.0,0.0,0.0,0.0,0.0,0.0,0.0,0.0,0.2383474,0.42435038,0.0,0.0,0.0,0.0,0.0,0.0,0.0,0.0,0.0,0.0,0.0,0.0,0.0,0.0,0.0,0.0,0.0
TXNDC17,0.0,0.0,0.0,0.7544806,0.3658878,0.5035982,0.53033197,0.6482827,0.0,0.5521189,0.0,0.5073828,0.97920024,0.0,0.0,0.0,0.0,0.0,0.0,0.0,0.0,0.0,0.41657367,0.2128804,1.0335329,0.0,0.0,0.5253154,0.0,0.0,0.0,0.0,0.0,0.0,0.0,0.0,0.0,0.0,0.0,0.0,0.0,0.0
ALOX12,0.0,0.0,0.0,0.0,0.0,0.0,0.0,0.0,0.0,0.0,0.0,0.0,0.0,0.0,0.0,0.0,0.0,0.8066492,0.0,0.0,0.0,0.0,0.0,0.0,0.0,0.0,0.0,0.0,0.0,0.0,0.0,0.0,0.0,0.0,0.0,0.0,0.0,0.0,0.0,0.0,0.0,0.0
RNASEK,1.4853401,2.2040088,2.064569,1.8832352,1.4275126,1.6727626,1.9585474,1.0213801,2.0671954,1.3694005,1.3559539,2.2677875,2.2312644,1.3460244,1.511234,1.8329176,1.4004238,1.7148108,1.5951133,1.4673207,1.2789944,1.4058071,2.2236056,1.2202039,1.3110392,1.70853,1.6043375,1.4383718,1.4098437,0.0,1.3293402,1.4344144,1.1258705,1.3683057,1.1202725,1.0120792,1.0641084,1.3703829,1.3816624,1.1415893,1.2524059,1.8500979
BACC1,0.0,0.0,0.0,0.7406249,1.1739941,0.48604932,1.0364048,0.42724004,0.0,0.18083665,0.61280143,0.5073828,0.0,0.0,0.0,0.0,0.72386503,0.0,0.0,0.0,0.0,0.0,0.6030148,0.0,0.644377,0.0,0.0,0.49260408,0.0,0.0,0.0,0.0,0.0,0.0,0.0,0.0,0.0,0.0,0.0,0.0,0.0,0.7400955
CLEC10A,0.0,0.0,0.0,0.0,0.0,0.0,0.8487099,0.0,0.0,0.0,0.0,0.0,0.0,0.0,0.0,0.0,0.0,0.0,0.0,0.0,0.0,0.0,0.0,0.0,0.0,0.0,0.0,0.0,0.0,0.0,0.0,0.0,0.0,0.0,0.0,0.0,0.0,0.0,0.0,0.0,0.0,0.0
ACADVL,0.0,0.0,0.0,0.4708239,0.47860515,0.4165121,0.42856002,0.7663317,0.0,0.36239028,0.0,1.0348424,0.7257168,0.0,0.0,0.0,0.0,0.0,0.0,0.0,0.0,0.0,0.0,0.8057398,0.5257547,0.0,0.0,0.4350984,0.0,0.0,0.0,0.0,0.0,0.0,0.0,0.0,0.0,0.0,0.0,0.0,0.0,0.6479765
GABARAP,1.6120028,2.195094,2.402396,2.3249109,1.3608207,2.1496089,2.4673018,1.0322533,2.6753035,1.5213013,1.2266064,2.4635901,2.2544127,1.1145974,1.1548164,1.9724705,1.5329851,1.36202,1.3945656,1.2442571,1.0911355,1.3727977,2.5346665,1.1409609,1.0393786,1.713211,1.5607154,1.4859935,1.3075169,0.0,1.1613321,1.1667866,1.0647304,1.1348503,1.097946,1.00594,1.1039742,1.2904308,1.1569046,1.164128,1.2250758,2.286437
CTDNEP1,0.0,0.0,0.60089874,0.78954685,0.66837674,0.38395348,0.7368693,0.22421369,0.0,0.41463724,0.0,0.8635058,0.5578004,0.0,1.1548164,0.0,0.0,0.0,0.0,0.0,0.0,0.0,0.58741415,0.0,0.53859997,0.0,0.0,0.56183004,0.0,0.0,0.0,0.0,0.0,0.0,0.0,0.0,0.0,0.0,0.0,0.0,0.0,0.72148144
ELP5,0.0,0.0,0.0,0.0,0.0,0.0,0.0,0.40964162,0.0,0.25902426,0.0,0.0,0.44090223,0.0,0.0,0.0,0.0,0.0,0.0,0.0,0.0,0.0,0.0,0.0,0.18442562,0.0,0.0,0.17433894,0.0,0.0,0.0,0.0,0.0,0.0,0.0,0.0,0.0,0.0,0.0,0.0,0.0,0.0
EIF5A,1.1879435,0.0,0.7094234,1.2630138,1.5237501,1.1205856,1.1540725,2.3183084,0.0,1.4796364,1.2193325,1.2353609,0.0,1.0196077,1.1548164,1.1199477,0.79633355,1.511806,1.1165282,1.209013,1.2168181,1.1073548,0.9881882,0.6692123,1.8005635,0.0,0.0,1.4262094,0.6984744,0.0,1.0370313,1.049655,0.9401267,1.0273173,1.051408,1.0165595,0.96476376,1.0523171,1.0392697,0.99511296,1.0725102,1.1389127
GPS2,0.0,0.0,0.0,0.0,0.752841,0.0,0.4026517,0.34940085,0.0,0.7637583,0.77548546,0.5367148,0.44090223,0.0,0.0,0.0,0.0,0.0,0.0,0.0,0.0,0.0,0.5091381,0.12958227,0.35774535,0.0,0.0,0.0,0.0,0.0,0.0,0.0,0.0,0.0,0.0,0.0,0.0,0.0,0.0,0.0,0.0,0.53007364
ACAP1,0.6262727,0.0,0.0,0.0,0.82673526,0.0,0.5682135,0.0,0.0,0.47256014,1.1428969,0.0,0.0,1.0996802,0.0,0.0,0.0,0.0,0.87820303,1.1018226,1.3202229,0.0,0.0,0.16702053,0.27992752,0.0,0.0,0.18794215,0.6581844,1.5123363,1.079645,1.1266451,1.2103336,1.1666348,1.0697985,1.0097445,1.065104,1.1760824,1.1887102,1.0995464,1.0725102,0.8123914
TMEM256,0.0,0.0,0.0,0.82090575,0.4451917,0.6884801,0.6524383,0.6210105,0.0,0.71783197,0.0,0.5073828,0.0,0.0,0.0,0.0,0.0,0.0,0.0,0.0,0.0,0.0,0.54248685,0.4286346,0.6459526,0.0,0.0,0.66566443,0.0,0.0,0.0,0.0,0.0,0.0,0.0,0.0,0.0,0.0,0.0,0.0,0.0,0.62685454
POLR2A,0.0,0.0,0.0,0.3356921,0.76365864,0.40235615,0.41995525,0.43291238,0.0,0.4153542,0.48630244,0.0,0.0,0.0,0.0,0.0,0.0,0.0,0.0,0.0,0.0,0.0,0.3870406,0.0,0.37066114,0.0,0.0,0.44049215,0.0,0.0,0.0,0.0,0.0,0.0,0.0,0.0,0.0,0.0,0.0,0.0,0.0,0.7270786
TNFSF12,0.0,0.0,0.0,0.0,0.0,0.0,0.0,0.0,0.0,0.23380059,0.0,0.0,0.0,0.0,0.0,0.0,0.0,0.0,0.0,0.0,0.0,0.0,0.0,0.0,0.0,0.0,0.0,0.0,0.0,0.0,0.0,0.0,0.0,0.0,0.0,0.0,0.0,0.0,0.0,0.0,0.0,0.0
TNFSF13,0.0,0.0,0.52626175,0.72713596,0.0,0.0,0.49645084,0.0,0.0,0.0,0.0,0.5073828,0.0,0.0,0.0,0.0,0.0,0.0,0.0,0.0,0.0,0.0,0.6791715,0.0,0.0,0.0,0.0,0.0,0.0,0.0,0.0,0.0,0.0,0.0,0.0,0.0,0.0,0.0,0.0,0.0,0.0,0.0
EIF4A1,1.3703829,1.9932405,2.194818,2.3482833,1.9024646,1.7931623,2.2970743,2.4350743,1.9926773,1.881964,1.8353482,2.2970972,2.3604677,1.7909266,1.3148127,2.0230935,1.8587508,1.7417915,1.2953697,1.7842643,1.8921788,1.2384844,2.0560293,0.8637041,2.1355352,0.0,1.409537,2.406592,1.5151975,1.3614675,1.4772869,1.362494,1.3245585,1.5935496,1.4210445,1.4294914,1.4058071,1.630128,1.4753764,1.5989608,1.5293832,1.9306482
CD68,0.0,2.7784677,1.5350722,0.9319314,0.0,0.34115425,0.5621453,0.0,2.8174474,0.0,0.0,2.4511735,2.4614627,0.0,0.8421502,0.0,0.0,0.0,0.0,0.0,0.0,0.0,2.1470826,0.0,0.0,0.0,0.0,0.0,0.0,0.0,0.0,0.0,0.0,0.0,0.0,0.0,0.0,0.0,0.0,0.0,0.0,1.313884
MPDU1,0.0,0.0,0.0,0.0,0.0,0.0,0.0,0.3936967,0.0,0.18083665,0.0,0.0,0.0,0.0,0.0,0.0,0.0,0.0,0.0,0.0,0.0,0.0,0.0,0.0,0.3187574,0.0,0.0,0.0,0.0,0.0,0.0,0.0,0.0,0.0,0.0,0.0,0.0,0.0,0.0,0.0,0.0,0.0
SAT2,0.0,0.0,0.5403253,0.0,0.0,0.5034041,0.4579872,0.0,0.0,0.5734832,0.0,0.47305363,0.5578004,0.0,0.0,0.0,0.0,0.0,0.0,0.0,0.0,0.0,0.5393244,0.31009677,0.13131355,0.0,0.0,0.0,0.0,0.0,0.0,0.0,0.0,0.0,0.0,0.0,0.0,0.0,0.0,0.0,0.0,0.0
TP53,0.0,0.0,0.0,0.0,0.0,0.0,0.0,0.18598387,0.0,0.23380059,0.0,0.0,0.0,0.0,0.0,0.0,0.0,0.0,0.0,0.0,0.0,0.0,0.0,0.0,0.0,0.0,0.0,0.0,0.0,0.0,0.0,0.0,0.0,0.0,0.0,0.0,0.0,0.0,0.0,0.0,0.0,0.0
KDM6B,0.0,0.0,0.0,0.0,0.0,0.4580726,0.35860544,0.0,0.0,0.44057786,0.9341768,0.965619,0.5578004,0.0,1.2104161,0.0,0.0,0.0,0.0,0.0,0.0,0.0,0.509244,0.0,0.0,0.0,0.0,0.0,0.0,0.0,0.0,0.0,0.0,0.0,0.0,0.0,0.0,0.0,0.0,0.0,0.0,0.0
NAA38,0.0,0.0,0.69821036,1.3481663,0.9775084,0.4165121,0.7188798,1.0252299,0.0,1.0765451,0.0,0.5046885,0.5578004,0.0,0.0,0.0,0.6832411,2.3034627,0.0,0.0,0.0,0.0,0.7140068,0.4129873,1.0625623,0.0,0.0,1.3607074,0.0,0.0,0.0,0.0,0.0,0.0,0.0,0.0,0.0,0.0,0.0,0.0,0.0,0.0
CHD3,0.0,0.0,0.0,0.27138108,0.5499654,0.0,0.36318722,0.0,0.0,0.0,0.0,0.0,0.0,0.0,0.0,0.0,0.0,0.0,0.0,0.0,0.0,0.0,0.0,0.0,0.0,0.0,0.0,0.18069369,0.0,0.0,0.0,0.0,0.0,0.0,0.0,0.0,0.0,0.0,0.0,0.0,0.0,0.0
TRAPPC1,0.9556099,0.4832946,0.9025785,1.035375,1.1957157,1.1034803,1.0745382,0.6950928,0.0,0.4977838,0.0,1.0545062,0.0,0.0,0.9916867,0.0,0.7763595,1.2843144,0.77074575,1.0226194,0.9220148,0.0,0.9552411,0.24428296,0.8128563,0.0,0.0,0.7831522,0.67117774,0.0,0.0,0.86184645,0.0,0.0,0.0,0.0,0.0,0.8403492,0.0,0.0,0.0,1.0443451
PER1,0.0,0.0,0.58376193,0.38292694,0.0,0.48604932,0.5908609,0.18107352,0.0,0.0,0.5784484,1.0209692,0.7257168,0.8291291,0.6868571,0.0,0.46314353,0.0,0.0,0.0,0.0,0.0,0.7158567,0.0,0.0,0.0,0.0,0.0,0.0,0.0,0.0,0.0,0.0,0.0,0.0,0.0,0.0,0.0,0.0,0.0,0.0,0.0
VAMP2,1.250002,0.6126078,0.6425415,0.5459024,1.0836407,0.69288063,0.8826514,0.0785802,0.0,0.47256014,1.1449375,0.4254868,0.0,1.2659537,1.0902166,0.46277606,0.82780087,0.0,1.2601783,1.3535357,1.352525,1.3528972,0.65259373,0.30019924,0.33039644,1.0356917,1.5184323,0.44314623,1.2431997,0.0,1.2886198,1.2736862,1.2186607,1.1968684,1.4482682,1.0058527,1.1777903,1.2890005,1.2775927,1.2911952,1.5883365,1.0893326
TMEM107,0.0,0.0,0.0,0.0,0.47220236,0.0,0.0,0.0,0.0,0.0,0.0,0.0,0.0,0.0,0.0,0.0,0.0,0.0,0.0,0.0,0.0,0.0,0.0,0.30019924,0.3117829,0.0,0.0,0.0,0.0,0.0,0.0,0.0,0.0,0.0,0.0,0.0,0.0,0.0,0.0,0.0,0.0,0.0
AURKB,0.0,0.0,0.0,0.0,0.77703995,0.0,0.0,0.0,0.0,0.49282485,0.0,0.0,0.0,0.0,0.0,0.0,0.0,0.0,0.0,0.0,0.0,0.0,0.0,0.0,0.25929803,0.0,0.0,0.0,0.0,0.0,0.0,0.0,0.0,0.0,0.0,0.0,0.0,0.0,0.0,0.0,0.0,0.0
RANGRF,0.0,0.0,0.0,0.0,0.0,0.0,0.0,0.15469545,0.0,0.0,0.0,0.0,0.0,0.0,0.0,0.0,0.0,0.0,0.0,0.0,0.0,0.0,0.0,0.0,0.1597676,0.0,0.0,0.0,0.0,0.0,0.0,0.0,0.0,0.0,0.0,0.0,0.0,0.0,0.0,0.0,0.0,0.0
RPL26,3.6739218,2.6757882,3.0036922,2.9940658,2.8653579,3.7524495,3.6672482,3.8555608,2.9598715,3.5727305,3.6341913,3.0410657,3.120511,3.5137308,3.7012618,3.4377275,3.3812838,2.4295385,3.6976848,3.1435108,3.4090686,3.6798894,3.2697427,2.057047,3.1065814,3.3320408,3.3973927,3.6667085,3.4370365,1.6358733,3.8042848,3.5524383,3.682456,3.3196166,3.8002648,3.707567,3.864659,3.5786924,3.4812362,3.5387683,3.4774628,3.6158261
NDEL1,0.0,0.0,0.0,0.0,0.0,0.59812146,0.0,0.0,0.0,0.0,0.0,0.4254868,0.0,0.0,0.0,0.0,0.0,0.0,0.0,0.0,0.0,0.0,0.0,0.0,0.0,0.0,0.0,0.0,0.0,0.0,0.0,0.0,0.0,0.0,0.0,0.0,0.0,0.0,0.0,0.0,0.0,0.0
MYH10,0.0,0.0,0.0,0.0,0.0,0.0,0.0,0.37510586,0.0,0.0,0.0,0.0,0.0,0.0,0.0,0.0,0.0,0.0,0.0,0.0,0.0,0.0,0.0,0.0,0.0,0.0,0.0,0.0,0.0,0.0,0.0,0.0,0.0,0.0,0.0,0.0,0.0,0.0,0.0,0.0,0.0,0.0
PIK3R5,0.0,0.0,0.0,0.0,0.0,0.0,0.0,0.0,0.0,0.0,0.0,0.68302804,0.0,0.0,0.0,0.0,0.0,0.0,0.0,0.0,0.0,0.0,0.0,0.0,0.0,0.0,0.0,0.0,0.0,0.0,0.0,0.0,0.0,0.0,0.0,0.0,0.0,0.0,0.0,0.0,0.0,0.0
STX8,0.0,0.0,0.0,0.0,0.31798154,0.0,0.33419082,0.0,0.0,0.0,0.0,0.0,0.44090223,0.0,0.0,0.0,0.0,0.0,0.0,0.0,0.0,0.0,0.0,0.0,0.0,0.0,0.0,0.0,0.0,0.0,0.0,0.0,0.0,0.0,0.0,0.0,0.0,0.0,0.0,0.0,0.0,0.0
GAS7,0.0,0.0,0.8995825,0.583622,0.0,0.34115425,0.0,0.0,0.0,0.0,0.0,0.4254868,0.44090223,0.0,0.0,0.0,0.0,0.0,0.0,0.0,0.0,0.0,0.0,0.0,0.0,0.0,0.0,0.0,0.0,0.0,0.0,0.0,0.0,0.0,0.0,0.0,0.0,0.0,0.0,0.0,0.0,0.0
SCO1,0.0,0.0,0.0,0.0,0.0,0.0,0.0,0.16460665,0.0,0.0,0.0,0.0,0.0,0.0,0.0,0.0,0.0,0.0,0.0,0.0,0.0,0.0,0.0,0.0,0.0,0.0,0.0,0.0,0.0,0.0,0.0,0.0,0.0,0.0,0.0,0.0,0.0,0.0,0.0,0.0,0.0,0.0
ELAC2,0.0,0.0,0.0,0.0,0.0,0.0,0.0,0.28067487,0.0,0.0,0.0,0.0,0.0,0.0,0.0,0.0,0.0,0.0,0.0,0.0,0.0,0.0,0.0,0.0,0.16899817,0.0,0.0,0.0,0.0,0.0,0.0,0.0,0.0,0.0,0.0,0.0,0.0,0.0,0.0,0.0,0.0,0.0
PMP22,0.0,0.0,0.0,0.0,0.0,0.0,0.0,0.0,0.0,0.0,0.0,0.0,0.44090223,0.0,0.0,0.0,0.0,0.0,0.0,0.0,0.0,0.0,0.0,0.0,0.0,0.0,0.0,0.0,0.0,0.0,0.0,0.0,0.0,0.0,0.0,0.0,0.0,0.0,0.0,0.0,0.0,0.0
ZSWIM7,0.0,0.0,0.0,0.0,0.0,0.28305006,0.42269358,0.0,0.0,0.0,0.0,0.0,0.0,0.0,0.0,0.0,0.0,0.0,0.0,0.0,0.0,0.0,0.0,0.0,0.0,0.0,0.0,0.0,0.0,0.0,0.0,0.0,0.0,0.0,0.0,0.0,0.0,0.0,0.0,0.0,0.0,0.0
TTC19,0.0,0.0,0.0,0.0,0.0,0.4580726,0.42200556,0.14484286,0.0,0.0,0.0,0.0,0.0,0.0,0.0,0.0,0.0,0.0,0.0,0.0,0.0,0.0,0.0,0.0,0.07294999,0.0,0.0,0.0,0.0,0.0,0.0,0.0,0.0,0.0,0.0,0.0,0.0,0.0,0.0,0.0,0.0,0.0
NCOR1,0.85592324,0.0,0.64636755,0.582121,0.91912997,0.48126704,0.69831187,0.5759481,0.0,0.8984251,0.48630244,0.5367148,0.7257168,0.0,0.77814996,0.0,0.47658694,0.7875483,0.84596676,0.91969436,0.9211949,0.0,0.5890895,0.2558854,0.56378525,1.0329938,0.99275464,0.5610716,0.47378632,0.0,0.6912028,0.95664525,0.0,0.9348341,0.0,0.0,0.0,0.97246933,0.62324876,0.0,0.0,0.7231954
CENPV,0.0,0.0,0.0,0.0,0.0,0.0,0.0,0.40277502,0.0,0.0,0.0,0.0,0.0,0.0,0.0,0.0,0.0,0.0,0.0,0.0,0.0,0.0,0.0,0.0,0.0,0.0,0.0,0.0,0.0,0.0,0.0,0.0,0.0,0.0,0.0,0.0,0.0,0.0,0.0,0.0,0.0,0.0
UBB,1.5581446,1.870885,1.0790999,1.6317835,2.9164567,1.2927748,1.4249023,2.0725048,1.7132702,1.8251281,2.2634246,1.7578769,1.5848913,1.9536643,1.449307,1.9696379,2.0753913,1.8992751,1.6626089,2.3784277,2.2379565,1.813546,1.6891664,1.2787606,1.8795286,2.08103,1.9064292,1.8883605,2.0056686,0.0,1.55775,1.8683271,1.6639662,1.9615873,1.4930291,2.3904727,1.5752919,1.6578639,1.8469503,1.9695052,1.6639082,1.9191476
TRPV2,0.0,0.0,0.0,0.0,0.0,0.4224942,0.0,0.0,0.0,0.0,0.0,0.0,0.0,0.0,0.0,0.0,0.0,0.0,0.0,0.0,0.0,0.0,0.0,0.0,0.0,0.0,0.0,0.0,0.0,0.0,0.0,0.0,0.0,0.0,0.0,0.0,0.0,0.0,0.0,0.0,0.0,0.0
SNHG29,1.7704157,1.0205148,1.2987983,1.6972041,1.1752055,2.1303105,2.1649952,2.852239,1.4765928,2.134678,2.1512852,1.054872,1.3831153,1.6523842,1.6765134,2.1155257,2.349944,1.4170097,1.7852272,1.195902,1.7745725,1.6030685,1.3885415,0.556664,1.5346109,1.39204,1.9064292,2.9150977,1.7708368,0.0,2.070308,1.2858664,1.9695936,1.341001,2.3723392,2.008058,2.2340388,1.802147,1.3711501,1.6741028,1.7767111,2.4110913
TNFRSF13B,0.7233591,0.0,0.0,0.0,0.0,0.0,0.0,0.0,0.0,0.18083665,0.0,0.0,0.0,0.0,0.6868571,0.0,0.0,0.0,0.6612357,0.0,0.0,0.0,0.0,0.28807428,0.45808327,0.0,0.0,0.0,0.0,0.0,0.0,0.0,0.0,0.0,0.0,0.0,0.0,0.0,0.0,0.0,0.0,0.0
MPRIP,0.0,0.0,0.0,0.0,0.0,0.0,0.0,0.0,0.0,0.42031318,0.0,0.0,0.0,0.0,0.0,0.0,0.0,0.0,0.0,0.0,0.0,0.0,0.0,0.0,0.116415784,0.0,0.0,0.0,0.0,0.0,0.0,0.0,0.0,0.0,0.0,0.0,0.0,0.0,0.0,0.0,0.0,0.0
COPS3,0.0,0.0,0.0,0.4472673,0.6178162,0.0,0.4883857,1.0096323,0.0,0.62781835,0.0,0.0,0.0,0.0,0.0,0.0,0.0,0.0,0.0,0.0,0.0,0.0,0.0,0.0,0.5902984,0.0,0.0,0.48877585,0.0,0.0,0.0,0.0,0.0,0.0,0.0,0.0,0.0,0.0,0.0,0.0,0.0,0.0
RASD1,0.0,0.0,0.0,0.0,0.0,0.0,0.0,0.0,0.0,0.0,0.0,0.0,0.0,0.0,0.0,0.0,0.0,0.0,0.0,0.0,0.0,0.0,0.0,0.0,0.0,0.0,0.0,0.0,0.0,0.0,0.0,0.0,0.0,0.0,0.0,0.0,0.0,0.0,0.0,0.0,0.0,0.66016835
DRG2,0.0,0.0,0.0,0.0,0.0,0.0,0.0,0.17570476,0.0,0.0,0.0,0.0,0.0,0.0,0.0,0.0,0.0,0.0,0.0,0.0,0.0,0.0,0.0,0.0,0.14972688,0.0,0.0,0.0,0.0,0.0,0.0,0.0,0.0,0.0,0.0,0.0,0.0,0.0,0.0,0.0,0.0,0.0
ALKBH5,0.0,0.0,0.0,0.0,0.0,0.0,0.27371624,0.23719434,0.0,0.0,0.0,0.0,0.0,0.0,0.6868571,0.0,0.0,0.0,0.0,0.0,0.0,0.0,0.0,0.19715774,0.31360656,0.0,0.0,0.0,0.0,0.0,0.0,0.0,0.0,0.0,0.0,0.0,0.0,0.0,0.0,0.0,0.0,0.0
FLII,0.0,0.0,0.0,0.23033205,0.0,0.3828968,0.49660182,0.0,0.0,0.0,0.0,0.5073828,0.44090223,0.0,0.0,0.0,0.0,0.0,0.0,0.0,0.0,0.0,0.6240933,0.0,0.15884948,0.0,0.0,0.0,0.0,0.0,0.0,0.0,0.0,0.0,0.0,0.0,0.0,0.0,0.0,0.0,0.0,0.0
SHMT1,0.0,0.0,0.0,0.0,0.0,0.0,0.0,0.20431155,0.0,0.0,0.0,0.0,0.0,0.0,0.0,0.0,0.0,0.0,0.0,0.0,0.0,0.0,0.0,0.0,0.1720261,0.0,0.0,0.0,0.0,0.0,0.0,0.0,0.0,0.0,0.0,0.0,0.0,0.0,0.0,0.0,0.0,0.0
PRPSAP2,0.0,0.0,0.0,0.0,0.0,0.0,0.0,0.0,0.0,0.0,0.0,0.0,0.0,0.0,0.0,0.0,0.0,0.0,0.0,0.0,0.0,0.0,0.0,0.0,0.13148819,0.0,0.0,0.0,0.0,0.0,0.0,0.0,0.0,0.0,0.0,0.0,0.0,0.0,0.0,0.0,0.0,0.0
ENSG00000262202,0.0,0.0,0.0,0.0,0.6043986,0.0,0.0,0.0,0.0,0.36239028,1.2076957,1.0209692,0.44090223,0.0,0.0,0.0,0.0,0.0,0.0,0.0,0.0,0.0,0.0,0.40345857,0.7640422,0.0,0.0,0.0,0.0,0.0,0.0,0.0,0.0,0.0,0.0,0.0,0.0,0.0,0.0,0.0,0.0,0.9172684
SPECC1,0.0,0.0,0.0,0.0,0.0,0.0,0.59402287,0.15667476,0.0,0.0,0.0,0.0,0.0,0.0,0.0,0.0,0.0,0.0,0.0,0.0,0.0,0.0,0.0,0.0,0.0,0.0,0.0,0.0,0.0,0.0,0.0,0.0,0.0,0.0,0.0,0.0,0.0,0.0,0.0,0.0,0.0,0.0
USP22,0.0,0.0,0.0,0.0,0.0,0.0,0.37851083,0.29831356,0.0,0.36239028,0.0,0.0,0.0,0.0,0.0,0.0,0.0,0.0,0.0,0.0,0.0,0.0,0.0,0.0,0.15978293,0.0,0.76748186,0.47028887,0.0,0.0,0.0,0.0,0.0,0.0,0.0,0.0,0.0,0.0,0.0,0.0,0.0,0.0
TMEM11,0.0,0.0,0.0,0.0,0.0,0.0,0.0,0.19520792,0.0,0.0,0.0,0.0,0.0,0.0,0.0,0.0,0.0,0.0,0.0,0.0,0.0,0.0,0.0,0.0,0.15106389,0.0,0.0,0.0,0.0,0.0,0.0,0.0,0.0,0.0,0.0,0.0,0.0,0.0,0.0,0.0,0.0,0.0
MAP2K3,0.0,0.0,0.736557,0.6978155,0.52982783,0.0,0.53033197,0.5139247,0.0,0.23380059,0.0,0.8840804,0.0,0.0,0.0,0.0,0.0,0.107253835,0.0,0.0,0.0,0.0,0.6140647,0.0,0.2975178,0.0,0.0,0.0,0.0,0.0,0.0,0.0,0.0,0.0,0.0,0.0,0.0,0.0,0.0,0.0,0.0,0.57810867
WSB1,1.252763,0.0,1.2344964,1.1618605,0.92192304,0.7710557,1.1007502,0.40514868,0.0,0.7141442,1.2266064,0.8840804,1.1757209,0.0,1.2104161,0.0,0.6487297,0.0,0.96161306,0.79081285,0.97349405,0.0,1.3391105,0.14303318,0.25475153,0.0,1.2039261,0.74117774,0.49840292,0.0,0.0,0.0,0.0,0.0,0.0,0.0,0.0,0.7882829,0.0,0.0,0.0,0.63798213
LGALS9,0.0,0.0,0.0,0.0,0.0,1.119549,0.69209886,0.47822505,1.4619715,0.0,0.0,0.8635058,1.141807,0.0,0.6868571,0.0,0.0,0.0,0.0,0.0,0.0,0.0,0.92567074,0.0,0.0,0.0,0.0,0.24392389,0.0,0.0,0.0,0.0,0.0,0.0,0.0,0.0,0.0,0.0,0.0,0.0,0.0,0.0
TMEM97,0.0,0.0,0.0,0.0,0.0,0.0,0.0,0.3590349,0.0,0.0,0.0,0.0,0.0,0.0,0.0,0.0,0.0,0.0,0.0,0.0,0.0,0.0,0.0,0.0,0.0,0.0,0.0,0.0,0.0,0.0,0.0,0.0,0.0,0.0,0.0,0.0,0.0,0.0,0.0,0.0,0.0,0.0
IFT20,0.0,0.0,0.0,0.0,0.0,0.5457487,0.35860544,0.0,0.0,0.0,0.0,0.0,0.0,0.0,0.0,0.0,0.0,0.0,0.0,0.0,0.0,0.0,0.0,0.13913608,0.17043604,0.0,0.0,0.0,0.0,0.0,0.0,0.0,0.0,0.0,0.0,0.0,0.0,0.0,0.0,0.0,0.0,0.0
POLDIP2,0.0,0.0,0.0,0.0,0.0,0.0,0.0,0.6253825,0.0,0.18083665,0.0,0.0,0.0,0.0,0.0,0.0,0.0,0.0,0.0,0.0,0.0,0.0,0.0,0.0,0.31577328,0.0,0.0,0.0,0.0,0.0,0.0,0.0,0.0,0.0,0.0,0.0,0.0,0.0,0.0,0.0,0.0,0.0
UNC119,0.0,0.0,0.0,0.0,0.0,0.48802102,0.5586959,0.0,0.0,0.0,0.0,0.0,0.0,0.0,0.0,0.0,0.0,0.0,0.0,0.0,0.0,0.0,0.65740645,0.0,0.0,0.0,0.0,0.0,0.0,0.0,0.0,0.0,0.0,0.0,0.0,0.0,0.0,0.0,0.0,0.0,0.0,0.6584713
BLTP2,0.0,0.0,0.0,0.0,0.0,0.0,0.3007177,0.0,0.0,0.0,0.0,0.0,0.0,0.0,0.0,0.0,0.0,0.0,0.0,0.0,0.0,0.0,0.0,0.0,0.0,0.0,0.0,0.0,0.0,0.0,0.0,0.0,0.0,0.0,0.0,0.0,0.0,0.0,0.0,0.0,0.0,0.0
SDF2,0.0,0.0,0.0,0.0,0.42526692,0.0,0.0,0.0,0.0,0.0,0.0,0.0,0.44090223,0.0,0.0,0.0,0.0,0.0,0.0,0.0,0.0,0.0,0.0,0.0,0.12881172,0.0,0.0,0.0,0.0,0.0,0.0,0.0,0.0,0.0,0.0,0.0,0.0,0.0,0.0,0.0,0.0,0.0
SUPT6H,0.0,0.0,0.0,0.0,0.0,0.0,0.367315,0.0,0.0,0.4977838,0.0,0.0,0.0,0.0,0.0,0.0,0.0,0.0,0.0,0.0,0.0,0.0,0.0,0.0,0.30059022,0.0,0.0,0.0,0.0,0.0,0.0,0.0,0.0,0.0,0.0,0.0,0.0,0.0,0.0,0.0,0.0,0.0
RAB34,0.0,0.0,0.0,0.0,0.0,0.27226898,0.43283626,0.0,0.0,0.0,0.0,0.47305363,0.0,0.0,0.0,0.0,0.0,0.0,0.0,0.0,0.0,0.0,0.0,0.0,0.0,0.0,0.0,0.16462132,0.0,0.0,0.0,0.0,0.0,0.0,0.0,0.0,0.0,0.0,0.0,0.0,0.0,0.0
RPL23A,3.485249,2.4764698,2.439585,2.7825432,2.82083,3.1961188,3.1020267,3.2906606,2.6050937,3.1096575,2.9180388,2.2548752,2.7701442,3.1979,3.2475116,2.9626212,2.9550014,2.3748717,3.4789052,2.8027058,3.0265691,3.3510628,2.5366235,1.9847825,3.0647454,2.6504264,3.039773,3.2451425,3.0113153,0.0,3.5387094,3.2558846,3.3897862,3.0702925,3.5555928,3.285821,3.5239322,3.2358572,3.1850958,3.1635206,3.199873,3.1756113
TRAF4,0.0,0.0,0.0,0.0,0.0,0.0,0.0,0.0,0.0,0.23380059,0.0,0.0,0.0,0.0,0.0,0.0,0.0,0.0,0.0,0.0,0.0,0.0,0.0,0.0,0.0,0.0,0.0,0.0,0.0,0.0,0.0,0.0,0.0,0.0,0.0,0.0,0.0,0.0,0.0,0.0,0.0,0.81561565
ERAL1,0.0,0.0,0.0,0.0,0.0,0.0,0.0,0.0,0.0,0.0,0.0,0.0,0.0,0.0,0.0,0.0,0.0,0.0,0.0,0.0,0.0,0.0,0.0,0.0,0.09044729,0.0,0.0,0.0,0.0,0.0,0.0,0.0,0.0,0.0,0.0,0.0,0.0,0.0,0.0,0.0,0.0,0.0
FLOT2,0.0,0.0,0.0,0.6807895,0.0,0.66070366,0.49004585,0.44763336,0.0,0.47256014,0.0,0.0,0.0,0.0,0.0,0.0,0.0,0.0,0.0,0.0,0.0,0.0,0.0,0.0,0.0,0.0,0.0,0.23491901,0.0,0.0,0.0,0.0,0.0,0.0,0.0,0.0,0.0,0.0,0.0,0.0,0.0,0.0
PHF12,0.0,0.0,0.0,0.0,0.0,0.0,0.0,0.0,0.0,0.18083665,0.0,0.0,0.0,0.0,0.0,0.0,0.0,0.0,0.0,0.0,0.0,0.0,0.0,0.0,0.0,0.0,0.0,0.0,0.0,0.0,0.0,0.0,0.0,0.0,0.0,0.0,0.0,0.0,0.0,0.0,0.0,0.0
NUFIP2,0.0,0.0,0.0,0.5053618,0.48106998,0.48126704,0.6256453,0.0,0.0,0.0,0.89209247,0.0,1.4048783,0.0,0.0,0.0,0.0,0.0,0.0,0.0,0.0,0.0,0.3843436,0.0,0.18442562,0.0,0.0,0.4740519,0.0,0.0,0.0,0.0,0.0,0.0,0.0,0.33094135,0.0,0.0,0.0,0.0,0.0,0.68628114
TAOK1,0.0,0.0,0.0,0.40004534,0.0,0.0,0.3520353,0.0,0.0,0.3960203,0.0,0.4963503,0.0,0.0,0.0,0.0,0.0,0.0,0.0,0.0,0.0,0.0,0.0,0.0,0.0,0.0,0.0,0.0,0.0,0.0,0.0,0.0,0.0,0.0,0.0,0.0,0.0,0.0,0.0,0.0,0.0,0.0
ABHD15,0.0,0.0,0.0,0.0,0.0,0.0,0.0,0.0,0.0,0.0,0.0,0.0,0.0,0.0,0.0,0.0,0.0,0.0,0.0,0.0,0.0,0.0,0.0,0.0,0.0,0.0,0.0,0.0,0.0,0.0,0.0,0.0,0.0,0.0,0.0,0.0,0.0,0.0,0.0,0.0,0.0,0.6915041
TP53I13,0.0,0.0,0.0,0.0,0.0,0.0,0.0,0.0,0.0,0.0,0.0,0.0,0.0,0.0,0.0,0.0,0.0,0.0,0.0,0.0,0.0,0.0,0.0,0.0,0.0,0.0,0.0,0.0,0.0,0.0,0.0,0.0,0.0,0.0,0.0,0.0,0.0,0.0,0.0,0.0,0.0,0.6805642
SSH2,0.89837277,0.0,0.0,0.0,0.5733266,0.0,0.42777815,0.0,0.0,0.3960203,0.0,0.47305363,0.0,0.0,0.0,0.0,0.0,0.0,0.0,0.0,0.0,0.0,0.7422356,0.0,0.14557157,0.0,0.0,0.0,0.0,0.0,0.0,0.0,0.0,0.0,0.0,0.0,0.0,0.0,0.0,0.0,0.0,0.0
NSRP1,0.0,0.0,0.0,0.0,0.0,0.0,0.0,0.0,0.0,0.18083665,0.0,0.0,0.0,0.0,0.0,0.0,0.0,0.0,0.0,0.0,0.0,0.0,0.0,0.0,0.1931466,0.0,0.0,0.0,0.0,0.0,0.0,0.0,0.0,0.0,0.0,0.0,0.0,0.0,0.0,0.0,0.0,0.0
BLMH,0.0,0.0,0.0,0.0,0.0,0.0,0.0,0.24051897,0.0,0.3960203,0.0,0.0,0.0,0.0,0.0,0.0,0.0,0.0,0.0,0.0,0.0,0.0,0.0,0.0,0.17849067,0.0,0.0,0.0,0.0,0.0,0.0,0.0,0.0,0.0,0.0,0.0,0.0,0.0,0.0,0.0,0.0,0.0
CPD,0.0,0.0,0.47895378,0.4503364,0.0,0.0,0.0,0.0,0.0,0.0,0.0,0.3987304,0.0,0.0,0.0,0.0,0.0,0.0,0.0,0.0,0.0,0.0,0.0,0.0,0.0,0.0,0.0,0.0,0.0,0.0,0.0,0.0,0.0,0.0,0.0,0.0,0.0,0.0,0.0,0.0,0.0,0.0
GOSR1,0.0,0.0,0.0,0.0,0.0,0.0,0.0,0.0,0.0,0.18155362,0.0,0.0,0.0,0.0,0.0,0.0,0.0,0.0,0.0,0.0,0.0,0.0,0.0,0.0,0.0,0.0,0.0,0.0,0.0,0.0,0.0,0.0,0.0,0.0,0.0,0.0,0.0,0.0,0.0,0.0,0.0,0.0
ATAD5,0.0,0.0,0.0,0.0,0.73432267,0.0,0.0,0.395955,0.0,0.23380059,0.0,0.0,0.0,0.0,0.0,0.0,0.0,0.0,0.0,0.0,0.0,0.0,0.0,0.0,0.39058423,0.0,0.0,0.0,0.0,0.0,0.0,0.0,0.0,0.0,0.0,0.0,0.0,0.0,0.0,0.0,0.0,0.0
ADAP2,0.0,0.0,0.0,0.0,0.0,0.54746395,0.0,0.0,0.0,0.0,0.0,0.5046885,0.5578004,0.0,0.0,0.0,0.0,0.0,0.0,0.0,0.0,0.0,0.43618706,0.0,0.0,0.0,0.0,0.0,0.0,0.0,0.0,0.0,0.0,0.0,0.0,0.0,0.0,0.0,0.0,0.0,0.0,0.0
EVI2B,1.1872042,0.0,1.4882983,0.7937361,0.6000999,1.083187,0.9341768,0.0,0.0,0.4977838,0.0,0.64906085,0.7458428,0.0,1.3148127,0.0,0.0,0.0,1.2499611,0.0,0.0,0.0,1.3218827,0.23831886,0.2500447,0.0,0.0,0.0,0.19114219,0.0,0.84615666,0.9984026,0.9015774,0.0,0.0,0.8252597,0.0,0.93062675,1.007199,0.99511296,1.019268,0.75286
EVI2A,0.0,0.0,0.6999923,0.0,0.0,0.53241324,0.4043847,0.0,0.0,0.0,0.0,0.5104259,0.0,0.0,0.0,0.0,0.0,0.0,0.0,0.0,0.0,0.0,0.0,0.0,0.0,0.0,0.0,0.0,0.0,0.0,0.0,0.0,0.0,0.0,0.0,0.0,0.0,0.0,0.0,0.0,0.0,0.0
UTP6,0.0,0.0,0.0,0.0,0.0,0.0,0.0,0.13217042,0.0,0.0,0.0,0.0,0.0,0.0,0.0,0.0,0.0,0.0,0.0,0.0,0.0,0.0,0.0,0.0,0.14780025,0.0,0.0,0.0,0.0,0.0,0.0,0.0,0.0,0.0,0.0,0.0,0.0,0.0,0.0,0.0,0.0,0.0
SUZ12,0.0,0.0,0.0,0.75355685,1.0164021,0.0,0.3762196,0.45736903,0.0,0.81897044,0.0,0.0,0.0,0.0,0.0,0.0,0.0,0.0,0.0,0.0,0.0,0.0,0.0,0.0,0.64047617,0.0,0.0,0.6328002,0.0,0.0,0.0,0.0,0.0,0.0,0.0,0.0,0.0,0.0,0.0,0.0,0.0,0.5010216
RHOT1,0.0,0.0,0.0,0.0,0.0,0.0,0.0,0.117566764,0.0,0.0,0.0,0.0,0.0,0.0,0.0,0.0,0.0,0.0,0.0,0.0,0.0,0.0,0.0,0.0,0.0,0.0,0.0,0.0,0.0,0.0,0.0,0.0,0.0,0.0,0.0,0.0,0.0,0.0,0.0,0.0,0.0,0.0
C17orf75,0.0,0.0,0.0,0.0,0.0,0.0,0.0,0.0,0.0,0.21446666,0.0,0.0,0.0,0.0,0.0,0.0,0.0,0.0,0.0,0.0,0.0,0.0,0.0,0.0,0.0,0.0,0.0,0.0,0.0,0.0,0.0,0.0,0.0,0.0,0.0,0.0,0.0,0.0,0.0,0.0,0.0,0.0
ZNF207,0.7611661,0.0,0.9680428,1.1460152,1.0010085,0.48802102,0.87193346,0.74273396,0.0,0.78208816,0.96516603,0.5073828,0.91374826,0.0,0.0,0.0,0.96975225,0.0,0.0,0.8679723,0.85031885,0.0,0.67584693,0.11845069,0.65940875,1.2383835,0.9181548,0.91712403,0.19114219,0.0,0.0,0.0,0.0,0.0,0.0,0.0,0.0,0.0,0.0,0.0,0.0,1.0006338
PSMD11,0.0,0.0,0.0,0.45555648,0.3945485,0.0,0.3664031,0.6417379,0.0,0.23380059,0.0,0.0,0.97920024,0.0,0.0,0.0,0.0,0.0,0.0,0.0,0.0,0.0,0.0,0.0,0.6020657,0.0,0.0,0.35338715,0.0,0.0,0.0,0.0,0.0,0.0,0.0,0.0,0.0,0.0,0.0,0.0,0.0,0.0
ZNF830,0.0,0.0,0.0,0.0,0.0,0.0,0.0,0.0,0.0,0.18083665,0.0,0.0,0.0,0.0,0.0,0.0,0.0,0.0,0.0,0.0,0.0,0.0,0.0,0.0,0.0,0.0,0.0,0.0,0.0,0.0,0.0,0.0,0.0,0.0,0.0,0.0,0.0,0.0,0.0,0.0,0.0,0.0
SLFN5,0.0,0.0,0.0,0.0,0.0,0.0,0.0,0.0,0.0,0.0,0.0,0.0,0.0,0.0,0.0,0.0,0.0,0.0,0.0,0.0,0.0,0.0,0.0,0.0,0.0,0.0,0.0,0.0,0.0,0.0,0.0,0.0,0.0,0.0,0.0,0.0,0.0,0.8641805,0.0,0.0,0.0,0.0
SLFN13,0.0,0.0,0.0,0.0,0.6768341,0.0,0.0,0.0,0.0,0.0,0.0,0.0,0.0,0.0,0.0,0.0,0.0,0.0,0.0,0.0,0.0,0.0,0.0,0.0,0.0,0.0,0.0,0.0,0.0,0.0,0.0,0.0,0.0,0.0,0.0,0.0,0.0,0.0,0.0,0.0,0.0,0.0
AP2B1,0.0,0.0,0.0,0.0,0.0,0.34115425,0.0,0.51429623,0.0,0.18083665,0.0,0.0,0.0,0.0,0.0,0.0,0.0,0.0,0.0,0.0,0.0,0.0,0.0,0.0,0.13153149,0.0,0.0,0.0,0.0,0.0,0.0,0.0,0.0,0.0,0.0,0.0,0.0,0.0,0.0,0.0,0.0,0.0
TAF15,0.0,0.0,0.0,0.49875784,0.9975116,0.5072514,0.52855307,0.7167771,0.0,0.61035377,0.0,0.0,0.97920024,0.0,0.7355936,0.0,0.0,0.0,0.0,0.0,0.0,0.0,0.0,0.0,0.23654889,0.0,0.0,0.44534308,0.0,0.0,0.0,0.0,0.0,0.0,0.0,0.77827644,0.0,0.0,0.0,0.0,0.0,0.6593263
CCL5,0.0,0.0,0.0,0.0,2.3053703,0.0,0.0,0.0,0.0,0.0,0.0,0.0,0.0,2.5825284,0.0,1.0064275,0.0,0.8869287,0.0,2.8946128,1.5783739,0.0,0.0,0.0,0.0,0.0,0.0,0.0,1.1550897,0.0,0.0,3.5435653,0.0,3.5343246,0.0,0.0,0.0,0.0,3.5622573,2.1715097,3.6560974,0.0
CCL3,0.0,0.0,0.0,0.0,1.1370386,0.0,0.0,0.0,0.0,0.0,0.0,3.369306,1.5203841,0.0,0.0,0.0,0.0,0.0,0.0,1.94087,0.0,0.0,0.0,0.0,0.0,0.0,0.0,0.0,0.0,0.0,0.0,0.0,0.0,1.418311,0.0,0.0,0.0,0.0,0.0,0.0,0.0,0.0
CCL4,0.0,0.0,0.0,0.0,2.435314,0.0,0.0,0.0,0.0,0.0,0.0,1.704567,0.0,1.1469862,0.0,0.98722816,0.0,0.0,0.0,2.6959853,1.4426488,0.0,0.0,0.0,0.0,0.0,0.0,0.0,0.25092334,0.0,0.0,2.369477,0.0,2.5819352,0.0,0.0,0.0,0.0,2.5934799,0.0,1.2383103,0.0
CCL3L3,0.0,0.0,0.0,0.0,0.0,0.0,0.0,0.0,0.0,0.0,0.0,0.6449004,0.0,0.0,0.0,0.0,0.0,0.0,0.0,0.0,0.0,0.0,0.0,0.0,0.0,0.0,0.0,0.0,0.0,0.0,0.0,0.0,0.0,0.0,0.0,0.0,0.0,0.0,0.0,0.0,0.0,0.0
ZNHIT3,0.0,0.0,0.0,0.0,0.0,0.0,0.0,0.3017692,0.0,0.44826725,0.0,0.0,0.0,0.0,0.0,0.0,0.0,0.0,0.0,0.0,0.0,0.0,0.0,0.0,0.30059022,0.0,0.0,0.0,0.0,0.0,0.0,0.0,0.0,0.0,0.0,0.0,0.0,0.0,0.0,0.0,0.0,0.0
MYO19,0.0,0.0,0.0,0.0,0.0,0.0,0.0,0.18107352,0.0,0.18155362,0.0,0.0,0.0,0.0,0.0,0.0,0.0,0.0,0.0,0.0,0.0,0.0,0.0,0.0,0.0,0.0,0.0,0.0,0.0,0.0,0.0,0.0,0.0,0.0,0.0,0.0,0.0,0.0,0.0,0.0,0.0,0.0
GGNBP2,0.6721774,0.0,0.40379578,0.8304063,0.9512539,0.0,0.8342074,0.4228387,0.0,0.6069472,1.2076957,0.5950968,0.44090223,0.0,0.0,0.0,0.0,0.0,0.7187612,0.0,0.0,0.0,0.5651668,0.0,0.33298343,0.0,0.0,0.5491594,0.0,0.0,0.64356863,0.0,0.0,0.0,0.7877598,0.0,0.8406488,0.0,0.0,0.0,0.0,1.0456594
AATF,0.0,0.0,0.0,0.0,0.44627556,0.0,0.0,0.39315575,0.0,0.3953033,0.0,0.0,0.0,0.0,0.0,0.0,0.0,0.0,0.0,0.0,0.0,0.0,0.0,0.0,0.31705543,0.0,0.0,0.0,0.0,0.0,0.0,0.0,0.0,0.0,0.0,0.0,0.0,0.0,0.0,0.0,0.0,0.0
SYNRG,0.0,0.0,0.0,0.0,0.41987467,0.0,0.0,0.0,0.0,0.0,0.5784484,0.0,0.0,0.0,0.0,0.0,0.0,0.0,0.0,0.0,0.910362,0.0,0.0,0.0,0.24788901,0.0,0.0,0.0,0.0,0.0,0.0,0.0,0.0,0.0,0.0,0.0,0.0,0.0,0.0,0.0,0.0,0.47919056
DDX52,0.0,0.0,0.0,0.0,0.0,0.0,0.0,0.16784665,0.0,0.0,0.0,0.0,0.0,0.0,0.0,0.0,0.0,0.0,0.0,0.0,0.0,0.0,0.0,0.0,0.22458787,0.0,0.0,0.0,0.0,0.0,0.0,0.0,0.0,0.0,0.0,0.0,0.0,0.0,0.0,0.0,0.0,0.0
MRPL45,0.0,0.0,0.0,0.0,0.0,0.0,0.0,0.41633618,0.0,0.0,0.0,0.0,0.0,0.0,0.0,0.0,0.0,0.0,0.0,0.0,0.0,0.0,0.0,0.0,0.1146783,0.0,0.0,0.0,0.0,0.0,0.0,0.0,0.0,0.0,0.0,0.0,0.0,0.0,0.0,0.0,0.0,0.0
CISD3,0.0,0.0,0.0,0.0,0.5947745,0.0,0.0,0.28555635,0.0,0.0,0.0,0.0,0.0,0.0,0.0,0.0,0.0,0.0,0.0,0.0,0.0,0.0,0.0,0.0,0.16462293,0.0,0.0,0.0,0.0,0.0,0.0,0.0,0.0,0.0,0.0,0.0,0.0,0.0,0.0,0.0,0.0,0.0
PSMB3,0.565376,0.0,1.0530459,1.4012767,1.20193,0.836957,1.2195004,1.1980094,0.0,1.2287964,0.0,1.3130223,0.7458428,0.0,0.0,0.70823985,0.5793885,0.0,0.0,0.7702451,0.0,0.0,1.0162798,0.41860545,1.4792645,0.0,0.0,1.0788758,0.0,0.0,0.71648765,0.0,0.0,0.0,0.0,0.0,0.0,0.83271134,0.0,0.0,0.0,1.1326826
CWC25,0.0,0.0,0.0,0.44121388,0.29210564,0.0,0.35118595,0.0,0.0,0.23875955,0.0,0.0,0.0,0.0,0.0,0.0,0.0,0.0,0.0,0.0,0.0,0.0,0.0,0.0,0.18095525,0.0,0.0,0.0,0.0,0.0,0.0,0.0,0.0,0.0,0.0,0.0,0.0,0.0,0.0,0.0,0.0,0.0
RPL23,2.2005737,2.5043788,2.460205,2.5465252,1.6027217,2.12541,2.8096576,2.3505163,1.3838774,1.9509733,1.9016483,1.8385649,1.9422761,1.8130449,2.029038,2.518365,2.5545015,0.95876646,2.2279267,1.5754439,1.9674965,2.036013,1.9747697,1.1444266,2.3144379,1.4658816,1.7771192,3.0187488,2.0632086,0.0,2.6699052,1.7811103,2.6890318,1.8426905,3.032707,1.860354,2.6906316,2.5493672,1.8875676,1.8612592,1.6317252,2.9475079
LASP1,0.0,0.0,0.0,0.0,0.45561528,0.0,0.3546848,0.12833168,0.0,0.0,0.0,0.4254868,0.0,0.0,0.0,0.0,0.0,0.0,0.0,0.0,0.0,0.0,0.0,0.0,0.13101205,0.0,0.0,0.0,0.0,0.0,0.0,0.0,0.0,0.0,0.0,0.0,0.0,0.0,0.0,0.0,0.0,0.0
RPL19,3.9754965,3.2940412,3.1752646,3.3887224,3.0888214,3.8878877,3.8570397,3.8536758,3.3424177,3.5474997,3.5801969,3.2754862,3.50069,3.8366969,3.881188,3.7011654,3.4629283,2.726973,4.0014114,3.2982674,3.6157699,4.0251412,3.378983,2.3254693,3.4419637,3.5086098,3.8985837,3.8698459,3.7537827,1.9692398,4.1312156,3.527679,3.981043,3.4989243,4.347409,4.073861,4.16745,3.9479637,3.574274,3.7965016,3.8194692,3.800836
MED1,0.0,0.0,0.0,0.0,0.0,0.0,0.0,0.12689343,0.0,0.18155362,0.0,0.0,0.0,0.0,0.0,0.0,0.0,0.0,0.0,0.0,0.0,0.0,0.0,0.0,0.0,0.0,0.0,0.0,0.0,0.0,0.0,0.0,0.0,0.0,0.0,0.0,0.0,0.0,0.0,0.0,0.0,0.0
CDK12,0.0,0.0,0.0,0.0,0.29650915,0.0,0.4043847,0.22153036,0.0,0.18155362,0.0,0.0,0.0,0.0,0.0,0.0,0.0,0.0,0.0,0.0,0.0,0.0,0.0,0.0,0.31243104,0.0,0.0,0.0,0.0,0.0,0.0,0.0,0.0,0.0,0.0,0.0,0.0,0.0,0.0,0.0,0.0,0.0
STARD3,0.0,0.0,0.0,0.0,0.0,0.0,0.0,0.0,0.0,0.0,0.0,0.0,0.5578004,0.0,0.0,0.0,0.0,0.0,0.0,0.0,0.0,0.0,0.0,0.0,0.0,0.0,0.0,0.0,0.0,0.0,0.0,0.0,0.0,0.0,0.0,0.0,0.0,0.0,0.0,0.0,0.0,0.0
MIEN1,0.0,0.0,0.0,0.0,0.69724387,0.0,0.41995525,0.4941848,0.0,0.41463724,0.0,0.4963503,0.0,0.0,0.0,0.0,0.0,0.0,0.0,0.0,0.0,0.0,0.65310323,0.0,0.2355887,0.0,0.0,0.0,0.0,0.0,0.0,0.0,0.0,0.0,0.0,0.0,0.0,0.0,0.0,0.0,0.0,0.21349038
IKZF3,0.958277,0.0,0.0,0.0,0.7272887,0.0,0.0,0.0,0.0,0.4977838,0.0,0.0,0.0,0.0,0.0,0.0,0.0,0.0,0.9317984,0.0,0.0,0.0,0.0,0.19715774,0.31352228,0.0,0.0,0.0,0.0,0.0,0.0,0.992434,0.0,0.9652678,0.0,0.0,0.0,0.0,1.0790038,0.0,0.0,0.0
ORMDL3,0.0,0.0,0.0,0.0,0.0,0.0,0.0,0.0,0.0,0.0,0.0,0.0,0.0,0.0,0.0,0.0,0.0,0.0,0.0,0.0,0.0,0.0,0.0,0.16702053,0.118237555,0.0,0.0,0.0,0.0,0.0,0.0,0.0,0.0,0.0,0.0,0.0,0.0,0.0,0.0,0.0,0.0,0.0
PSMD3,0.0,0.0,0.0,0.0,0.0,0.442071,0.44408643,0.646506,0.0,0.18155362,0.0,0.0,0.0,0.0,0.0,0.0,0.0,0.0,0.0,0.0,0.0,0.0,0.0,0.14266728,0.5561689,0.0,0.0,0.0,0.0,0.0,0.0,0.0,0.0,0.0,0.0,0.0,0.0,0.0,0.0,0.0,0.0,0.0
MED24,0.0,0.0,0.0,0.0,0.0,0.0,0.0,0.14544432,0.0,0.0,0.0,0.0,0.0,0.0,0.0,0.0,0.0,0.0,0.0,0.0,0.0,0.0,0.0,0.0,0.0,0.0,0.0,0.0,0.0,0.0,0.0,0.0,0.0,0.0,0.0,0.0,0.0,0.0,0.0,0.0,0.0,0.0
CASC3,0.0,0.0,0.0,0.0,0.0,0.0,0.0,0.0,0.0,0.3953033,0.0,0.0,0.0,0.0,0.0,0.0,0.0,0.0,0.0,0.0,0.0,0.0,0.0,0.0,0.0,0.0,0.0,0.0,0.0,0.0,0.0,0.0,0.0,0.0,0.0,0.0,0.0,0.0,0.0,0.0,0.0,0.0
CDC6,0.0,0.0,0.0,0.0,0.0,0.0,0.0,0.21169974,0.0,0.18083665,0.0,0.0,0.0,0.0,0.0,0.0,0.0,0.0,0.0,0.0,0.0,0.0,0.0,0.0,0.27095515,0.0,0.0,0.0,0.0,0.0,0.0,0.0,0.0,0.0,0.0,0.0,0.0,0.0,0.0,0.0,0.0,0.0
RARA,0.0,0.0,0.0,0.0,0.0,0.0,0.43932745,0.0,0.0,0.18083665,0.0,0.64906085,0.0,0.0,0.0,0.0,0.0,0.0,0.0,0.0,0.0,0.0,0.7148219,0.0,0.0,0.0,0.0,0.0,0.0,0.0,0.0,0.0,0.0,0.0,0.0,0.0,0.0,0.0,0.0,0.0,0.0,0.0
TOP2A,0.0,0.0,0.0,0.7539148,1.6157105,0.0,0.0,0.6898337,0.0,1.3653647,0.0,0.0,0.0,0.0,0.0,0.0,0.0,0.0,0.0,0.0,0.0,0.0,0.0,0.0,0.40787116,0.0,0.0,0.0,0.0,0.0,0.0,0.0,0.0,0.0,0.0,0.0,0.0,0.0,0.0,0.0,0.0,0.0
CCR7,0.0,0.0,0.0,0.0,0.0,0.0,0.0,0.0,0.0,0.0,0.0,0.0,0.0,0.0,0.0,0.0,0.0,0.0,0.0,0.0,0.0,0.0,0.0,0.0,0.0,0.0,0.0,0.0,0.0,0.0,0.0,0.0,0.0,0.0,1.1222948,1.0025892,1.2673266,0.0,0.0,0.0,0.0,0.0
SMARCE1,0.0,0.0,0.0,0.0,0.7122089,0.0,0.49472123,0.6273992,0.0,0.25902426,0.0,0.0,0.0,0.0,0.0,0.0,0.0,0.0,0.0,0.0,0.0,0.0,0.0,0.0,0.40248197,0.0,0.76748186,0.5054574,0.0,0.0,0.0,0.0,0.0,0.0,0.0,0.0,0.0,0.0,0.0,0.0,0.0,0.75896966
KRT10,0.8650553,0.0,0.0,0.54768556,0.9370116,0.38395348,0.6159758,0.6403064,0.0,0.87008446,0.9341768,0.3987304,0.0,0.93342704,0.0,0.0,0.0,0.0,0.92835456,0.8600354,0.9273839,1.1172193,0.4560529,0.6523648,0.9672536,1.060078,0.9506155,0.45656615,0.6223186,0.0,0.84388393,1.0182502,0.9032325,1.0152676,0.92142177,0.97436726,0.94586945,0.8366231,1.0444939,0.95976555,1.0877972,0.90998673
EIF1,3.1204574,2.5043788,2.9024165,2.6924317,3.0468404,2.800513,2.955732,2.4728463,2.6200538,2.6002228,3.3601682,3.3183608,2.9375684,3.4291608,3.0774934,3.0832722,2.886611,2.7268944,3.2118747,3.356568,3.3653927,3.376104,3.1779034,2.2331395,2.5237577,2.901346,3.1599731,2.525191,3.1086826,2.339964,3.3683314,3.0738144,3.4464798,3.3243737,3.4638944,3.1947246,3.1367931,3.4349554,3.2943745,3.2812192,3.4940727,2.9917588
JUP,0.0,0.0,0.0,0.0,0.0,0.0,0.0,0.0,0.0,0.0,0.0,0.0,0.0,0.0,0.0,0.0,0.0,0.0,0.0,0.0,0.0,0.0,0.0,0.0,0.0,0.0,1.2039261,0.0,0.0,0.0,0.0,0.0,0.0,0.0,0.0,0.0,0.0,0.0,0.0,0.0,0.0,0.0
ACLY,0.0,0.0,0.0,0.0,0.0,0.0,0.0,0.24205172,0.0,0.0,0.0,0.0,0.0,0.0,0.0,0.0,0.0,0.0,0.0,0.0,0.0,0.0,0.0,0.0,0.0,0.0,0.0,0.0,0.0,0.0,0.0,0.0,0.0,0.0,0.0,0.0,0.0,0.0,0.0,0.0,0.0,0.0
CNP,0.0,0.0,0.0,0.0,0.0,0.0,0.0,0.20464721,0.0,0.0,0.0,0.0,0.0,0.0,0.0,0.0,0.0,0.0,0.0,0.0,0.0,0.0,0.0,0.0,0.20931143,0.0,0.0,0.0,0.0,0.0,0.0,0.0,0.0,0.0,0.0,0.0,0.0,0.0,0.0,0.0,0.0,0.0
DNAJC7,0.0,0.0,0.7154448,0.88313603,0.6787405,0.3828968,0.7538843,0.4513419,0.0,0.6587094,0.0,0.0,0.0,0.0,0.8421502,0.0,0.0,0.0,0.0,0.0,0.0,0.0,0.5906278,0.20557177,0.6951909,0.0,0.0,0.66267645,0.0,0.0,0.0,0.0,0.0,0.0,0.0,0.0,0.0,0.0,0.0,0.0,0.0,1.1033564
RAB5C,0.0,0.4832946,0.86441886,0.8056028,0.77455425,0.86937743,0.96602213,0.51669645,1.683507,0.36239028,0.0,1.1382626,1.3831153,0.0,0.8421502,0.0,0.0,0.4569102,0.0,0.0,0.0,0.0,1.0091338,0.0,0.42770854,0.0,0.0,0.40558198,0.0,0.0,0.0,0.0,0.0,0.0,0.0,0.0,0.0,0.0,0.0,0.0,0.0,0.7111859
STAT5A,0.0,0.0,0.0,0.0,0.0,0.0,0.3404857,0.29693043,0.0,0.0,0.0,0.0,0.0,0.0,0.0,0.0,0.0,0.0,0.0,0.0,0.0,0.0,0.0,0.0,0.0,0.0,0.0,0.37522727,0.0,0.0,0.0,0.0,0.0,0.0,0.0,0.0,0.0,0.0,0.0,0.0,0.0,0.0
STAT3,1.0556045,0.0,0.85952,0.74095434,0.57745254,0.59506035,0.8496157,0.15755783,0.0,0.70693946,1.049655,0.6449004,1.1757209,0.93342704,0.6868571,0.0,0.0,0.4207417,0.7197789,1.0324112,0.8691361,0.0,0.86527616,0.25752866,0.40682805,0.0,0.0,0.58911145,0.27147388,0.0,1.1431879,1.0163901,1.2850146,1.071121,1.3815507,1.0447342,1.1306778,1.3624395,0.96839726,1.0031352,0.74956125,0.7231954
COASY,0.0,0.0,0.0,0.0,0.0,0.0,0.0,0.3399948,0.0,0.0,0.0,0.0,0.0,0.0,0.0,0.0,0.0,0.0,0.0,0.0,0.0,0.0,0.0,0.0,0.16684455,0.0,0.0,0.0,0.0,0.0,0.0,0.0,0.0,0.0,0.0,0.0,0.0,0.0,0.0,0.0,0.0,0.0
MLX,0.0,0.0,0.0,0.0,0.0,0.0,0.35860544,0.31339353,0.0,0.0,0.0,0.5046885,0.0,0.0,0.0,0.0,0.0,0.0,0.0,0.0,0.0,0.0,0.533492,0.0,0.27095515,0.0,0.0,0.0,0.0,0.0,0.0,0.0,0.0,0.0,0.0,0.0,0.0,0.0,0.0,0.0,0.0,0.0
TUBG1,0.0,0.0,0.0,0.0,0.0,0.0,0.0,0.8926028,0.0,0.0,0.0,0.0,0.0,0.0,0.0,0.0,0.0,0.0,0.0,0.0,0.0,0.0,0.0,0.0,0.24795079,0.0,0.0,0.0,0.0,0.0,0.0,0.0,0.0,0.0,0.0,0.0,0.0,0.0,0.0,0.0,0.0,0.0
VPS25,0.0,0.0,0.0,0.0,0.0,0.0,0.0,0.46719337,0.0,0.314459,0.0,0.0,0.0,0.0,0.0,0.0,0.0,0.0,0.0,0.0,0.0,0.0,0.0,0.0,0.36811495,0.0,0.0,0.0,0.0,0.0,0.0,0.0,0.0,0.0,0.0,0.0,0.0,0.0,0.0,0.0,0.0,0.0
COA3,0.0,0.0,0.0,0.0,0.0,0.0,0.0,0.3737555,0.0,0.44826725,0.0,0.0,0.7458428,0.0,0.0,0.0,0.0,0.0,0.0,0.0,0.0,0.0,0.0,0.0,0.3394277,0.0,0.0,0.2333128,0.0,0.0,0.0,0.0,0.0,0.0,0.0,0.0,0.0,0.0,0.0,0.0,0.0,0.0
BECN1,0.0,0.0,0.0,0.0,0.0,0.0,0.35920435,0.0,0.0,0.44826725,0.0,0.0,0.0,0.0,0.0,0.0,0.0,0.0,0.0,0.0,0.0,0.0,0.0,0.0,0.13131355,0.0,0.0,0.0,0.0,0.0,0.0,0.0,0.0,0.0,0.0,0.0,0.0,0.0,0.0,0.0,0.0,0.0
PSME3,0.0,0.0,0.0,0.0,0.0,0.0,0.0,0.41961548,0.0,0.47256014,0.0,0.0,0.0,0.0,0.0,0.0,0.0,0.0,0.0,0.0,0.0,0.0,0.0,0.0,0.23462802,0.0,0.0,0.0,0.0,0.0,0.0,0.0,0.0,0.0,0.0,0.0,0.0,0.0,0.0,0.0,0.0,0.0
AARSD1,0.0,0.0,0.0,0.0,0.0,0.0,0.0,0.25071904,0.0,0.0,0.0,0.0,0.0,0.0,0.0,0.0,0.0,0.0,0.0,0.0,0.0,0.0,0.0,0.0,0.1759403,0.0,0.0,0.0,0.0,0.0,0.0,0.0,0.0,0.0,0.0,0.0,0.0,0.0,0.0,0.0,0.0,0.0
RPL27,2.5934799,2.159284,2.2807355,2.5055103,2.132977,2.447299,2.558813,2.9109497,2.2618225,2.6857374,2.2895875,2.5445182,2.395525,2.412437,2.853265,2.391802,2.4042838,2.2244105,2.6278737,2.1114473,2.358461,2.5915735,2.1811523,1.4262384,2.4540665,2.2192736,2.2610886,2.7536712,2.2327476,0.0,2.7069542,2.3360105,2.5351958,2.26013,2.7188842,2.5961323,2.7004302,2.437658,2.278727,2.4411793,2.2438881,2.510867
IFI35,0.0,0.0,0.0,0.0,0.0,0.0,0.0,0.0,0.0,0.18083665,0.0,0.0,0.0,0.0,0.0,0.0,0.0,0.0,0.0,0.0,0.0,0.0,0.0,0.0,0.18132702,0.0,0.0,0.0,0.0,0.0,0.0,0.0,0.0,0.0,0.0,0.0,0.0,0.0,0.0,0.0,0.0,0.0
VAT1,0.0,0.0,0.0,0.0,0.0,0.0,0.0,0.0,0.0,0.0,0.0,0.0,0.0,0.0,0.0,0.0,0.45698577,0.0,0.0,0.0,0.0,0.0,0.0,0.0,0.0,0.0,0.0,0.0,0.0,0.0,0.0,0.0,0.0,0.0,0.0,0.0,0.0,0.0,0.0,0.0,0.0,0.0
BRCA1,0.0,0.0,0.0,0.0,0.45854127,0.0,0.0,0.089526,0.0,0.0,0.0,0.0,0.0,0.0,0.0,0.0,0.0,0.0,0.0,0.0,0.0,0.0,0.0,0.0,0.16462293,0.0,0.0,0.0,0.0,0.0,0.0,0.0,0.0,0.0,0.0,0.0,0.0,0.0,0.0,0.0,0.0,0.0
DHX8,0.0,0.0,0.0,0.0,0.0,0.0,0.0,0.0,0.0,0.44826725,0.0,0.0,0.0,0.0,0.0,0.0,0.0,0.0,0.0,0.0,0.0,0.0,0.0,0.0,0.0,0.0,0.0,0.0,0.0,0.0,0.0,0.0,0.0,0.0,0.0,0.0,0.0,0.0,0.0,0.0,0.0,0.0
DUSP3,0.0,0.0,0.0,0.0,0.0,0.0,0.40772784,0.0,0.0,0.0,0.0,0.0,0.0,0.0,0.0,0.0,0.0,0.0,0.0,0.0,0.0,0.0,0.0,0.0,0.0,0.0,0.0,0.0,0.0,0.0,0.0,0.0,0.0,0.0,0.0,0.0,0.0,0.0,0.0,0.0,0.0,0.0
TMEM101,0.0,0.0,0.0,0.0,0.0,0.0,0.0,0.0,0.0,0.18083665,0.0,0.0,0.0,0.0,0.0,0.0,0.0,0.0,0.0,0.0,0.0,0.0,0.0,0.0,0.0,0.0,0.0,0.0,0.0,0.0,0.0,0.0,0.0,0.0,0.0,0.0,0.0,0.0,0.0,0.0,0.0,0.0
LSM12,0.0,0.0,0.0,0.0,0.0,0.0,0.41778326,0.33433178,0.0,0.4153542,0.0,0.0,0.0,0.0,0.0,0.0,0.0,0.0,0.0,0.0,0.0,0.0,0.0,0.0,0.36230922,0.0,0.0,0.0,0.0,0.0,0.0,0.0,0.0,0.0,0.0,0.0,0.0,0.0,0.0,0.0,0.0,0.0
UBTF,0.0,0.0,0.0,0.0,0.0,0.0,0.0,0.5779557,0.0,0.0,0.0,0.0,0.0,0.0,0.0,0.0,0.0,0.0,0.0,0.0,0.0,0.0,0.0,0.0,0.26359427,0.0,0.0,0.3111058,0.0,0.0,0.0,0.0,0.0,0.0,0.0,0.0,0.0,0.0,0.0,0.0,0.0,0.5164856
SLC25A39,0.0,0.0,0.0,0.0,0.45724136,0.53241324,0.42475292,1.3049351,0.0,0.21446666,0.48630244,0.0,0.97920024,0.0,0.0,0.0,0.0,0.0,0.0,0.0,0.0,0.0,0.0,0.22381054,0.53139937,0.0,0.0,0.21977201,0.0,0.0,0.0,0.0,0.0,0.0,0.0,0.0,0.0,0.0,0.0,0.0,0.0,0.0
GRN,0.78308517,2.4670384,2.077388,1.9778206,0.0,1.8907442,1.7322123,0.0,0.0,0.18155362,0.0,1.8617182,1.5203841,0.0,0.0,0.83699405,0.0,0.0,0.0,0.0,0.0,0.0,1.2866145,0.49812955,0.27262,0.0,0.0,0.29656506,0.0,0.0,0.0,0.0,0.0,0.0,0.0,0.0,0.0,0.0,0.0,0.0,0.0,1.5929782
ITGA2B,0.0,0.0,0.0,0.0,0.0,0.0,0.0,0.0,0.0,0.0,0.0,0.0,0.0,0.0,0.0,0.0,0.0,1.8972654,0.0,0.0,0.0,0.0,0.0,0.0,0.0,0.0,0.0,0.0,0.0,0.0,0.0,0.0,0.0,0.0,0.0,0.0,0.0,0.0,0.0,0.0,0.0,0.0
GPATCH8,0.0,0.0,0.0,0.0,0.71277153,0.0,0.36171302,0.0,0.0,0.18155362,0.0,0.0,0.0,0.0,0.7355936,0.0,0.0,0.0,0.0,0.97637206,0.0,0.0,0.0,0.0,0.18095525,0.0,0.0,0.0,0.0,0.0,0.0,0.0,0.0,0.0,0.0,0.0,0.0,0.0,0.0,0.0,0.0,0.0
CCDC43,0.0,0.0,0.0,0.0,0.0,0.0,0.0,0.0,0.0,0.21446666,0.0,0.0,0.0,0.0,0.0,0.0,0.0,0.0,0.0,0.0,0.0,0.0,0.0,0.0,0.13148819,0.0,0.0,0.0,0.0,0.0,0.0,0.0,0.0,0.0,0.0,0.0,0.0,0.0,0.0,0.0,0.0,0.0
EFTUD2,0.0,0.0,0.0,0.0,0.0,0.0,0.0,0.24747586,0.0,0.0,0.0,0.0,0.0,0.0,0.0,0.0,0.0,0.0,0.0,0.0,0.0,0.0,0.0,0.0,0.17043604,0.0,0.0,0.1609734,0.0,0.0,0.0,0.0,0.0,0.0,0.0,0.0,0.0,0.0,0.0,0.0,0.0,0.0
NMT1,0.0,0.0,0.0,0.0,0.0,0.0,0.0,0.12689343,0.0,0.25902426,0.0,0.0,0.0,0.0,0.0,0.0,0.0,0.0,0.0,0.0,0.0,0.0,0.0,0.0,0.24775629,0.0,0.0,0.0,0.0,0.0,0.0,0.0,0.0,0.0,0.0,0.0,0.0,0.0,0.0,0.0,0.0,0.5225892
HEXIM1,0.0,0.0,0.0,0.0,0.0,0.0,0.0,0.0,0.0,0.0,0.0,0.0,0.44090223,0.0,0.0,0.0,0.0,0.0,0.0,0.0,0.0,0.0,0.0,0.0,0.0,0.0,0.0,0.0,0.0,0.0,0.0,0.0,0.0,0.0,0.0,0.0,0.0,0.0,0.0,0.0,0.0,0.0
FMNL1,0.470424,0.0,1.013474,0.6645975,1.0319071,0.88654757,1.0069784,0.0,0.0,0.5734832,0.9013167,0.82655406,0.44090223,0.0,1.1810663,0.0,0.45173126,0.0,0.0,1.1216662,0.96251,0.0,1.0583612,0.0,0.4185225,0.0,0.0,0.0,0.75008947,0.0,0.0,0.6912992,0.0,0.0,0.0,0.0,0.0,0.0,0.0,0.0,0.0,0.6883896
KANSL1,0.0,0.0,0.0,0.0,0.65364325,0.0,0.43283626,0.0,0.0,0.62309736,0.59476876,0.0,0.0,0.0,0.0,0.0,0.0,0.0,0.0,0.0,0.0,0.0,0.0,0.0,0.17694849,0.0,0.0,0.27894244,0.0,0.0,0.0,0.74848723,0.0,0.7345816,0.0,0.0,0.0,0.0,0.0,0.0,0.0,0.53584635
GOSR2,0.0,0.0,0.0,0.0,0.0,0.0,0.0,0.15943319,0.0,0.0,0.0,0.0,0.0,0.0,0.0,0.0,0.0,0.0,0.0,0.0,0.0,0.0,0.0,0.0,0.32110855,0.0,0.0,0.0,0.0,0.0,0.0,0.0,0.0,0.0,0.0,0.0,0.0,0.0,0.0,0.0,0.0,0.0
CDC27,0.0,0.0,0.0,0.0,0.0,0.0,0.0,0.384302,0.0,0.18155362,0.0,0.0,0.0,0.0,0.0,0.0,0.0,0.0,0.0,0.0,0.0,0.0,0.0,0.0,0.118237555,0.0,0.0,0.0,0.0,0.0,0.0,0.0,0.0,0.0,0.0,0.0,0.0,0.0,0.0,0.0,0.0,0.0
MYL4,0.0,0.0,0.0,0.0,0.0,0.0,0.0,0.7509008,0.0,0.0,0.0,0.0,0.0,0.0,0.0,0.0,0.0,0.0,0.0,0.0,0.0,0.0,0.0,0.0,0.0,0.0,0.0,0.0,0.0,0.0,0.0,0.0,0.0,0.0,0.0,0.0,0.0,0.0,0.0,0.0,0.0,0.0
ITGB3,0.0,0.0,0.0,0.0,0.0,0.0,0.0,0.0,0.0,0.0,0.0,0.0,0.0,0.0,0.0,0.0,0.0,0.9234516,0.0,0.0,0.0,0.0,0.0,0.0,0.0,0.0,0.0,0.0,0.0,0.0,0.0,0.0,0.0,0.0,0.0,0.0,0.0,0.0,0.0,0.0,0.0,0.0
NPEPPS,0.0,0.0,0.0,0.0,0.0,0.34549886,0.38319385,0.18431313,0.0,0.36239028,0.392094,0.0,0.0,0.0,0.0,0.0,0.0,0.0,0.0,0.0,0.0,0.0,0.0,0.0,0.17393991,0.0,0.0,0.0,0.0,0.0,0.0,0.0,0.0,0.0,0.0,0.0,0.0,0.0,0.0,0.0,0.0,0.0
KPNB1,0.53828317,0.0,0.0,1.0068512,1.0244852,0.442071,0.5683462,1.1166581,0.0,0.8787576,0.0,0.0,0.7257168,0.0,0.0,0.0,0.5783798,0.0,0.0,0.0,0.0,0.0,0.4712029,0.1304064,0.75982106,0.0,0.0,1.0076131,0.0,0.0,0.0,0.0,0.0,0.0,0.0,0.0,0.0,0.0,0.0,0.0,0.0,0.6933763
TBX21,0.0,0.0,0.0,0.0,0.44095218,0.0,0.0,0.0,0.0,0.0,0.0,0.0,0.0,0.0,0.0,0.0,0.0,0.0,0.0,0.0,0.0,0.0,0.0,0.0,0.0,0.0,0.0,0.0,0.0,0.0,0.0,0.0,0.0,0.0,0.0,0.0,0.0,0.0,0.0,0.0,0.0,0.0
MRPL10,0.0,0.0,0.0,0.0,0.44829655,0.0,0.0,0.14053446,0.0,0.0,0.0,0.0,0.0,0.0,0.0,0.0,0.0,0.0,0.0,0.0,0.0,0.0,0.0,0.0,0.14972688,0.0,0.0,0.0,0.0,0.0,0.0,0.0,0.0,0.0,0.0,0.0,0.0,0.0,0.0,0.0,0.0,0.0
CDK5RAP3,0.0,0.0,0.0,0.0,0.0,0.3431283,0.0,0.13137402,0.0,0.4153542,0.0,0.0,0.0,0.0,0.0,0.0,0.0,0.0,0.0,0.0,0.0,0.0,0.0,0.29459542,0.28544554,0.0,0.0,0.0,0.0,0.0,0.0,0.0,0.0,0.0,0.0,0.0,0.0,0.0,0.0,0.0,0.0,0.0
CBX1,0.0,0.0,0.0,0.0,0.31579864,0.0,0.0,0.25649914,0.0,0.47256014,0.0,0.0,0.0,0.0,0.0,0.0,0.0,0.0,0.0,0.0,0.0,0.0,0.0,0.0,0.15884948,0.0,0.0,0.0,0.0,0.0,0.0,0.0,0.0,0.0,0.0,0.0,0.0,0.0,0.0,0.0,0.0,0.0
SKAP1,0.0,0.0,0.0,0.0,0.97367346,0.0,0.0,0.0,0.0,0.0,0.0,0.0,0.0,0.9445227,0.0,0.0,0.0,0.0,0.0,1.1120574,1.0122464,0.0,0.0,0.0,0.0,0.0,0.0,0.0,0.0,0.0,0.78476655,1.0906103,0.76971537,0.999649,0.0,0.0,0.0,1.0657274,1.0826056,0.7905797,1.0810587,0.0
CALCOCO2,0.0,0.0,0.0,0.0,0.05346741,0.34549886,0.42269358,0.14484286,0.0,0.18083665,0.0,0.5073828,0.44090223,0.0,0.0,0.0,0.0,0.0,0.0,0.0,0.0,0.0,0.5884682,0.0,0.23757933,0.0,1.2039261,0.0,0.0,0.0,0.0,0.0,0.0,0.0,0.0,0.0,0.0,0.0,0.0,0.0,0.0,0.0
ATP5MC1,0.0,0.0,0.0,0.63271415,0.5195006,0.5955348,0.726488,1.6571765,0.0,0.55321854,0.0,0.0,0.0,0.0,0.0,0.0,0.0,0.0,0.0,0.0,0.0,0.0,0.0,0.58796453,1.4696937,0.0,0.0,1.0875213,0.0,0.0,0.0,0.0,0.0,0.0,0.0,0.0,0.0,0.0,0.0,0.0,0.0,0.8486769
SNF8,0.0,0.0,0.0,0.35642678,0.64088553,0.41057968,0.5909688,0.645385,0.0,0.4977838,0.0,0.4254868,0.5578004,0.0,0.0,0.0,0.0,0.0,0.0,0.0,0.0,0.0,0.0,0.0,0.6261647,0.0,0.0,0.24773504,0.0,0.0,0.0,0.0,0.0,0.0,0.0,0.0,0.0,0.0,0.0,0.0,0.0,0.55756176
ABI3,0.0,0.0,0.0,0.0,0.7738515,0.0,0.6339667,0.0,0.0,0.0,0.0,0.0,0.0,0.0,0.0,0.0,0.0,0.0,0.0,0.0,0.0,0.0,0.8905113,0.0,0.0,0.0,0.0,0.0,0.0,0.0,0.0,0.0,0.0,0.0,0.0,0.0,0.0,0.0,0.0,0.0,0.0,0.0
PHB1,0.0,0.0,0.0,0.0,0.7662163,0.40020192,0.5691604,1.326309,0.0,0.5812388,0.0,0.0,0.0,0.0,0.0,0.0,0.0,0.0,0.0,0.0,0.0,0.0,0.0,0.0,0.8571186,0.0,1.1254485,0.67637956,0.0,0.0,0.0,0.0,0.0,0.0,0.0,0.0,0.0,0.0,0.0,0.0,0.0,1.4668627
SPOP,0.0,0.0,0.0,0.0,0.0,0.0,0.40317827,0.24261232,0.0,0.0,0.0,0.0,0.5578004,0.0,0.0,0.0,0.0,0.0,0.0,0.0,0.0,0.0,0.0,0.0,0.1759403,0.0,0.0,0.0,0.0,0.0,0.0,0.0,0.0,0.0,0.0,0.0,0.0,0.0,0.0,0.0,0.0,0.0
SLC35B1,0.0,0.0,0.0,0.0,0.0,0.0,0.3259039,0.0,0.0,0.0,0.0,0.0,0.0,0.0,0.0,0.0,0.0,0.0,0.0,0.0,0.0,0.0,0.0,0.31009677,0.7110215,0.0,0.0,0.0,0.0,0.0,0.0,0.0,0.0,0.0,0.0,0.0,0.0,0.0,0.0,0.0,0.0,0.0
FAM117A,0.0,0.0,0.0,0.0,0.0,0.0,0.0,0.0,0.0,0.0,0.0,0.0,0.0,0.0,0.0,0.0,0.15499024,0.0,0.0,0.0,0.0,0.0,0.0,0.0,0.0,0.0,0.0,0.0,0.0,0.0,0.0,0.0,0.0,0.0,0.0,0.0,0.0,0.0,0.0,0.0,0.0,0.0
PPP1R9B,0.0,0.0,0.0,0.0,0.0,0.0,0.0,0.0,0.0,0.0,0.0,0.0,0.44090223,0.0,0.0,0.0,0.0,0.0,0.0,0.0,0.0,0.0,0.0,0.0,0.0,0.0,0.0,0.0,0.0,0.0,0.0,0.0,0.0,0.0,0.0,0.0,0.0,0.0,0.0,0.0,0.0,0.0
MRPL27,0.0,0.0,0.0,0.0,0.0,0.0,0.0,0.8139559,0.0,0.21446666,0.0,0.0,0.0,0.0,0.0,0.0,0.0,0.0,0.0,0.0,0.0,0.0,0.0,0.0,0.5652776,0.0,0.0,0.22127703,0.0,0.0,0.0,0.0,0.0,0.0,0.0,0.0,0.0,0.0,0.0,0.0,0.0,0.0
LRRC59,0.0,0.0,0.0,0.5292742,0.0,0.0,0.0,1.0012254,0.0,0.0,0.0,0.3987304,0.0,0.0,0.0,0.0,0.0,0.0,0.0,0.0,0.0,0.0,0.0,0.38957235,1.1470596,0.0,0.0,0.43400896,0.0,0.0,0.0,0.0,0.0,0.0,0.0,0.0,0.0,0.0,0.0,0.0,0.0,0.0
LUC7L3,0.958277,0.0,0.0,0.656705,0.91960424,0.37967432,0.7046767,0.63632363,0.0,0.47256014,1.049655,0.0,0.5578004,0.0,0.9916867,0.0,0.0,0.0,0.8355583,1.0060426,1.0086391,0.0,0.0,0.0,0.53139937,1.0976659,1.4311959,0.86285603,0.0,0.0,0.0,0.0,0.0,0.0,0.0,0.0,0.0,0.0,0.0,0.0,0.0,1.1941581
TOB1,0.0,0.0,0.0,0.0,0.0,0.0,1.0121899,0.0,0.0,0.0,1.2041712,0.0,0.0,1.004998,0.0,0.0,0.0,0.0,0.0,0.0,0.0,0.0,0.0,0.0,0.0,0.0,0.0,0.0,0.0,0.0,1.397842,1.0307264,0.0,0.0,0.99753743,0.0,1.5084871,0.6251806,0.0,0.8985454,0.0,0.0
SPAG9,0.0,0.0,0.0,0.4230258,0.38675547,0.0,0.47691563,0.0,0.0,0.41463724,0.0,0.7063019,0.91374826,0.0,0.0,0.0,0.0,0.0,0.0,0.0,0.0,0.0,0.0,0.0,0.0,0.0,0.0,0.0,0.0,0.0,0.0,0.0,0.0,0.0,0.0,0.0,0.0,0.0,0.0,0.0,0.0,0.0
NME1,0.0,0.0,0.0,0.0,0.0,0.4580726,0.41449797,1.549338,0.0,0.3960203,0.0,0.4254868,0.5578004,0.0,0.0,0.0,0.0,0.0,0.0,0.0,0.0,0.0,0.0,0.3715108,1.2734854,0.0,0.0,0.9532077,0.0,0.0,0.0,0.0,0.0,0.0,0.0,0.0,0.0,0.0,0.0,0.0,0.0,0.0
NME2,1.6342111,2.1525915,1.4424434,1.7372715,1.0534123,2.420315,2.1233907,2.3467891,2.3172727,1.7650669,1.2193325,1.5310847,2.001111,1.0934392,1.3148127,1.7467372,1.4552693,2.1034255,1.5375056,1.1181889,1.5220002,1.2364,1.7109652,1.451505,2.275508,0.0,1.0910696,2.3503766,1.3768911,0.0,1.4313171,1.157353,0.9018383,1.1247461,1.3197153,1.4388103,1.4224161,1.3689605,1.0810587,0.9821855,1.0412813,1.9324573
UTP18,0.0,0.0,0.0,0.0,0.0,0.0,0.0,0.32679036,0.0,0.18083665,0.0,0.0,0.0,0.0,0.0,0.0,0.0,0.0,0.0,0.0,0.0,0.0,0.0,0.0,0.20240685,0.0,0.0,0.0,0.0,0.0,0.0,0.0,0.0,0.0,0.0,0.0,0.0,0.0,0.0,0.0,0.0,0.0
COX11,0.0,0.0,0.0,0.0,0.0,0.0,0.0,0.12995496,0.0,0.0,0.0,0.0,0.0,0.0,0.0,0.0,0.0,0.0,0.0,0.0,0.0,0.0,0.0,0.0,0.15978293,0.0,0.0,0.0,0.0,0.0,0.0,0.0,0.0,0.0,0.0,0.0,0.0,0.0,0.0,0.0,0.0,0.0
ENSG00000274213,0.0,0.0,0.0,0.0,0.0,0.0,0.0,0.0,0.0,0.0,0.0,1.0348424,0.0,0.0,0.0,0.0,0.0,0.0,0.0,0.0,0.0,0.0,0.0,0.0,0.0,0.0,0.0,0.0,0.0,0.0,0.0,0.0,0.0,0.0,0.0,0.0,0.0,0.0,0.0,0.0,0.0,0.0
COIL,0.0,0.0,0.0,0.0,0.0,0.0,0.0,0.0,0.0,0.18155362,0.0,0.0,0.0,0.0,0.0,0.0,0.0,0.0,0.0,0.0,0.0,0.0,0.0,0.0,0.0,0.0,0.0,0.0,0.0,0.0,0.0,0.0,0.0,0.0,0.0,0.0,0.0,0.0,0.0,0.0,0.0,0.0
SCPEP1,0.0,0.0,0.90819323,0.6439332,0.0,0.0,0.4004618,0.0,0.0,0.18083665,0.0,0.5046885,0.0,0.0,0.0,0.0,0.0,0.0,0.0,0.0,0.0,0.0,0.5936469,0.0,0.1666439,0.0,0.0,0.0,0.0,0.0,0.0,0.0,0.0,0.0,0.0,0.0,0.0,0.0,0.0,0.0,0.0,0.0
MSI2,0.0,0.0,0.0,0.0,0.0,0.0,0.0,0.0,0.0,0.18155362,0.0,0.0,0.0,0.0,0.0,0.0,0.24010344,0.0,0.0,0.0,0.0,0.0,0.0,0.21003948,0.24683121,1.1969337,1.3830035,0.27826577,0.0,0.0,0.0,0.0,0.0,0.0,0.0,0.0,0.0,0.0,0.0,0.0,0.0,0.0
MRPS23,0.0,0.0,0.0,0.0,0.0,0.0,0.367315,0.5600125,0.0,0.0,0.0,0.0,0.0,0.0,0.0,0.0,0.0,0.0,0.0,0.0,0.0,0.0,0.0,0.0,0.3517642,0.0,0.0,0.0,0.0,0.0,0.0,0.0,0.0,0.0,0.0,0.0,0.0,0.0,0.0,0.0,0.0,0.0
VEZF1,0.0,0.0,0.0,0.0,0.0,0.0,0.0,0.0,0.0,0.0,0.0,0.0,0.0,0.0,0.0,0.0,0.0,0.0,0.0,0.0,0.0,0.0,0.0,0.0,0.0,0.0,0.0,0.0,0.0,0.0,0.0,0.0,0.0,0.0,0.0,0.0,0.0,0.0,0.0,0.0,0.0,0.44867015
SRSF1,0.0,0.0,0.0,0.4459087,0.56205004,0.0,0.3358107,0.8745016,0.0,0.6587094,0.0,0.0,0.0,0.0,0.0,0.0,0.0,0.0,0.0,0.0,0.0,0.0,0.0,0.0,0.29982746,0.0,0.0,0.5152507,0.0,0.0,0.0,0.0,0.0,0.0,0.0,0.0,0.0,0.0,0.0,0.0,0.0,0.0
DYNLL2,0.0,0.0,0.0,0.0,0.42327088,0.0,0.0,0.0,0.0,0.23875955,0.0,0.0,0.0,0.0,0.0,0.0,0.0,0.0,0.0,0.0,0.0,0.0,0.0,0.0,0.0,0.0,0.0,0.1753709,0.0,0.0,0.0,0.0,0.0,0.0,0.0,0.0,0.0,0.0,0.0,0.0,0.0,0.0
MPO,0.0,0.0,0.0,1.4058971,0.0,0.0,0.0,0.0,0.0,0.0,0.0,0.0,0.0,0.0,0.0,0.0,0.0,0.0,0.0,0.0,0.0,0.0,0.0,0.0,0.0,0.0,0.0,4.1105886,0.0,0.0,0.0,0.0,0.0,0.0,0.0,0.0,0.0,0.0,0.0,0.0,0.0,0.0
MIR142HG,0.0,0.0,0.0,0.0,0.0,0.6620797,0.4739445,0.0,0.0,0.0,0.0,0.0,0.0,0.0,0.0,0.0,0.0,0.0,0.0,0.0,0.0,0.0,0.0,0.0,0.0,0.0,0.0,0.0,0.0,0.0,0.0,0.0,0.0,0.0,0.0,0.0,0.0,0.0,0.0,0.0,0.0,0.0
SUPT4H1,0.0,0.0,0.0,0.0,0.33444783,0.59331524,0.70666605,0.85971075,0.0,0.57238364,0.0,0.7784047,0.0,0.0,0.0,0.0,0.0,0.0,0.0,0.0,0.0,0.0,0.77305984,0.0,0.37698022,0.0,0.0,0.37053418,0.0,0.0,0.0,0.0,0.0,0.0,0.0,0.0,0.0,0.0,0.0,0.0,0.0,0.58601487
RAD51C,0.0,0.0,0.0,0.0,0.0,0.0,0.0,0.24761549,0.0,0.0,0.0,0.0,0.0,0.0,0.0,0.0,0.0,0.0,0.0,0.0,0.0,0.0,0.0,0.0,0.30593717,0.0,0.0,0.0,0.0,0.0,0.0,0.0,0.0,0.0,0.0,0.0,0.0,0.0,0.0,0.0,0.0,0.0
SKA2,0.0,0.0,0.0,0.0,0.7792021,0.0,0.0,0.24865727,0.0,0.8984251,0.0,0.0,0.0,0.0,0.0,0.0,0.0,0.0,0.0,0.0,0.0,0.0,0.0,0.0,0.48046565,0.0,0.0,0.0,0.0,0.0,0.0,0.0,0.0,0.0,0.0,0.0,0.0,0.0,0.0,0.0,0.0,0.0
PRR11,0.0,0.0,0.0,0.0,0.0,0.0,0.0,0.0,0.0,0.21446666,0.0,0.0,0.0,0.0,0.0,0.0,0.0,0.0,0.0,0.0,0.0,0.0,0.0,0.0,0.0,0.0,0.0,0.0,0.0,0.0,0.0,0.0,0.0,0.0,0.0,0.0,0.0,0.0,0.0,0.0,0.0,0.0
YPEL2,0.0,0.0,0.0,0.0,0.0,0.0,0.0,0.0,0.0,0.0,0.0,0.0,0.0,0.0,0.0,0.0,0.0,0.0,0.0,0.0,0.0,0.0,0.3428897,0.0,0.0,0.0,0.0,0.0,0.0,0.0,0.0,0.0,0.0,0.0,0.0,0.0,0.0,0.0,0.0,0.0,0.0,0.0
CLTC,0.0,0.0,0.7364719,0.75352716,0.0,0.40235615,0.43482453,0.8003485,0.0,0.3953033,0.0,0.0,0.5578004,0.0,0.0,0.0,0.0,0.0,0.0,0.0,0.0,0.0,0.49875724,0.0,0.44715506,0.0,0.0,0.35584825,0.0,0.0,0.0,0.0,0.0,0.0,0.0,0.0,0.0,0.0,0.0,0.0,0.0,0.5775628
PTRH2,0.0,0.0,0.0,0.0,0.0,0.0,0.0,0.24168137,0.0,0.23875955,0.0,0.0,0.0,0.0,0.0,0.0,0.0,0.0,0.0,0.0,0.0,0.0,0.0,0.0,0.0,0.0,0.0,0.0,0.0,0.0,0.0,0.0,0.0,0.0,0.0,0.0,0.0,0.0,0.0,0.0,0.0,0.0
VMP1,0.0,0.0,0.996189,0.5154433,0.0,0.59331524,0.40982887,0.0,0.0,0.0,0.0,1.0209692,0.91374826,0.0,0.0,0.0,0.0,0.0,0.0,0.0,0.0,0.0,1.0016084,0.0,0.18984015,0.0,0.0,0.21596861,0.0,0.0,0.0,0.0,0.0,0.0,0.0,0.0,0.0,0.0,0.0,0.0,0.0,0.0
RPS6KB1,0.0,0.0,0.0,0.0,0.0,0.0,0.0,0.0,0.0,0.18155362,0.0,0.0,0.0,0.0,0.0,0.0,0.0,0.0,0.0,0.0,0.0,0.0,0.0,0.0,0.11483783,0.0,0.0,0.0,0.0,0.0,0.0,0.0,0.0,0.0,0.0,0.0,0.0,0.0,0.0,0.0,0.0,0.0
USP32,0.0,0.0,0.0,0.0,0.0,0.0,0.0,0.0,0.0,0.0,0.0,0.0,0.44090223,0.0,0.0,0.0,0.0,0.0,0.0,0.0,0.0,0.0,0.0,0.0,0.0,0.0,0.0,0.0,0.0,0.0,0.0,0.0,0.0,0.0,0.0,0.0,0.0,0.0,0.0,0.0,0.0,0.0
DCAF7,0.0,0.0,0.0,0.44338226,0.6710174,0.48126704,0.44636363,0.48693842,0.0,0.0,0.0,0.0,0.5578004,0.0,0.0,0.0,0.0,0.0,0.0,0.0,0.0,0.0,0.0,0.0,0.1759403,0.0,0.0,0.48708776,0.0,0.0,0.0,0.0,0.0,0.0,0.0,0.0,0.0,0.0,0.0,0.0,0.0,0.0
TACO1,0.0,0.0,0.0,0.0,0.0,0.0,0.0,0.0,0.0,0.0,0.0,0.0,0.0,0.0,0.0,0.0,0.0,0.0,0.0,0.0,0.0,0.0,0.0,0.0,0.13167544,0.0,0.0,0.0,0.0,0.0,0.0,0.0,0.0,0.0,0.0,0.0,0.0,0.0,0.0,0.0,0.0,0.0
MAP3K3,0.0,0.0,0.0,0.0,0.0,0.0,0.0,0.0,0.0,0.0,0.0,0.4963503,0.0,0.0,0.0,0.0,0.0,0.0,0.0,0.0,0.0,0.0,0.0,0.0,0.0,0.0,0.0,0.0,0.0,0.0,0.0,0.0,0.0,0.0,0.0,0.0,0.0,0.0,0.0,0.0,0.0,0.0
LIMD2,1.7917595,0.0,0.80095726,0.4346906,1.4666196,1.5365978,1.5751736,0.0,0.0,0.4977838,1.064357,0.0,0.0,1.1522919,1.4796834,0.9489631,0.75448203,0.0,1.662926,1.7151242,1.5067762,1.8917,1.416818,0.0,0.8815541,2.2950823,1.5437008,0.48807585,1.4277906,0.0,1.3659084,1.1792698,1.1401403,1.2069613,1.5647404,1.3111453,1.4150571,1.6027516,1.3039566,1.1023597,1.2259256,0.88073325
CCDC47,0.0,0.0,0.0,0.0,0.0,0.38395348,0.40476632,0.4189317,0.0,0.0,0.0,0.0,0.44090223,0.0,0.0,0.0,0.0,0.0,0.0,0.0,0.0,0.0,0.0,0.0,0.42453325,0.0,0.0,0.27327967,0.0,0.0,0.0,0.0,0.0,0.0,0.0,0.0,0.0,0.0,0.0,0.0,0.0,0.0
DDX42,0.0,0.0,0.0,0.0,0.0,0.0,0.0,0.19520792,0.0,0.18083665,0.0,0.0,0.0,0.0,0.0,0.0,0.0,0.0,0.0,0.0,0.0,0.0,0.0,0.0,0.20739445,0.0,0.0,0.24937998,0.0,0.0,0.0,0.0,0.0,0.0,0.0,0.0,0.0,0.0,0.0,0.0,0.0,0.0
PSMC5,0.51613474,0.0,0.0,0.67295283,0.94606256,0.40578204,0.69653934,0.88434106,0.0,0.6785321,0.48630244,0.47305363,0.0,0.0,0.0,0.0,0.0,0.0,0.0,0.0,0.0,0.0,0.5239655,0.16775352,0.83577096,0.0,0.0,0.68070865,0.0,0.0,0.7941512,0.0,0.0,0.0,0.0,0.0,0.74112636,0.7882829,0.0,0.0,0.0,0.6228498
SMARCD2,0.0,0.0,0.0,0.49483812,0.0,0.0,0.30505306,0.0,0.0,0.23380059,0.0,0.0,0.0,0.0,0.0,0.0,0.0,0.0,0.0,0.0,0.0,0.0,0.0,0.0,0.0,0.0,0.0,0.22998314,0.0,0.0,0.0,0.0,0.0,0.0,0.0,0.0,0.0,0.0,0.0,0.0,0.0,0.0
CD79B,1.6652974,0.0,0.0,0.0,0.0,0.0,0.0,0.0,0.0,0.82128066,0.0,0.0,0.0,0.0,1.3148127,0.0,0.0,0.0,1.5567904,0.0,0.0,1.7955194,0.0,0.33669525,0.8234575,3.1321774,2.7904239,0.0,0.3942191,0.0,0.0,0.0,0.0,0.0,0.0,0.0,0.0,0.0,0.0,0.0,0.0,0.0
ICAM2,0.0,0.0,0.0,0.0,0.7318237,0.0,0.0,0.18297052,0.0,0.18155362,0.0,0.0,0.44090223,0.0,0.0,0.0,0.0,0.77463055,0.0,0.97818124,0.0,0.0,0.73318344,0.5374929,0.4538422,0.0,0.0,0.0,0.0,0.0,0.6769977,0.0,0.0,0.0,0.0,0.0,0.0,0.0,0.0,0.0,0.0,0.0
ERN1,0.0,0.0,0.0,0.0,0.0,0.0,0.0,0.0,0.0,0.0,0.0,0.0,0.44090223,1.1285514,0.0,0.0,0.0,0.0,0.0,0.0,0.0,0.0,0.0,0.42182493,0.36329395,0.0,0.0,0.0,0.0,0.0,0.0,0.0,0.0,0.0,0.0,0.0,0.0,0.0,0.0,1.0887113,0.0,0.87913865
ENSG00000266402,0.0,0.0,0.0,0.42393512,0.0,0.0,0.0,0.0,0.0,0.0,0.0,0.0,0.0,0.0,0.0,0.0,0.0,0.0,0.0,0.0,0.0,0.0,0.0,0.0,0.19428341,0.0,0.0,0.39137912,0.0,0.0,0.0,0.0,0.0,0.0,0.0,0.0,0.0,0.0,0.0,0.0,0.0,0.0
PECAM1,0.0,0.0,0.97526467,0.7481628,0.0,0.3977822,0.36281422,0.0,0.0,0.0,0.0,0.84672683,0.7257168,0.0,0.0,0.0,0.0,0.54968095,0.0,0.0,0.0,0.0,1.4441702,0.5114798,0.0,0.0,0.0,0.0,0.0,0.0,0.0,0.0,0.0,0.0,0.0,0.0,0.0,0.0,0.0,0.0,0.0,0.0
DDX5,2.3978953,1.8897898,2.1803377,1.9705075,2.1473157,1.8044971,2.286676,1.5390271,0.0,1.7071391,2.749092,1.717164,1.9422761,2.5446985,2.7166321,2.217804,2.1270988,0.53201985,2.4477696,2.8381615,2.8029282,2.40903,2.2096295,1.3103468,1.65465,2.7606945,2.3353148,1.8812947,2.3009126,2.4951432,2.4550972,2.6794953,2.676497,2.7730577,2.6334524,2.626402,2.4698815,2.6815753,2.7276819,2.5406334,2.5740435,2.6165786
GNA13,0.0,0.0,0.0,0.0,0.0,0.8737457,0.41658252,0.0,0.0,0.0,0.0,0.7784047,0.97920024,0.0,1.2927269,0.0,0.0,0.0,0.0,0.0,0.0,0.0,0.58463967,0.0,0.0,0.0,0.0,0.0,0.0,0.0,0.0,0.0,0.0,0.0,0.0,0.0,0.0,0.0,0.0,0.0,0.0,0.0
HELZ,0.0,0.0,0.0,0.23238432,0.61962056,0.0,0.32769254,0.0,0.0,0.0,0.0,0.0,0.0,0.0,0.0,0.0,0.0,0.0,0.0,0.0,0.0,0.0,0.0,0.0,0.113108404,0.0,0.0,0.14534919,0.0,0.0,0.0,0.0,0.0,0.0,0.0,0.0,0.0,0.0,0.0,0.0,0.0,0.0
PSMD12,0.0,0.0,0.0,0.0,0.0,0.0,0.3404857,0.7194035,0.0,0.0,0.0,0.0,0.0,0.0,0.0,0.0,0.0,0.0,0.0,0.0,0.0,0.0,0.0,0.0,0.48633862,0.0,0.0,0.27739894,0.0,0.0,0.0,0.0,0.0,0.0,0.0,0.0,0.0,0.0,0.0,0.0,0.0,0.0
PITPNC1,0.0,0.0,0.0,0.0,0.51319695,0.0,0.0,0.0,0.0,0.0,0.0,0.0,0.0,0.0,0.0,0.0,0.0,0.0,0.0,0.0,0.0,0.0,0.0,0.0,0.0,0.0,0.0,0.0,0.0,0.0,0.0,0.0,0.0,0.99715954,0.0,0.0,0.0,0.0,0.0,0.0,0.0,0.0
NOL11,0.0,0.0,0.0,0.0,0.0,0.0,0.0,0.23719434,0.0,0.0,0.0,0.0,0.0,0.0,0.0,0.0,0.0,0.0,0.0,0.0,0.0,0.0,0.0,0.0,0.15884948,0.0,0.0,0.0,0.0,0.0,0.0,0.0,0.0,0.0,0.0,0.0,0.0,0.0,0.0,0.0,0.0,0.0
BPTF,0.8464227,0.0,0.46508974,0.71512437,1.1240103,0.34549886,0.7097773,0.32494235,0.0,0.7141442,1.0136976,0.0,0.44090223,0.8007203,0.8421502,0.0,0.85274214,0.0,0.7434635,1.179972,1.0940995,1.0931753,0.0,0.2810799,0.52555865,1.3679142,0.0,0.6986456,0.0,0.0,0.7837956,0.9733907,0.84222543,0.9743705,0.81575227,0.84653735,0.0,0.8211333,0.0,0.0,0.980621,0.90853167
KPNA2,0.0,0.0,0.0,0.6294601,0.7550795,0.37913528,0.34136593,0.5037278,0.0,0.18155362,0.0,0.0,0.0,0.0,0.0,0.0,0.0,0.0,0.0,0.0,0.0,0.0,0.0,0.0,0.6276942,0.0,0.0,0.2949369,0.0,0.0,0.0,0.0,0.0,0.0,0.0,0.0,0.0,0.0,0.0,0.0,0.0,0.0
AMZ2,0.0,0.0,0.0,0.0,0.0,0.0,0.0,0.0,0.0,0.0,0.0,0.0,0.0,0.0,0.0,0.0,0.0,0.0,0.0,0.0,0.0,0.0,0.0,0.0,0.14103276,0.0,0.0,0.0,0.0,0.0,0.0,0.0,0.0,0.0,0.0,0.0,0.0,0.0,0.0,0.0,0.0,0.0
WIPI1,0.0,0.0,0.0,0.0,0.0,0.0,0.0,0.0,0.0,0.0,0.0,0.0,0.0,0.0,0.0,0.0,0.0,0.0,0.0,0.0,0.0,0.0,0.0,0.22898045,0.17517093,0.0,0.0,0.0,0.0,0.0,0.0,0.0,0.0,0.0,0.0,0.0,0.0,0.0,0.0,0.0,0.0,0.0
PRKAR1A,0.51613474,0.0,0.8119037,0.65973425,0.5560341,1.0529546,0.74352014,0.0,0.0,0.3953033,0.0,0.68302804,0.5578004,0.0,0.7355936,0.0,0.0,0.39441997,0.0,0.0,0.0,0.0,0.7419613,0.0,0.2261846,0.0,0.0,0.19980344,0.0,0.0,0.0,0.0,0.0,0.0,0.0,0.0,0.0,0.0,0.0,0.0,0.0,0.5647416
FAM20A,0.0,0.0,0.0,0.0,0.0,0.0,0.0,0.0,0.0,0.0,0.0,0.3987304,0.0,0.0,0.0,0.0,0.0,0.0,0.0,0.0,0.0,0.0,0.0,0.0,0.0,0.0,0.0,0.0,0.0,0.0,0.0,0.0,0.0,0.0,0.0,0.0,0.0,0.0,0.0,0.0,0.0,0.0
COG1,0.0,0.0,0.0,0.0,0.0,0.0,0.0,0.0,0.0,0.18083665,0.0,0.0,0.0,0.0,0.0,0.0,0.0,0.0,0.0,0.0,0.0,0.0,0.0,0.0,0.0,0.0,0.0,0.0,0.0,0.0,0.0,0.0,0.0,0.0,0.0,0.0,0.0,0.0,0.0,0.0,0.0,0.0
VCF1,0.0,0.0,0.0,0.0,0.0,0.0,0.0,0.0,0.0,0.0,0.0,0.0,0.0,0.0,0.0,0.0,0.0,0.0,0.0,0.0,0.0,0.0,0.0,0.0,0.15287328,0.0,0.0,0.0,0.0,0.0,0.0,0.0,0.0,0.0,0.0,0.0,0.0,0.0,0.0,0.0,0.0,0.0
RPL38,2.508827,2.2065227,2.1981852,2.3452077,1.9162822,2.1590126,2.2892635,2.698286,2.3764508,2.3769164,2.3163579,2.1775575,2.2312644,2.5198228,2.749914,2.4455945,2.288207,1.6922485,2.7625446,2.0258503,2.0588384,2.5513048,2.166268,1.1735308,2.2106702,1.847668,2.0726752,2.6780944,2.3266754,0.0,2.9087315,2.6858597,2.9034889,2.5613043,2.9666586,2.856435,3.0752175,2.5651956,2.6377847,2.5597956,2.546684,2.1805813
CD300A,0.0,0.0,0.0,0.0,0.356781,0.0,0.5909688,0.0,0.0,0.0,0.0,0.0,1.1757209,0.0,0.0,0.0,0.0,0.0,0.0,0.0,0.8840836,0.0,0.83971655,0.0,0.0,0.0,0.0,0.0,0.0,0.0,0.0,0.0,0.0,0.0,0.0,0.0,0.0,0.0,0.0,0.0,0.0,0.0
CD300C,0.0,0.0,0.0,0.0,0.0,0.0,0.3996023,0.0,0.0,0.0,0.0,0.6602513,0.0,0.0,0.0,0.0,0.0,0.0,0.0,0.0,0.0,0.0,0.0,0.0,0.0,0.0,0.0,0.0,0.0,0.0,0.0,0.0,0.0,0.0,0.0,0.0,0.0,0.0,0.0,0.0,0.0,0.0
CD300E,0.0,0.0,0.0,0.0,0.0,0.0,0.0,0.0,0.0,0.0,0.0,1.3458667,0.0,0.0,0.0,0.0,0.0,0.0,0.0,0.0,0.0,0.0,1.0953124,0.0,0.0,0.0,0.0,0.0,0.0,0.0,0.0,0.0,0.0,0.0,0.0,0.0,0.0,0.0,0.0,0.0,0.0,0.0
RAB37,0.0,0.0,0.0,0.0,0.0,0.0,0.0,0.0,0.0,0.0,0.0,0.0,0.0,0.0,0.0,0.0,0.44995368,0.4451163,0.0,0.0,0.0,0.0,0.0,0.0,0.0,0.0,0.0,0.0,0.0,0.0,0.0,0.0,0.0,0.0,0.0,0.0,0.0,0.0,0.0,0.0,0.0,0.0
NHERF1,0.0,0.0,0.0,0.7714057,1.1602654,0.0,0.3404857,0.0,0.0,0.18083665,0.0,0.0,0.7257168,0.0,0.0,0.0,0.0,0.5111884,0.0,1.0520744,0.0,0.0,0.0,0.0,0.5265167,0.0,0.0,0.26575089,0.0,0.0,0.0,0.9859624,0.0,0.0,0.0,0.0,0.0,0.0,0.0,0.0,0.0,0.21349038
MRPL58,0.0,0.0,0.0,0.0,0.0,0.0,0.0,0.3484845,0.0,0.0,0.0,0.0,0.0,0.0,0.0,0.0,0.0,0.0,0.0,0.0,0.0,0.0,0.0,0.0,0.29144773,0.0,0.0,0.0,0.0,0.0,0.0,0.0,0.0,0.0,0.0,0.0,0.0,0.0,0.0,0.0,0.0,0.0
ATP5PD,0.0,1.2975402,1.019551,1.1918947,0.9423909,0.89923656,1.0549331,1.058291,1.4304156,0.5521189,0.6301467,1.1161138,1.141807,0.0,0.0,0.0,0.5058321,0.0,0.0,0.0,0.0,0.0,1.0557681,0.363334,0.92169005,0.0,0.0,0.9913058,0.0,0.0,0.8934831,0.0,0.0,0.0,0.8946575,0.9005393,0.8518955,0.9433717,0.0,0.0,0.0,0.79747754
NT5C,0.0,0.0,0.0,0.0,0.5523088,0.34115425,0.36097383,0.6258677,0.0,0.0,0.0,0.0,0.0,0.0,0.0,0.0,0.0,0.0,0.0,0.0,0.0,0.0,0.0,0.0,0.3294098,0.0,0.0,0.30603015,0.0,0.0,0.0,0.0,0.0,0.0,0.0,0.0,0.0,0.0,0.0,0.0,0.0,0.53806937
JPT1,0.0,0.0,0.0,0.9453893,1.3114218,1.1323854,0.723523,0.9873338,0.0,0.21446666,0.0,1.054872,1.4347595,0.0,0.0,0.0,0.0,0.0,0.0,0.0,0.0,0.0,1.3776293,0.1300091,1.4259737,0.0,0.0,0.58678603,0.0,0.0,0.0,0.0,0.0,0.0,0.0,0.0,0.0,0.0,0.0,0.0,0.0,0.0
SUMO2,1.4379356,0.90542024,1.3451841,1.5764459,1.9166034,1.4061946,1.4984248,1.9307122,1.8337672,1.8400307,1.2351879,1.2930145,1.3831153,1.2538354,1.3148127,1.2230418,1.5943332,2.0142994,1.5403371,1.4752463,1.5049791,1.3246598,1.4973207,0.5716675,1.5000819,1.4324815,1.725858,1.6849167,1.5379856,0.0,1.3882852,1.5444251,1.3603895,1.5394442,1.3940694,1.3224454,1.345184,1.5944611,1.4319232,1.3195478,1.270175,1.7610513
MRPS7,0.0,0.0,0.0,0.0,0.0,0.2875488,0.3358107,0.8331417,0.0,0.18155362,0.0,0.0,0.0,0.0,0.0,0.0,0.0,0.0,0.0,0.0,0.0,0.0,0.0,0.12102996,0.7396603,0.0,0.0,0.22191946,0.0,0.0,0.0,0.0,0.0,0.0,0.0,0.0,0.0,0.0,0.0,0.0,0.0,0.0
MIF4GD,0.0,0.0,0.0,0.0,0.26650664,0.48604932,0.3606974,0.0,0.0,0.21446666,0.0,0.0,0.0,0.0,0.0,0.0,0.0,0.0,0.0,0.0,0.0,0.0,0.0,0.0,0.0,0.0,0.0,0.0,0.0,0.0,0.0,0.0,0.0,0.0,0.0,0.0,0.0,0.0,0.0,0.0,0.0,0.7085191
SLC25A19,0.0,0.0,0.0,0.0,0.0,0.0,0.0,0.0,0.0,0.0,0.0,0.0,0.0,0.0,0.0,0.0,0.0,0.0,0.0,0.0,0.0,0.0,0.0,0.0,0.17878182,0.0,0.0,0.0,0.0,0.0,0.0,0.0,0.0,0.0,0.0,0.0,0.0,0.0,0.0,0.0,0.0,0.0
GRB2,1.6082124,0.0,1.3718548,1.2521636,0.798916,0.9360883,1.3305334,0.3936967,0.0,0.9056965,0.0,1.6552165,1.7895869,0.0,1.4796834,0.0,0.7868056,0.9553411,1.1323202,0.0,0.0,1.1748438,1.3757762,0.7861301,1.0356549,0.0,0.0,0.6050582,0.69984335,0.0,0.0,0.0,0.0,0.0,0.0,0.0,0.0,0.84745026,0.0,0.0,0.0,1.1180292
SAP30BP,0.0,0.0,0.0,0.0,0.0,0.0,0.0,0.19912516,0.0,0.18155362,0.0,0.0,0.0,0.0,0.0,0.0,0.0,0.0,0.0,0.0,0.0,0.0,0.0,0.0,0.18442562,0.0,0.0,0.0,0.0,0.0,0.0,0.0,0.0,0.0,0.0,0.0,0.0,0.0,0.0,0.0,0.0,0.4710095
GALK1,0.0,0.0,0.0,0.0,0.0,0.0,0.30307323,0.0,0.0,0.23380059,0.0,0.0,0.0,0.0,0.0,0.0,0.0,0.0,0.0,0.0,0.0,0.0,0.0,0.0,0.12525262,0.0,0.0,0.0,0.0,0.0,0.0,0.0,0.0,0.0,0.0,0.0,0.0,0.0,0.0,0.0,0.0,0.0
H3-3B,2.9833512,1.6826812,2.5866838,2.5806265,3.0458202,3.3831668,2.9012816,1.8790663,2.2368171,2.6603909,3.4291608,2.8816936,2.7275865,3.6279452,2.983747,3.0575864,3.8082237,2.298183,3.32752,3.4582057,3.6448135,3.2638838,2.7997546,2.1460168,2.3122702,3.8325815,3.6814942,2.4141593,3.2210083,2.6852047,3.2650814,3.1586719,3.580425,3.501391,3.3763754,2.906857,3.0612745,3.2720227,3.377569,3.3416278,3.7412882,3.0326943
UNC13D,0.0,0.0,0.0,0.0,0.0,0.0,0.0,0.0,0.0,0.0,0.0,0.0,0.0,0.0,0.0,0.0,0.0,0.1728399,0.0,0.0,0.0,0.0,0.0,0.0,0.0,0.0,0.0,0.0,0.0,0.0,0.0,0.0,0.0,0.0,0.0,0.0,0.0,0.0,0.0,0.0,0.0,0.0
WBP2,0.0,0.0,0.0,0.0,0.0,0.27226898,0.0,0.0,0.0,0.18083665,0.0,0.8423759,0.44090223,0.0,0.0,0.0,0.0,0.8484801,0.0,0.0,0.0,0.0,0.4366048,0.0,0.0,0.0,0.0,0.0,0.0,0.0,0.0,0.0,0.0,0.0,0.0,0.0,0.0,0.0,0.0,0.0,0.0,0.0
MRPL38,0.0,0.0,0.0,0.0,0.0,0.0,0.2934634,0.59167665,0.0,0.44826725,0.0,0.0,0.0,0.0,0.0,0.0,0.0,0.0,0.0,0.0,0.0,0.0,0.0,0.0,0.58235437,0.0,0.0,0.0,0.0,0.0,0.0,0.0,0.0,0.0,0.0,0.0,0.0,0.0,0.0,0.0,0.0,0.0
SRP68,0.0,0.0,0.0,0.0,0.0,0.0,0.0,0.1939885,0.0,0.0,0.0,0.0,0.0,0.0,0.0,0.0,0.0,0.0,0.0,0.0,0.0,0.0,0.0,0.0,0.34715858,0.0,0.0,0.0,0.0,0.0,0.0,0.0,0.0,0.0,0.0,0.0,0.0,0.0,0.0,0.0,0.0,0.0
UBALD2,0.0,0.0,0.8591275,0.8394394,1.4417274,0.0,0.6220476,0.0,0.0,0.9078726,0.0,1.2107468,0.0,0.8938244,0.7355936,0.6663778,0.0,0.0,0.0,0.96481407,1.039515,0.0,0.6552519,0.6068944,1.1629521,0.0,0.0,0.35755706,0.8845479,0.0,1.3232427,0.0,1.3990283,0.0,1.8588357,1.1516346,1.0309584,1.4593675,0.0,1.010965,1.019268,0.9766822
PRPSAP1,0.0,0.0,0.0,0.0,0.53616965,0.0,0.0,0.0,0.0,0.18083665,0.0,0.0,0.0,0.0,0.0,0.0,0.0,0.0,0.0,0.0,0.0,0.0,0.0,0.0,0.0,0.0,0.0,0.0,0.0,0.0,0.0,0.0,0.0,0.0,0.0,0.0,0.0,0.0,0.0,0.0,0.0,0.0
SPHK1,0.0,0.0,0.0,0.0,0.0,0.0,0.0,0.0,0.0,0.0,0.0,0.5046885,0.0,0.0,0.0,0.0,0.0,0.0,0.0,0.0,0.0,0.0,0.0,0.0,0.0,0.0,0.0,0.0,0.0,0.0,0.0,0.0,0.0,0.0,0.0,0.0,0.0,0.0,0.0,0.0,0.0,0.0
RHBDF2,0.0,0.0,0.0,0.0,0.0,0.0,0.0,0.0,0.0,0.0,0.0,0.0,0.5578004,0.0,0.0,0.0,0.0,0.0,0.0,0.0,0.0,0.0,0.0,0.0,0.0,0.0,0.0,0.0,0.0,0.0,0.0,0.0,0.0,0.0,0.0,0.0,0.0,0.0,0.0,0.0,0.0,0.0
SNHG16,0.0,0.0,0.0,0.0,0.0,0.4580726,0.0,1.0227904,0.0,0.0,0.0,0.5221987,0.0,0.8946789,0.0,0.0,0.0,0.0,0.0,0.0,0.0,0.0,0.0,0.0,0.22705108,0.0,0.0,0.67704535,0.0,0.0,0.75198287,0.0,0.0,0.0,0.0,0.0,0.0,0.0,0.0,0.0,0.0,0.0
JMJD6,0.0,0.0,0.0,0.0,0.0,0.0,0.37619096,0.0,0.0,0.0,0.0,0.0,0.0,0.0,0.0,0.0,0.0,0.0,0.0,0.0,0.0,0.0,0.0,0.0,0.13803001,0.0,0.0,0.0,0.0,0.0,0.0,0.0,0.0,0.0,0.0,0.0,0.0,0.0,0.0,0.0,0.0,0.0
METTL23,0.0,0.0,0.0,0.0,0.0,0.0,0.0,0.0,0.0,0.18155362,0.0,0.0,0.0,0.0,0.0,0.0,0.0,0.0,0.0,0.0,0.0,0.0,0.0,0.0,0.16899817,0.0,0.0,0.0,0.0,0.0,0.0,0.0,0.0,0.0,0.0,0.0,0.0,0.0,0.0,0.0,0.0,0.0
SRSF2,0.74891436,0.0,0.83273584,1.3320544,1.7520069,0.8779965,1.1889484,1.6253393,0.0,1.2517138,1.234842,0.82655406,0.0,1.258146,0.77814996,1.0171971,1.2085742,0.8622539,0.9764595,1.3216275,1.4833624,0.0,0.74002653,0.4001857,1.4626997,1.2162819,1.3518347,1.4603221,0.95660365,0.0,0.9688028,1.1730683,0.9901957,1.2829384,1.0034087,0.9052501,0.97565055,1.0041205,1.2242274,1.2221966,1.1172193,1.3338883
SEC14L1,0.0,0.0,0.0,0.0,0.31257617,0.37521976,0.53758657,0.0,0.0,0.18083665,0.0,0.3987304,0.0,0.0,0.0,0.0,0.0,0.0,0.0,0.0,0.78079796,0.0,1.0390041,0.83488387,0.8871504,0.0,0.0,0.0,0.0,0.0,0.0,0.0,0.0,0.0,0.0,0.0,0.0,0.0,0.0,0.0,0.0,0.0
SEPTIN9,0.65283537,0.0,0.0,0.0,0.7531701,0.6542072,0.71294373,0.0,0.0,0.5521189,1.0716889,0.5046885,0.7257168,0.77390856,1.1810663,0.0,0.0,0.0,0.0,0.0,0.5515035,0.0,1.1395993,0.0,0.40393764,1.1516259,1.5283927,0.0,0.84433746,0.0,0.88621217,0.0,0.83610415,0.0,0.8764793,1.1042479,0.7876292,0.9978076,0.0,0.9607607,1.0495343,1.2485685
TMC6,0.0,0.0,0.0,0.0,0.0,0.0,0.30307323,0.26134595,0.0,0.0,0.0,0.0,0.0,0.0,0.0,0.0,0.0,0.0,0.0,0.0,0.0,0.0,0.38158953,0.0,0.28064317,0.0,0.0,0.0,0.0,0.0,0.0,0.0,0.0,0.0,0.0,0.0,0.0,0.0,0.0,0.0,0.0,0.0
TMC8,0.0,0.0,0.0,0.0,0.0,0.0,0.0,0.0,0.0,0.18155362,0.0,0.0,0.0,0.0,0.0,0.0,0.0,0.0,0.0,0.0,0.0,0.0,0.0,0.0,0.0,0.0,0.0,0.0,0.0,0.0,0.0,0.0,0.0,0.0,0.0,0.91752386,0.0,0.0,0.0,0.0,0.0,0.0
SYNGR2,1.3703829,0.0,0.50107884,0.38724285,0.0,1.2037628,1.1230987,0.75795853,0.0,0.7447709,0.0,1.2930145,0.91374826,0.0,1.4930514,0.0,0.63973343,0.0,1.2508912,0.0,0.0,1.0735233,1.1727216,0.3715108,0.46542203,0.0,0.0,0.33000052,0.26702702,0.0,0.0,0.0,0.0,0.0,0.0,0.0,0.0,0.0,0.0,0.0,0.0,0.71068096
TK1,0.0,0.0,0.0,0.36443526,0.9067395,0.0,0.0,0.5810001,0.0,0.23380059,0.0,0.0,0.0,0.0,0.0,0.0,0.0,0.0,0.0,0.0,0.0,0.0,0.0,0.0,0.59628093,0.0,0.0,0.0,0.0,0.0,0.0,0.0,0.0,0.0,0.0,0.0,0.0,0.0,0.0,0.0,0.0,0.0
AFMID,0.0,0.0,0.0,0.0,0.0,0.0,0.0,0.12689343,0.0,0.0,0.0,0.0,0.0,0.0,0.0,0.0,0.0,0.0,0.0,0.0,0.0,0.0,0.0,0.0,0.0,0.0,0.0,0.0,0.0,0.0,0.0,0.0,0.0,0.0,0.0,0.0,0.0,0.0,0.0,0.0,0.0,0.0
BIRC5,0.0,0.0,0.0,0.70223904,1.2098324,0.0,0.0,0.7582448,0.0,0.23380059,0.0,0.0,0.0,0.0,0.0,0.0,0.0,0.0,0.0,0.0,0.0,0.0,0.0,0.0,0.75626326,0.0,0.0,0.0,0.0,0.0,0.0,0.0,0.0,0.0,0.0,0.0,0.0,0.0,0.0,0.0,0.0,0.0
SOCS3,0.0,0.0,0.48544014,0.44359785,0.0,0.685242,0.6290406,0.0,0.0,0.0,0.0,0.965619,1.4643317,0.0,0.0,0.0,0.0,0.0,0.0,0.0,0.0,0.0,0.8801805,0.0,0.0,0.0,0.0,0.0,0.0,0.0,1.4561641,0.0,1.7581891,0.0,1.8536383,1.3184273,0.8605423,1.3276062,0.0,0.0,0.0,0.61012924
CYTH1,0.74891436,0.0,0.0,0.0,0.65188754,0.0,0.44790858,0.0,0.0,0.57331717,0.0,0.5104259,0.0,0.0,0.0,0.0,0.0,0.0,0.0,0.80387795,0.0,0.0,0.6551853,0.0,0.1720261,0.0,0.0,0.0,0.6136575,0.0,0.7935536,0.0,0.0,0.0,0.8252548,0.8386308,0.74112636,0.8255792,0.0,0.82320654,0.0,0.0
TIMP2,0.0,1.6178101,0.91480833,0.77968246,0.0,0.0,0.49004585,0.0,0.0,0.0,0.0,1.1472063,1.1757209,0.0,0.0,0.0,0.0,0.0,0.0,0.0,0.0,0.0,0.8146303,0.0,0.0,0.0,0.0,0.0,0.0,0.0,0.0,0.0,0.0,0.0,0.0,0.0,0.0,0.0,0.0,0.0,0.0,0.0
CANT1,0.0,0.0,0.0,0.0,0.0,0.0,0.0,0.0,0.0,0.3953033,0.0,0.0,0.0,0.0,0.0,0.0,0.0,0.0,0.0,0.0,0.0,0.0,0.0,0.0,0.0,0.0,0.0,0.0,0.0,0.0,0.0,0.0,0.0,0.0,0.0,0.0,0.0,0.0,0.0,0.0,0.0,0.0
CBX4,0.0,0.0,0.0,0.0,0.0,0.0,0.0,0.0,0.0,0.18083665,0.0,0.0,0.0,0.0,0.0,0.0,0.0,0.0,0.0,0.0,0.0,0.0,0.0,0.0,0.23792577,0.0,0.0,0.0,0.0,0.0,0.0,0.0,0.0,0.0,0.0,0.0,0.0,0.0,0.0,0.0,0.0,0.76478684
GAA,0.0,0.0,0.0,0.0,0.0,0.0,0.0,0.0,0.0,0.0,0.0,0.5367148,0.44090223,0.0,0.0,0.0,0.0,0.0,0.0,0.0,0.0,0.0,0.0,0.0,0.0,0.0,0.0,0.0,0.0,0.0,0.0,0.0,0.0,0.0,0.0,0.0,0.0,0.0,0.0,0.0,0.0,0.0
EIF4A3,0.0,0.0,0.0,0.48486334,0.7755803,0.41900888,0.47268915,0.472223,0.0,0.0,0.0,0.4254868,0.7458428,0.0,0.0,0.0,0.0,0.0,0.0,0.0,0.0,0.0,0.0,0.0,0.6890426,1.2148914,0.0,0.36420053,0.0,0.0,0.0,0.0,0.0,0.0,0.0,0.0,0.0,0.0,0.0,0.0,0.0,0.91635925
RNF213,0.8401995,0.0,0.6119889,0.0,1.2276742,0.0,0.53533906,0.0,0.0,1.0598222,0.89209247,0.7063019,0.0,1.0838984,0.6868571,0.0,0.0,0.0,0.0,1.4477704,1.2068045,0.0,0.9891342,0.24428296,0.7707212,0.0,0.9181548,0.0,0.0,1.89746,0.8737457,1.306308,0.8401995,1.1206205,0.0,0.8172864,0.85405934,0.9531547,1.2022954,1.1095303,1.1338125,0.7033454
NDUFAF8,0.0,0.0,0.0,0.0,0.0,0.2875488,0.35920435,1.0323646,0.0,0.4532262,0.0,0.0,0.7257168,0.0,0.0,0.0,0.0,0.0,0.0,0.0,0.0,0.0,0.0,0.21273038,0.6459526,0.0,0.0,0.6488011,0.0,0.0,0.0,0.0,0.0,0.0,0.0,0.0,0.0,0.0,0.0,0.0,0.0,0.6213206
SLC38A10,0.0,0.0,0.0,0.38475925,0.0,0.0,0.0,0.0,0.0,0.0,0.0,0.0,0.0,0.0,0.0,0.0,0.0,0.0,0.0,0.0,0.0,0.0,0.0,0.4129873,0.33476672,0.0,0.0,0.0,0.0,0.0,0.0,0.0,0.0,0.0,0.0,0.0,0.0,0.0,0.0,0.0,0.0,0.0
ACTG1,2.0483878,2.5043788,2.8884406,3.1814675,3.5156176,3.521606,3.412455,1.2100384,2.5573294,3.457179,2.1662598,2.7371123,1.8290203,2.5492904,1.8382314,2.8567653,2.8836439,3.9044971,2.034501,2.8344188,2.8421807,1.5699949,2.7156444,1.198833,2.5404181,2.816534,3.4946475,2.8773828,2.4812934,0.0,2.6923945,2.425506,2.5663042,2.5876927,2.6777582,2.514999,2.6844978,2.917193,2.4731486,2.6233833,2.7374399,3.105071
OXLD1,0.0,0.0,0.0,0.0,0.0,0.0,0.0,0.15994428,0.0,0.0,0.0,0.0,0.0,0.0,0.0,0.0,0.0,0.0,0.0,0.0,0.0,0.0,0.0,0.0,0.0,0.0,0.0,0.0,0.0,0.0,0.0,0.0,0.0,0.0,0.0,0.0,0.0,0.0,0.0,0.0,0.0,0.0
CCDC137,0.0,0.0,0.0,0.0,0.0,0.0,0.0,0.20431155,0.0,0.0,0.0,0.0,0.0,0.0,0.0,0.0,0.0,0.0,0.0,0.0,0.0,0.0,0.0,0.0,0.0,0.0,0.0,0.0,0.0,0.0,0.0,0.0,0.0,0.0,0.0,0.0,0.0,0.0,0.0,0.0,0.0,0.0
HGS,0.0,0.0,0.0,0.0,0.0,0.0,0.0,0.14544432,0.0,0.0,0.0,0.0,0.0,0.0,0.0,0.0,0.0,0.0,0.0,0.0,0.0,0.0,0.0,0.0,0.0,0.0,0.0,0.0,0.0,0.0,0.0,0.0,0.0,0.0,0.0,0.0,0.0,0.0,0.0,0.0,0.0,0.0
MRPL12,0.0,0.0,0.0,0.21949217,0.0,0.28305006,0.35920435,1.221479,0.0,0.62781835,0.0,0.0,0.5578004,0.0,0.0,0.0,0.0,0.0,0.0,0.0,0.0,0.0,0.0,0.17477192,0.9384753,0.0,0.0,0.72107315,0.0,0.0,0.0,0.0,0.0,0.0,0.0,0.0,0.0,0.0,0.0,0.0,0.0,0.0
MCRIP1,0.0,0.0,0.0,0.0,0.7044352,0.34115425,0.0,0.0,0.0,0.3953033,0.0,0.0,0.0,0.0,0.0,0.0,0.0,0.0,0.0,0.0,0.0,0.0,0.0,0.0,0.0,0.0,0.0,0.18076037,0.0,0.0,0.0,0.0,0.0,0.0,0.0,0.0,0.0,0.0,0.0,0.0,0.0,0.0
P4HB,0.0,0.80773175,0.98469985,1.5812681,1.1591439,0.8047989,0.7545701,1.3899807,0.0,0.61035377,0.0,1.2107468,1.661052,0.8893249,0.7355936,0.68902284,1.7312388,0.42522317,0.0,0.95042104,0.78240937,0.0,0.59563696,1.4150383,1.9532737,0.0,0.0,1.5215265,0.7089232,0.0,0.74222034,0.0,0.0,0.0,0.0,0.0,0.0,0.0,0.0,0.8684933,0.0,1.4989872
ARHGDIA,0.8112776,0.0,1.2061765,1.5398037,1.2275039,0.96476376,1.0026433,0.38603178,0.0,1.0785167,0.77548546,1.6025404,1.5203841,0.99575824,0.9916867,0.7151511,0.33669394,1.0238844,0.8594809,0.95354664,1.0243328,0.0,1.1296667,0.36796427,1.2144811,0.0,0.935398,0.94177264,0.9010211,0.0,0.87115145,0.0,0.0,1.0534105,0.79013574,0.84653735,0.0,0.9070905,0.89634997,0.9607607,1.0495343,1.0385323
ALYREF,0.0,0.0,0.0,0.9458809,1.083523,0.0,0.76983976,0.5550446,0.0,0.36239028,0.59476876,0.3987304,0.0,0.0,0.0,0.0,0.0,0.0,0.0,0.0,0.0,0.0,0.0,0.0,0.8485188,0.0,0.0,0.8395202,0.0,0.0,0.0,0.0,0.0,0.0,0.0,0.0,0.0,0.0,0.0,0.0,0.0,0.6652627
ANAPC11,0.0,0.0,0.0,1.127315,1.1205566,0.50513124,0.73906285,1.0150659,1.4104536,1.0994625,0.0,0.965619,1.141807,0.0,0.0,0.0,0.0,1.1103078,0.0,0.0,0.0,0.0,0.8679517,0.44865787,1.1459426,0.0,0.0,0.7537974,0.56606364,0.0,0.0,0.0,0.0,0.0,0.0,0.0,0.0,0.0,0.0,0.0,0.0,0.81935674
MAFG,0.0,0.0,0.0,0.0,0.0,0.0,0.0,0.0,0.0,0.0,0.0,0.0,0.0,0.0,0.0,0.0,0.0,0.15448341,0.0,0.0,0.0,0.0,0.0,0.0,0.0,0.0,0.0,0.0,0.0,0.0,0.0,0.0,0.0,0.0,0.0,0.0,0.0,0.0,0.0,0.0,0.0,0.0
PYCR1,0.0,0.0,0.0,0.0,0.0,0.0,0.0,0.5975324,0.0,0.0,0.0,0.0,0.0,0.0,0.0,0.0,0.0,0.0,0.0,0.0,0.0,0.0,0.0,0.14266728,0.20615016,0.0,0.0,0.0,0.0,0.0,0.0,0.0,0.0,0.0,0.0,0.0,0.0,0.0,0.0,0.0,0.0,0.0
CENPX,0.0,0.0,0.0,0.5653115,0.76529306,0.37913528,0.0,1.1011138,0.0,0.6587094,0.0,0.0,0.0,0.0,0.0,0.0,0.0,0.0,0.0,0.0,0.0,0.0,0.0,0.0,0.52555865,0.0,0.0,0.37735915,0.0,0.0,0.0,0.0,0.0,0.0,0.0,0.0,0.0,0.0,0.0,0.0,0.0,0.0
DCXR,0.510213,0.0,0.0,0.7068542,1.011619,0.59812146,0.5691604,0.62284786,0.0,0.5482596,0.0,0.0,0.0,0.0,0.0,0.0,0.0,0.0,0.0,0.0,0.0,0.0,0.0,0.27294943,0.44668794,0.0,0.0,0.5441827,0.0,0.0,0.0,0.0,0.0,0.0,0.0,0.0,0.0,0.0,0.0,0.0,0.0,0.5313135
GPS1,0.0,0.0,0.0,0.0,0.0,0.0,0.30505306,0.5068705,0.0,0.44826725,0.0,0.0,0.0,0.0,0.0,0.0,0.0,0.0,0.0,0.0,0.0,0.0,0.0,0.0,0.37458456,0.0,0.0,0.0,0.0,0.0,0.0,0.0,0.0,0.0,0.0,0.0,0.0,0.0,0.0,0.0,0.0,0.0
DUS1L,0.0,0.0,0.0,0.0,0.0,0.0,0.3358107,0.15539156,0.0,0.0,0.0,0.0,0.0,0.0,0.0,0.0,0.0,0.0,0.0,0.0,0.0,0.0,0.0,0.0,0.4668898,0.0,0.0,0.0,0.0,0.0,0.0,0.0,0.0,0.0,0.0,0.0,0.0,0.0,0.0,0.0,0.0,0.0
CCDC57,0.0,0.0,0.0,0.0,0.0,0.0,0.0,0.0,0.0,0.0,0.0,0.0,0.0,0.0,0.0,0.0,0.0,0.0,0.0,0.0,0.0,0.0,0.0,0.0,0.1146783,0.0,0.0,0.0,0.0,0.0,0.0,0.0,0.0,0.0,0.0,0.0,0.0,0.0,0.0,0.0,0.0,0.0
SLC16A3,0.0,0.0,0.8474698,0.7715908,0.0,0.0,0.5179113,0.0,0.0,0.0,0.0,0.90413547,0.5578004,0.0,0.0,0.0,0.0,0.0,0.0,0.0,0.0,0.0,0.6382251,0.0,0.0,0.0,0.0,0.0,0.0,0.0,0.0,0.0,0.0,0.0,0.0,0.0,0.0,0.0,0.0,0.0,0.0,0.0
CSNK1D,0.0,0.0,0.0,0.0,0.06983372,0.34146005,0.42475292,0.20002231,0.0,0.0,0.0,0.47305363,0.0,0.0,0.0,0.0,0.0,0.0,0.0,0.0,0.0,0.0,0.0,0.0,0.116415784,0.0,0.0,0.0,0.0,0.0,0.0,0.0,0.0,0.0,0.0,0.0,0.0,0.0,0.0,0.0,0.0,0.0
CD7,0.0,0.0,0.0,0.0,2.325261,0.0,0.0,0.0,0.0,0.0,1.6623489,0.0,0.0,1.6139331,0.0,0.3294792,0.0,0.0,0.0,2.627171,2.8417091,0.0,0.0,0.0,0.0,0.0,0.0,0.0,1.023263,0.0,0.8968226,0.0,0.76965314,1.6079994,1.3617914,1.5164192,1.6027516,1.0662265,1.029221,0.9423192,1.7913429,0.0
SECTM1,0.0,0.0,0.0,0.0,0.0,0.0,0.0,0.0,0.0,0.0,0.0,0.0,0.0,0.0,0.0,0.0,0.0,0.0,0.0,0.0,0.0,0.0,0.6494975,0.0,0.0,0.0,0.0,0.0,0.0,0.0,0.0,0.0,0.0,0.0,0.0,0.0,0.0,0.0,0.0,0.0,0.0,0.0
OGFOD3,0.0,0.0,0.0,0.0,0.0,0.0,0.0,0.0,0.0,0.0,0.0,0.0,0.0,0.0,0.0,0.0,0.0,0.0,0.0,0.0,0.0,0.0,0.0,0.0,0.113108404,0.0,0.0,0.0,0.0,0.0,0.0,0.0,0.0,0.0,0.0,0.0,0.0,0.0,0.0,0.0,0.0,0.0
CYBC1,0.0,0.0,0.0,0.27106005,0.6101594,0.5035982,0.5419595,0.0,0.0,0.18155362,0.0,0.0,0.0,0.0,0.0,0.0,0.0,0.0,0.0,0.0,0.0,0.0,0.0,0.33525383,0.56136775,0.0,1.031539,0.0,0.0,0.0,0.0,0.0,0.0,0.0,0.0,0.0,0.0,0.0,0.0,0.0,0.0,0.5305773
NARF,0.0,0.0,0.0,0.0,0.0,0.3977822,0.35920435,1.0131946,0.0,0.3960203,0.0,0.0,0.5578004,0.0,0.0,0.0,0.0,0.0,0.0,0.0,0.0,0.0,0.0,0.21866085,0.39370456,0.0,0.0,0.0,0.0,0.0,0.0,0.0,0.0,0.0,0.0,0.0,0.0,0.0,0.0,0.0,0.0,0.0
FOXK2,0.0,0.0,0.0,0.0,0.0,0.0,0.0,0.0,0.0,0.0,0.0,0.0,0.0,0.0,0.0,0.0,0.0,0.0,0.0,0.0,0.0,0.0,0.0,0.0,0.14780025,0.0,0.0,0.0,0.0,0.0,0.0,0.0,0.0,0.0,0.0,0.0,0.0,0.0,0.0,0.0,0.0,0.0
WDR45B,0.0,0.0,0.0,0.0,0.0,0.0,0.4089112,0.0,0.0,0.0,0.0,0.5221987,0.0,0.0,1.1548164,0.0,0.0,0.0,0.0,0.0,0.0,0.0,0.0,0.0,0.0,0.0,0.0,0.0,0.0,0.0,0.0,0.0,0.0,0.0,0.0,0.0,0.0,0.0,0.0,0.0,0.0,0.0
FN3KRP,0.0,0.0,0.0,0.0,0.0,0.0,0.0,0.24555804,0.0,0.0,0.0,0.0,0.0,0.0,0.0,0.0,0.0,0.0,0.0,0.0,0.0,0.0,0.0,0.0,0.0,0.0,0.0,0.0,0.0,0.0,0.0,0.0,0.0,0.0,0.0,0.0,0.0,0.0,0.0,0.0,0.0,0.0
FN3K,0.0,0.0,0.0,0.0,0.0,0.0,0.0,1.1289996,0.0,0.0,0.0,0.0,0.0,0.0,0.0,0.0,0.0,0.0,0.0,0.0,0.0,0.0,0.0,0.0,0.0,0.0,0.0,0.0,0.0,0.0,0.0,0.0,0.0,0.0,0.0,0.0,0.0,0.0,0.0,0.0,0.0,0.0
METRNL,0.0,0.0,0.5268034,0.0,0.7411023,0.41900888,1.1103941,0.0,0.0,0.0,0.0,1.5379356,1.4048783,0.0,0.0,0.0,0.0,0.0,0.0,1.4757017,1.0027535,0.0,1.129049,0.0,0.0,0.0,0.0,0.0,0.0,0.0,0.0,0.0,0.0,1.0312619,0.0,0.0,0.0,0.0,0.0,0.0,0.0,0.0
USP14,0.0,0.0,0.0,0.39074546,0.40769547,0.28951037,0.0,0.59714645,0.0,0.18083665,0.0,0.0,0.0,0.0,0.0,0.0,0.0,0.0,0.0,0.0,0.0,0.0,0.0,0.0,0.4669268,0.0,0.0,0.43379027,0.0,0.0,0.0,0.0,0.0,0.0,0.0,0.0,0.0,0.0,0.0,0.0,0.0,0.0
TYMS,0.0,0.0,0.0,0.67290807,1.8086271,0.0,0.0,1.6430683,0.0,1.2680302,0.0,0.0,0.0,0.0,0.0,0.0,0.0,0.0,0.0,0.0,0.0,0.0,0.0,0.0,0.9253863,0.0,0.0,0.7140909,0.0,0.0,0.0,0.0,0.0,0.0,0.0,0.0,0.0,0.0,0.0,0.0,0.0,0.0
ENOSF1,0.0,0.0,0.0,0.0,0.0,0.0,0.0,0.34509546,0.0,0.0,0.0,0.0,0.0,0.0,0.0,0.0,0.0,0.0,0.0,0.0,0.0,0.0,0.0,0.0,0.0,0.0,0.0,0.0,0.0,0.0,0.0,0.0,0.0,0.0,0.0,0.0,0.0,0.0,0.0,0.0,0.0,0.0
NDC80,0.0,0.0,0.0,0.0,0.6081812,0.0,0.0,0.0,0.0,0.18083665,0.0,0.0,0.0,0.0,0.0,0.0,0.0,0.0,0.0,0.0,0.0,0.0,0.0,0.0,0.0,0.0,0.0,0.0,0.0,0.0,0.0,0.0,0.0,0.0,0.0,0.0,0.0,0.0,0.0,0.0,0.0,0.0
SMCHD1,1.486663,0.0,1.0091059,0.91965055,1.1572559,0.5955348,0.56046355,0.3876835,0.0,0.97070867,0.61280143,0.5104259,0.7458428,1.0764471,2.1892056,0.0,0.52119,0.0,1.378434,1.1450837,1.0085835,1.4579324,0.8446779,0.46254364,0.9461585,1.2421157,0.0,0.6436801,1.2343585,2.0061994,1.0019338,1.1260114,1.0772128,1.1799719,0.91747737,1.1582923,1.0476079,1.3572739,1.1818491,1.1139097,1.2699907,0.0
EMILIN2,0.0,0.0,0.7843455,0.83829814,0.0,0.0,0.8388545,0.0,0.0,0.0,0.0,1.0393877,0.97920024,0.0,0.0,0.0,0.0,0.0,0.0,0.0,0.0,0.0,0.96976745,0.0,0.0,0.0,0.0,0.0,0.0,0.0,0.0,0.0,0.0,0.0,0.0,0.0,0.0,0.0,0.0,0.0,0.0,0.0
MYL12A,1.6423957,1.2975402,1.641612,1.5742325,2.533289,1.9018098,2.242836,0.69141597,1.7687593,1.5758567,1.5689907,1.6304033,1.5547979,2.1320555,1.7421771,1.9209595,1.1101065,3.0434403,1.7301091,2.6014504,2.257913,1.3956671,1.844122,0.30019924,0.9783879,1.5156686,1.4290193,1.0570269,1.9936037,0.0,2.365504,2.5185628,2.2168405,2.2478945,2.266912,2.0916004,2.1199,2.2936978,2.322559,2.3163989,2.1613047,2.5161562
MYL12B,1.1632196,0.0,1.3903675,1.4096539,1.9972491,1.3858945,1.7020941,1.1335268,1.2213664,1.3057735,1.2266064,1.6444154,0.7257168,1.4468999,1.3681959,1.5434114,1.2029004,1.9019312,1.0747621,1.7923849,1.5615338,0.0,1.6420183,0.26374462,0.78178626,1.3038108,1.2039261,1.2607669,1.069743,0.0,1.503572,1.9047239,1.3615755,1.6970491,1.4137607,1.1791255,1.2367468,1.5377922,1.7341621,1.5864792,1.270175,1.8449477
TGIF1,0.0,0.0,0.0,0.0,0.0,0.0,0.0,0.0,0.0,0.0,0.0,0.0,0.44090223,0.0,0.0,0.0,0.0,0.0,0.0,0.0,0.0,0.0,0.0,0.0,0.0,0.0,0.0,0.0,0.0,0.0,0.0,0.0,0.0,0.0,0.0,0.0,0.0,0.0,0.0,0.0,0.0,0.0
EPB41L3,0.0,0.0,0.0,0.0,0.0,0.0,0.3762196,0.0,0.0,0.0,0.0,0.91348,0.91374826,0.0,0.0,0.0,0.0,0.0,0.0,0.0,0.0,0.0,0.7762281,0.0,0.0,0.0,0.0,0.0,0.0,0.0,0.0,0.0,0.0,0.0,0.0,0.0,0.0,0.0,0.0,0.0,0.0,0.0
NDUFV2,0.5894627,0.0,0.0,0.671779,0.679891,1.2534419,0.9847698,1.2414247,0.0,1.0680594,0.0,0.838519,1.141807,0.0,0.6868571,0.0,0.0,0.8406012,0.0,0.0,0.0,0.0,0.6720604,0.53716755,1.479535,0.0,0.0,0.729944,0.0,0.0,0.7656926,0.0,0.0,0.0,0.82320654,0.88646495,0.0,0.8930569,0.0,0.0,0.0,0.94927883
ANKRD12,1.1439648,0.4832946,0.0,0.23396945,0.89468235,0.6620797,0.77093077,0.41339713,0.0,0.65677464,1.049655,0.3987304,0.0,1.1202723,0.7355936,0.0,0.0,0.0,1.1514778,1.0980792,1.0725108,0.0,0.46008787,0.5912925,0.60882664,1.0399802,0.0,0.34349966,0.9566443,1.5951915,1.35141,1.158851,1.5489337,1.1565312,1.3912838,1.0330899,1.1386954,1.5536208,1.191017,1.1873627,1.0725102,1.4590521
RALBP1,0.0,0.0,0.0,0.46706814,0.7755171,0.28412688,0.39040408,0.7993479,0.0,0.7324741,0.0,0.0,0.0,0.0,0.0,0.0,0.0,0.0,0.0,0.0,0.0,0.0,0.0,0.0,0.3220604,0.0,0.0,0.653705,0.0,0.0,0.0,0.0,0.0,0.0,0.0,0.0,0.0,0.0,0.0,0.0,0.0,0.0
PPP4R1,0.0,0.0,0.0,0.0,0.0,0.0,0.0,0.0,0.0,0.18155362,0.0,0.0,0.0,0.0,0.0,0.0,0.0,0.0,0.0,0.0,0.0,0.0,0.0,0.0,0.0,0.0,0.0,0.0,0.0,0.0,0.0,0.0,0.0,0.0,0.0,0.0,0.0,0.0,0.0,0.0,0.0,0.0
RAB31,0.0,0.2705642,1.4877234,0.9572462,0.0,0.9697929,0.82148993,0.0,0.0,0.0,0.0,1.5310847,1.1757209,0.0,0.0,0.0,0.0,0.0,0.0,0.0,0.0,0.0,1.1423397,0.0,0.0,0.0,0.0,0.0,0.0,0.0,0.0,0.0,0.0,0.0,0.0,0.0,0.0,0.0,0.0,0.0,0.0,0.0
VAPA,0.470424,0.97172,1.4188442,1.2152355,0.90515757,0.5955348,0.9173721,0.845246,0.0,0.3960203,0.9341768,1.2930145,1.5203841,0.89587796,0.7355936,0.6605679,0.945339,1.1970567,0.0,0.0,0.92960596,0.0,1.0444946,0.3187062,0.68512344,0.0,0.0,0.96017575,0.8835839,0.0,0.82177556,0.85748374,0.0,0.9371901,0.8755796,0.7382381,0.8270243,0.9300689,0.0,0.86617154,1.0725102,0.8918314
NAPG,0.0,0.0,0.0,0.0,0.0,0.0,0.0,0.0,0.0,0.0,0.0,0.0,0.0,0.0,0.0,0.0,0.0,0.0,0.0,0.0,0.0,0.0,0.0,0.0,0.20178393,0.0,0.0,0.0,0.0,0.0,0.0,0.0,0.0,0.0,0.0,0.0,0.0,0.0,0.0,0.0,0.0,0.0
CHMP1B,0.0,0.0,0.0,0.0,0.0,0.67467314,0.6252209,0.0,0.0,0.0,0.0,0.5046885,0.0,0.0,0.0,0.0,0.0,0.0,0.0,0.0,0.0,0.0,0.50811416,0.0,0.0,0.0,0.0,0.0,0.0,0.0,0.0,0.0,0.0,0.0,0.0,0.0,0.0,0.0,0.0,0.0,0.0,0.0
IMPA2,0.0,0.0,0.0,0.0,0.0,0.41900888,0.39008018,0.1552586,0.0,0.0,0.0,0.0,0.0,0.0,0.0,0.0,0.0,0.0,0.0,0.0,0.0,0.0,0.0,0.0,0.0,0.0,0.0,0.0,0.0,0.0,0.0,0.0,0.0,0.0,0.0,0.0,0.0,0.0,0.0,0.0,0.0,0.0
TUBB6,0.0,0.0,0.0,0.0,0.0,0.34115425,0.0,0.0,0.0,0.0,0.0,0.0,0.0,0.0,0.0,0.0,0.0,0.0,0.0,0.0,0.0,0.0,0.0,0.0,0.0,0.0,0.0,0.0,0.0,0.0,0.0,0.0,0.0,0.0,0.0,0.0,0.0,0.0,0.0,0.0,0.0,0.0
AFG3L2,0.0,0.0,0.0,0.0,0.0,0.0,0.0,0.43321717,0.0,0.0,0.0,0.0,0.0,0.0,0.0,0.0,0.0,0.0,0.0,0.0,0.0,0.0,0.0,0.0,0.18984015,0.0,0.0,0.0,0.0,0.0,0.0,0.0,0.0,0.0,0.0,0.0,0.0,0.0,0.0,0.0,0.0,0.0
PSMG2,0.0,0.0,0.0,0.0,0.6917751,0.442071,0.47691563,0.6427124,0.0,0.57238364,0.0,0.0,0.0,0.0,0.0,0.0,0.0,0.0,0.0,0.0,0.0,0.0,0.0,0.0,0.38533148,0.0,0.0,0.32119972,0.0,0.0,0.0,0.0,0.0,0.0,0.0,0.0,0.0,0.0,0.0,0.0,0.0,0.0
CEP76,0.0,0.0,0.0,0.0,0.0,0.0,0.0,0.0,0.0,0.41463724,0.0,0.0,0.0,0.0,0.0,0.0,0.0,0.0,0.0,0.0,0.0,0.0,0.0,0.0,0.0,0.0,0.0,0.0,0.0,0.0,0.0,0.0,0.0,0.0,0.0,0.0,0.0,0.0,0.0,0.0,0.0,0.0
PTPN2,0.51613474,0.0,0.52707046,0.58939135,0.5923208,0.91068757,0.78173274,0.14603369,0.0,0.4153542,0.0,0.6449004,0.0,0.0,0.6868571,0.0,0.0,0.0,0.0,0.0,0.0,0.0,0.5383135,0.39489627,0.4299821,0.0,0.0,0.3348405,0.0,0.0,0.0,0.0,0.0,0.0,0.0,0.0,0.0,0.0,0.0,0.0,0.0,0.78022504
SEH1L,0.0,0.0,0.0,0.0,0.0,0.0,0.0,0.35852748,0.0,0.0,0.0,0.0,0.0,0.0,0.0,0.0,0.0,0.0,0.0,0.0,0.0,0.0,0.0,0.0,0.0,0.0,0.0,0.0,0.0,0.0,0.0,0.0,0.0,0.0,0.0,0.0,0.0,0.0,0.0,0.0,0.0,0.0
LDLRAD4,0.0,0.0,0.0,0.0,0.0,0.41057968,0.0,0.0,0.0,0.0,0.0,0.0,0.0,0.0,0.0,0.0,0.0,0.0,0.0,0.0,0.0,0.0,0.0,0.0,0.0,1.7092748,1.1540726,0.0,0.0,0.0,0.0,0.0,0.0,0.0,0.0,0.0,0.0,0.0,0.0,0.0,0.0,1.0164657
RNMT,0.6262727,0.0,0.0,0.0,0.6501982,0.0,0.47396737,0.19267997,0.0,0.25902426,0.72809076,0.4254868,0.5578004,0.0,1.1548164,0.0,0.0,0.0,0.6563758,0.0,0.8879353,0.0,0.0,0.0,0.22223727,0.0,0.0,0.3993705,0.0,0.0,0.0,0.0,0.0,0.0,0.877381,0.0,0.8425265,0.88428897,0.0,0.0,0.0,0.73004246
ROCK1,0.84139884,0.0,1.1133602,1.0661101,1.0241611,0.7710557,1.0467676,0.1873608,0.0,0.93481153,0.94255817,0.4254868,0.7257168,0.0,0.0,0.0,0.63485116,0.0,0.0,0.7752971,0.86070883,0.0,0.71588326,0.0,0.40393764,1.0356917,0.0,0.631991,0.0,0.0,0.0,0.0,0.0,0.0,0.0,0.0,0.0,0.6869552,0.0,0.0,0.0,0.8468033
ESCO1,0.0,0.0,0.0,0.0,0.0,0.0,0.0,0.0,0.0,0.18083665,0.0,0.0,0.0,0.0,0.0,0.0,0.0,0.0,0.0,0.0,0.0,0.0,0.0,0.0,0.0,0.0,0.0,0.0,0.0,0.0,0.0,0.0,0.0,0.0,0.0,0.0,0.0,0.0,0.0,0.0,0.0,0.0
SNRPD1,0.0,0.0,0.0,0.98145187,1.1456134,0.64090085,0.742913,1.603433,0.0,1.4412397,0.0,0.0,0.0,0.0,0.0,0.0,0.0,0.0,0.0,0.0,0.0,0.0,0.0,0.12102996,1.0702178,0.0,0.0,1.2582023,0.0,0.0,0.0,0.0,0.0,0.0,0.0,0.0,0.0,0.0,0.0,0.0,0.0,0.72058356
ABHD3,0.0,0.0,0.0,0.0,0.0,0.0,0.0,0.0,0.0,0.5471599,0.0,0.0,0.0,0.0,0.0,0.0,0.0,0.0,0.0,0.0,0.0,0.0,0.0,0.0,0.17849067,0.0,0.0,0.0,0.0,0.0,0.0,0.0,0.0,0.0,0.0,0.0,0.0,0.0,0.0,0.0,0.0,0.0
RBBP8,0.0,0.0,0.0,0.0,0.0,0.0,0.0,0.0,0.0,0.49491298,0.0,0.0,0.0,0.0,0.0,0.0,0.0,0.0,0.0,0.0,0.0,0.0,0.0,0.0,0.18442562,0.0,0.0,0.0,0.0,0.0,0.0,0.0,0.0,0.0,0.0,0.0,0.0,0.0,0.0,0.0,0.0,0.0
RIOK3,0.0,0.0,0.95291007,0.7673902,0.6065874,0.37521976,0.528968,0.12812422,0.0,0.0,0.0,0.5367148,0.91374826,0.0,0.0,0.0,0.0,0.3708728,0.0,0.0,0.0,0.0,0.7240238,0.0,0.24290843,0.0,0.0,0.202887,0.0,0.0,0.0,0.0,0.0,0.0,0.0,0.0,0.0,0.0,0.0,0.0,0.0,0.0
TTC39C,0.0,0.0,0.0,0.0,0.0,0.0,0.0,0.0,0.0,0.0,0.0,0.0,0.0,0.93342704,0.0,0.0,0.0,0.0,0.0,0.0,0.0,0.0,0.0,0.0,0.0,0.0,0.0,0.0,0.0,0.0,0.8033664,0.0,0.0,0.0,0.0,0.0,0.0,0.0,0.0,0.0,0.0,0.0
IMPACT,0.0,0.0,0.0,0.0,0.0,0.0,0.0,0.14951381,0.0,0.0,0.0,0.0,0.0,0.0,0.0,0.0,0.0,0.0,0.0,0.0,0.0,0.0,0.0,0.0,0.0,0.0,0.0,0.0,0.0,0.0,0.0,0.0,0.0,0.0,0.0,0.0,0.0,0.0,0.0,0.0,0.0,0.0
SS18,0.0,0.0,0.0,0.0,0.0,0.0,0.0,0.0,0.0,0.0,0.0,0.0,0.0,0.0,0.0,0.0,0.0,0.0,0.0,0.0,0.0,0.0,0.0,0.0,0.13803001,0.0,0.0,0.0,0.0,0.0,0.0,0.0,0.0,0.0,0.0,0.0,0.0,0.0,0.0,0.0,0.0,0.0
RNF125,0.0,0.0,0.0,0.0,0.7091346,0.0,0.0,0.0,0.0,0.0,0.0,0.0,0.0,0.0,0.0,0.0,0.0,0.0,0.0,0.9742625,1.035389,0.0,0.0,0.0,0.0,0.0,0.0,0.0,0.0,0.0,0.0,0.0,0.0,0.0,0.0,0.0,0.0,0.0,0.0,0.0,0.0,0.0
RNF138,0.0,0.0,0.0,0.0,0.0,0.0,0.38106546,0.33458018,0.0,0.9477913,0.0,0.0,0.0,0.0,0.0,0.0,0.0,0.0,0.0,0.0,0.0,0.0,0.0,0.0,0.0,0.0,0.0,0.0,0.0,0.0,0.0,0.0,0.0,0.0,0.0,0.0,0.0,0.0,0.0,0.0,0.0,0.0
MAPRE2,0.6760944,0.0,0.0,0.0,0.5101777,0.37093928,0.0,0.15275395,0.0,0.18083665,0.0,0.0,0.0,0.0,0.0,0.0,0.0,1.0986702,0.0,0.0,0.0,0.0,0.0,0.0,0.0,0.0,0.0,0.0,0.0,0.0,0.0,0.0,0.0,0.0,0.0,0.0,0.0,0.0,0.0,0.0,0.0,0.0
ZNF24,0.0,0.0,0.0,0.0,0.0,0.0,0.35920435,0.0,0.0,0.18155362,0.0,0.0,0.0,0.0,0.0,0.0,0.0,0.0,0.0,0.0,0.0,0.0,0.0,0.0,0.0,0.0,0.0,0.0,0.0,0.0,0.0,0.0,0.0,0.0,0.0,0.0,0.0,0.0,0.0,0.0,0.0,0.0
INO80C,0.0,0.0,0.0,0.0,0.0,0.0,0.0,0.0,0.0,0.0,0.0,0.0,0.0,0.0,0.0,0.0,0.0,0.0,0.0,0.0,0.0,0.0,0.0,0.0,0.118237555,0.0,0.0,0.0,0.0,0.0,0.0,0.0,0.0,0.0,0.0,0.0,0.0,0.0,0.0,0.0,0.0,0.0
GALNT1,0.0,0.0,0.0,0.0,0.0,0.0,0.33295542,0.0,0.0,0.0,0.0,0.0,0.0,0.0,0.0,0.0,0.0,0.0,0.0,0.0,0.0,0.0,0.0,0.0,0.23118974,0.0,0.0,0.26506,0.0,0.0,0.0,0.0,0.0,0.0,0.0,0.0,0.0,0.0,0.0,0.0,0.0,0.0
C18orf21,0.0,0.0,0.0,0.0,0.0,0.0,0.0,0.12337117,0.0,0.0,0.0,0.0,0.0,0.0,0.0,0.0,0.0,0.0,0.0,0.0,0.0,0.0,0.0,0.0,0.0,0.0,0.0,0.0,0.0,0.0,0.0,0.0,0.0,0.0,0.0,0.0,0.0,0.0,0.0,0.0,0.0,0.0
ELP2,0.0,0.0,0.0,0.0,0.0,0.0,0.0,0.089526,0.0,0.0,0.0,0.0,0.0,0.0,0.0,0.0,0.0,0.0,0.0,0.0,0.0,0.0,0.0,0.0,0.0,0.0,0.0,0.0,0.0,0.0,0.0,0.0,0.0,0.0,0.0,0.0,0.0,0.0,0.0,0.0,0.0,0.0
TPGS2,0.0,0.0,0.0,0.0,0.0,0.27226898,0.0,1.208116,0.0,0.0,0.0,0.0,0.0,0.0,0.0,0.0,0.0,0.0,0.0,0.0,0.0,0.0,0.0,0.0,0.17029929,0.0,0.0,0.0,0.0,0.0,0.0,0.0,0.0,0.0,0.0,0.0,0.0,0.0,0.0,0.0,0.0,0.0
PSTPIP2,0.0,0.0,0.0,0.0,0.0,0.0,0.0,0.22423387,0.0,0.0,0.0,0.0,0.0,0.0,0.0,0.0,0.0,0.9594519,0.0,0.0,0.0,0.0,0.0,0.0,0.0,0.0,0.0,0.0,0.0,0.0,0.0,0.0,0.0,0.0,0.0,0.0,0.0,0.0,0.0,0.0,0.0,0.0
ATP5F1A,0.0,0.0,0.8620016,1.2392899,1.0150795,1.2035997,1.1102803,1.7039713,0.0,1.4885765,0.0,0.64906085,0.91374826,0.0,0.0,0.0,0.5673169,0.6608895,0.63913083,0.0,0.8547609,0.0,0.8842283,0.6384245,1.6524525,1.1237371,1.3886238,1.4271876,0.0,0.0,0.82840204,0.78861105,0.0,0.0,0.8772989,0.84879875,0.90920967,0.9324916,0.0,0.0,0.0,1.2390647
HAUS1,0.0,0.0,0.0,0.0,0.0,0.0,0.0,0.38642195,0.0,0.3960203,0.0,0.0,0.0,0.0,0.0,0.0,0.0,0.0,0.0,0.0,0.0,0.0,0.0,0.0,0.18442562,0.0,0.0,0.0,0.0,0.0,0.0,0.0,0.0,0.0,0.0,0.0,0.0,0.0,0.0,0.0,0.0,0.0
IER3IP1,0.0,0.0,0.0,0.2571237,0.4376166,0.0,0.30505306,0.3534055,0.0,0.21446666,0.0,0.0,0.5578004,0.0,0.0,0.0,0.0,0.0,0.0,0.0,0.0,0.0,0.0,0.33914495,0.83541703,0.0,0.0,0.23002681,0.0,0.0,0.0,0.0,0.0,0.0,0.0,0.0,0.0,0.0,0.0,0.0,0.0,0.0
DYM,0.0,0.0,0.0,0.0,0.0,0.0,0.0,0.0,0.0,0.18155362,0.0,0.0,0.0,0.0,0.0,0.0,0.0,0.0,0.0,0.0,0.0,0.0,0.0,0.0,0.0,0.0,0.0,0.0,0.0,0.0,0.0,0.0,0.0,0.0,0.0,0.0,0.0,0.0,0.0,0.0,0.0,0.0
C18orf32,0.0,0.0,0.0,0.0,0.0,0.6936225,0.53758657,0.0,0.0,0.0,0.0,0.0,0.44090223,0.0,0.0,0.0,0.0,0.0,0.0,0.0,0.0,0.0,0.6747823,0.22109266,0.35061786,0.0,0.0,0.0,0.0,0.0,0.0,0.0,0.0,0.0,0.0,0.0,0.0,0.0,0.0,0.0,0.0,0.7824459
RPL17,3.2160385,2.5894814,2.8359785,2.909092,2.705406,2.895812,3.2147465,3.4488933,2.5041296,2.7238286,3.2631364,2.4702036,2.298769,3.3643076,2.9703603,3.1403203,3.1586325,2.208158,3.3460298,2.869454,3.234365,3.2046816,2.661296,2.172371,3.0457296,2.63785,2.7754998,3.5417838,2.9888473,1.7826512,3.6383705,3.0920177,3.4973207,3.127791,3.6255386,3.2817845,3.5411315,3.3581421,3.1403375,3.2252338,3.1856208,3.1731167
ACAA2,0.0,0.0,0.0,0.0,0.75841326,0.0,0.29905957,0.6891093,0.0,0.49282485,0.0,0.0,0.0,0.0,0.0,0.0,0.0,0.0,0.0,0.0,0.0,0.0,0.0,0.0,0.23725653,0.0,0.0,0.0,0.0,0.0,0.0,0.0,0.0,0.0,0.0,0.0,0.0,0.0,0.0,0.0,0.0,0.0
MBD1,0.0,0.0,0.0,0.0,0.0,0.0,0.0,0.0,0.0,0.18083665,0.0,0.0,0.0,0.0,0.0,0.0,0.0,0.0,0.0,0.0,0.0,0.0,0.0,0.0,0.14045735,0.0,0.0,0.0,0.0,0.0,0.0,0.0,0.0,0.0,0.0,0.0,0.0,0.0,0.0,0.0,0.0,0.0
CXXC1,0.0,0.0,0.0,0.0,0.0,0.0,0.0,0.13972999,0.0,0.23380059,0.0,0.0,0.0,0.0,0.0,0.0,0.0,0.0,0.0,0.0,0.0,0.0,0.0,0.0,0.14780025,0.0,0.0,0.0,0.0,0.0,0.0,0.0,0.0,0.0,0.0,0.0,0.0,0.0,0.0,0.0,0.0,0.0
ME2,0.0,0.0,0.0,0.0,0.0,0.0,0.33419082,0.13309887,0.0,0.5521189,0.0,0.0,0.97920024,0.0,0.0,0.0,0.0,0.0,0.0,0.0,0.0,0.0,0.0,0.0,0.24795079,0.0,0.0,0.0,0.0,0.0,0.0,0.0,0.0,0.0,0.0,0.0,0.0,0.0,0.0,0.0,0.0,0.0
SMAD4,0.0,0.0,0.0,0.0,0.0,0.0,0.0,0.0,0.0,0.18155362,0.0,0.0,0.0,0.0,0.0,0.0,0.0,0.0,0.0,0.0,0.0,0.0,0.0,0.0,0.0,0.0,0.0,0.0,0.0,0.0,0.0,0.0,0.0,0.0,0.0,0.0,0.0,0.0,0.0,0.0,0.0,0.0
MBD2,0.0,0.0,0.81242627,0.72560036,0.57905173,0.48598903,0.68434,0.1766852,0.0,0.4195962,0.0,0.5073828,0.0,0.0,0.0,0.0,0.0,0.0,0.0,0.0,0.0,0.0,1.0989847,0.2335025,0.83323634,0.0,0.0,0.0,0.0,0.0,0.0,0.0,0.0,0.0,0.0,0.0,0.0,0.0,0.0,0.0,0.0,0.0
RAB27B,0.0,0.0,0.0,0.0,0.0,0.0,0.0,0.0,0.0,0.0,0.0,0.0,0.0,0.0,0.0,0.0,0.0,1.5957308,0.0,0.0,0.0,0.0,0.0,0.0,0.0,0.0,0.0,0.0,0.0,0.0,0.0,0.0,0.0,0.0,0.0,0.0,0.0,0.0,0.0,0.0,0.0,0.0
TCF4,0.8607786,0.0,0.0,0.0,0.0,0.0,0.38319385,0.0,0.0,1.1724316,0.0,0.0,1.4048783,0.0,0.0,0.0,0.0,0.0,0.980049,0.0,0.0,0.0,0.0,0.19522703,0.670742,1.4955895,2.1227431,0.3823604,0.0,0.0,0.0,0.0,0.0,0.0,0.0,0.0,0.0,0.0,0.0,0.0,0.0,2.6731784
TXNL1,0.0,0.0,0.0,0.0,0.5764432,0.41900888,0.49472123,1.0519047,0.0,0.6774324,0.0,0.0,0.5578004,0.0,0.0,0.0,0.0,0.729576,0.0,0.0,0.0,0.0,0.0,0.18245165,0.6612344,0.0,0.935398,0.5049619,0.0,0.0,0.0,0.0,0.0,0.0,0.0,0.0,0.0,0.0,0.0,0.0,0.0,0.41031453
FECH,0.0,0.0,0.0,0.0,0.0,0.0,0.0,1.0264926,0.0,0.0,0.0,0.0,0.0,0.0,0.0,0.0,0.0,0.0,0.0,0.0,0.0,0.0,0.0,0.0,0.0,0.0,0.0,0.0,0.0,0.0,0.0,0.0,0.0,0.0,0.0,0.0,0.0,0.0,0.0,0.0,0.0,0.0
NARS1,0.0,0.0,0.0,0.0,0.0,0.0,0.40317827,0.41575667,0.0,0.0,0.0,0.0,0.0,0.0,0.0,0.0,0.0,0.0,0.0,0.0,0.0,0.0,0.0,0.0,0.4336561,0.0,0.0,0.16523883,0.0,0.0,0.0,0.0,0.0,0.0,0.0,0.0,0.0,0.0,0.0,0.0,0.0,0.0
MALT1,0.0,0.0,0.0,0.0,0.0,0.0,0.39810312,0.0,0.0,0.0,0.0,0.0,0.5578004,0.0,0.0,0.0,0.0,0.0,0.0,0.0,0.0,0.0,0.0,0.0,0.0,0.0,0.0,0.0,0.0,0.0,0.0,0.0,0.0,0.0,0.0,0.0,0.0,0.0,0.0,0.0,0.0,0.0
SEC11C,0.0,0.0,0.0,0.0,0.0,0.0,0.4043847,0.14603369,0.0,0.0,0.0,0.0,0.0,0.0,0.0,0.0,0.0,0.0,0.0,0.0,0.0,0.0,0.0,2.2277207,2.3326604,0.0,0.0,0.19211182,0.0,0.0,0.0,0.0,0.0,0.0,0.0,0.0,0.0,0.0,0.0,0.0,0.0,0.95871097
LMAN1,0.0,0.0,0.0,0.0,0.53382564,0.0,0.0,0.40390456,0.0,0.3953033,0.0,0.0,0.91374826,0.0,0.0,0.0,0.0,0.0,0.0,0.0,0.0,0.0,0.0,1.1987162,1.7152799,0.0,0.0,0.5922301,0.0,0.0,0.0,0.0,0.0,0.0,0.0,0.0,0.0,0.0,0.0,0.0,0.0,0.8354461
PMAIP1,0.0,0.0,0.0,0.0,0.9414362,1.0831481,0.7505338,0.0,0.0,0.44057786,0.0,0.0,0.0,1.0706167,1.3148127,0.0,0.0,0.0,1.0083624,1.1279151,0.9341305,0.0,0.0,0.0,0.21471341,0.0,1.3541749,0.0,0.13517354,0.0,0.0,0.0,0.0,1.0537755,0.0,0.0,0.0,1.2143146,1.0653532,0.96738505,0.0,0.0
BCL2,0.0,0.0,0.0,0.0,0.0,0.0,0.0,0.0,0.0,0.23875955,0.0,0.0,0.0,0.0,0.0,0.0,0.34602576,0.0,0.9238876,0.0,0.0,0.0,0.0,0.0,0.0,0.0,0.0,0.0,0.07377778,0.0,0.65786475,0.0,0.0,0.0,0.7732799,0.8601109,0.0,0.73025787,0.0,0.0,0.0,0.0
KDSR,0.0,0.0,0.0,0.0,0.0,0.52941227,0.0,0.0,0.0,0.0,0.0,0.0,0.0,0.0,0.0,0.0,0.0,0.0,0.0,0.0,0.0,0.0,0.0,0.0,0.0,0.0,0.0,0.0,0.0,0.0,0.0,0.0,0.0,0.0,0.0,0.0,0.0,0.0,0.0,0.0,0.0,0.0
VPS4B,0.0,0.0,0.0,0.22844225,0.6276746,0.28412688,0.39008018,0.0,0.0,0.21446666,0.0,0.0,0.0,0.0,0.6868571,0.0,0.0,0.0,0.0,0.0,0.0,0.0,0.0,0.0,0.14813367,0.0,0.0,0.0,0.0,0.0,0.0,0.0,0.0,0.0,0.0,0.0,0.0,0.0,0.0,0.0,0.0,0.0
SERPINB8,0.0,0.0,0.0,0.4877266,0.0,0.0,0.29905957,0.0,0.0,0.0,0.0,0.0,0.0,0.0,0.0,0.0,0.0,0.0,0.0,0.0,0.0,0.0,0.0,0.0,0.0,0.0,0.0,0.0,0.0,0.0,0.0,0.0,0.0,0.0,0.0,0.0,0.0,0.0,0.0,0.0,0.0,0.0
CD226,0.0,0.0,0.0,0.0,0.0,0.37913528,0.0,0.0,0.0,0.0,0.0,0.0,0.0,0.0,0.0,0.0,0.0,0.0,0.0,0.0,0.0,0.0,0.0,0.0,0.0,0.0,0.0,0.0,0.0,0.0,0.0,0.0,0.0,0.0,0.0,0.0,0.0,0.0,0.0,0.0,0.0,0.0
TIMM21,0.0,0.0,0.0,0.0,0.0,0.0,0.0,0.19453365,0.0,0.0,0.0,0.0,0.0,0.0,0.0,0.0,0.0,0.0,0.0,0.0,0.0,0.0,0.0,0.0,0.0,0.0,0.0,0.0,0.0,0.0,0.0,0.0,0.0,0.0,0.0,0.0,0.0,0.0,0.0,0.0,0.0,0.0
CYB5A,0.0,0.0,0.0,0.0,0.0,0.0,0.0,0.62596214,0.0,0.0,0.0,0.0,0.0,0.0,0.0,0.0,0.0,0.0,0.0,0.0,0.0,0.0,0.0,0.0,0.0,0.0,0.0,0.0,0.0,0.0,0.0,0.0,0.0,0.0,0.0,0.0,0.0,0.0,0.0,0.0,0.0,0.0
CNDP2,0.0,0.0,0.0,0.0,0.0,0.6542072,0.57409585,0.22275424,0.0,0.0,0.0,0.0,0.0,0.0,0.0,0.0,0.0,0.0,0.0,0.0,0.0,0.0,0.17874555,0.0,0.27992752,0.0,0.0,0.0,0.0,0.0,0.0,0.0,0.0,0.0,0.0,0.0,0.0,0.0,0.0,0.0,0.0,0.60968506
MBP,0.510213,0.0,0.0,0.0,0.9432292,0.8145584,0.7505338,0.0,0.0,0.25902426,0.6301467,0.0,0.0,0.0,0.0,0.0,0.0,0.40899894,0.0,1.2948397,1.1035029,0.0,0.0,0.0,0.0,0.0,0.0,0.0,0.13517354,0.0,0.79071134,1.1567551,0.0,1.126575,0.0,0.0,0.0,0.81106913,1.0414,0.0,0.9293262,0.6919517
NFATC1,0.0,0.0,0.0,0.0,0.0,0.0,0.0,0.0,0.0,0.18083665,0.0,0.0,0.0,0.0,0.0,0.0,0.0,0.0,0.0,0.0,0.0,0.0,0.0,0.0,0.0,0.0,0.0,0.0,0.0,0.0,0.0,0.0,0.0,0.0,0.0,0.0,0.0,0.0,0.0,0.0,0.0,0.0
CTDP1,0.0,0.0,0.0,0.0,0.0,0.0,0.29905957,0.0,0.0,0.0,0.0,0.0,0.0,0.0,0.0,0.0,0.0,0.0,0.0,0.0,0.0,0.0,0.0,0.0,0.0,0.0,0.0,0.0,0.0,0.0,0.0,0.0,0.0,0.0,0.0,0.0,0.0,0.0,0.0,0.0,0.0,0.0
SLC66A2,0.0,0.0,0.0,0.0,0.0,0.0,0.37851083,0.17792389,0.0,0.0,0.0,0.0,0.0,0.0,0.0,0.0,0.0,0.0,0.0,0.0,0.0,0.0,0.0,0.0,0.0,0.0,0.0,0.0,0.0,0.0,0.0,0.0,0.0,0.0,0.0,0.0,0.0,0.0,0.0,0.0,0.0,0.0
TXNL4A,0.0,0.0,0.0,0.86353225,0.78290987,0.47506863,0.78409743,0.9894078,0.0,0.62781835,0.0,0.68302804,0.0,0.0,0.0,0.0,0.0,0.0,0.0,0.0,0.0,0.0,0.52406436,0.35941315,1.012413,0.0,0.0,0.72414887,0.3942191,0.0,0.0,0.0,0.0,0.0,0.0,0.0,0.0,0.0,0.0,0.0,0.0,0.7527846
RBFA,0.0,0.0,0.0,0.0,0.0,0.0,0.0,0.35436094,0.0,0.0,0.0,0.0,0.0,0.0,0.0,0.0,0.0,0.0,0.0,0.0,0.0,0.0,0.0,0.0,0.16632998,0.0,0.0,0.0,0.0,0.0,0.0,0.0,0.0,0.0,0.0,0.0,0.0,0.0,0.0,0.0,0.0,0.0
TPGS1,0.0,0.0,0.0,0.0,0.0,0.0,0.35860544,0.16892378,0.0,0.0,0.0,0.0,0.0,0.0,0.0,0.0,0.0,0.0,0.0,0.0,0.0,0.0,0.0,0.0,0.0,0.0,0.0,0.0,0.0,0.0,0.0,0.0,0.0,0.0,0.0,0.0,0.0,0.0,0.0,0.0,0.0,0.0
CDC34,0.0,0.0,0.0,0.0,0.0,0.0,0.0,0.16784665,0.0,0.0,0.0,0.0,0.0,0.0,0.0,0.0,0.0,0.0,0.0,0.0,0.0,0.0,0.0,0.0,0.0,0.0,0.0,0.0,0.0,0.0,0.0,0.0,0.0,0.0,0.0,0.0,0.0,0.0,0.0,0.0,0.0,0.0
GZMM,0.0,0.0,0.0,0.0,1.3198287,0.0,0.0,0.0,0.0,0.0,0.0,0.0,0.0,1.1102121,0.0,0.0,0.0,0.0,0.0,1.8053248,1.4715514,0.0,0.0,0.0,0.0,0.0,0.0,0.0,0.0,0.0,0.0,1.332516,0.0,1.4387527,0.0,0.0,0.88755536,0.0,1.4353284,0.9782325,1.0877972,0.0
BSG,0.0,1.0205148,0.70901644,0.92624366,1.2161213,0.54746395,0.7961055,1.3878983,0.0,0.6774324,0.81207776,0.84672683,0.0,0.0,0.0,0.0,0.27862906,0.57257843,0.0,1.0603927,0.79222894,0.0,0.7104899,0.72680515,1.0139062,0.0,0.0,0.939607,0.0,0.0,0.0,0.0,0.0,0.0,0.0,0.0,0.0,0.0,0.0,0.0,0.0,0.8190033
RNF126,0.0,0.0,0.0,0.0,0.7153379,0.0,0.35860544,0.49197674,0.0,0.47349092,0.0,0.0,0.0,0.0,0.0,0.0,0.0,0.0,0.0,0.0,0.0,0.0,0.0,0.19078834,0.61937237,0.0,0.0,0.0,0.0,0.0,0.0,0.0,0.0,0.0,0.0,0.0,0.0,0.0,0.0,0.0,0.0,0.5229907
PRSS57,0.0,0.0,0.0,0.0,0.0,0.0,0.0,0.0,0.0,0.0,0.0,0.0,0.0,0.0,0.0,0.0,1.4827869,0.0,0.0,0.0,0.0,0.0,0.0,0.0,0.0,0.0,0.0,1.767606,0.0,0.0,0.0,0.0,0.0,0.0,0.0,0.0,0.0,0.0,0.0,0.0,0.0,0.0
PTBP1,0.0,0.0,0.0,0.99651223,0.92577076,0.48598903,0.5683462,1.052836,0.0,0.6531533,0.0,0.0,0.0,0.0,0.8421502,0.0,0.0,0.0,0.0,0.0,0.0,0.0,0.0,0.0,0.6886691,0.0,0.0,0.9381541,0.0,0.0,0.0,0.0,0.0,0.0,0.0,0.0,0.0,0.0,0.0,0.0,0.0,0.50154823
AZU1,0.0,0.0,0.0,0.9286269,0.0,0.0,0.0,0.0,0.0,0.0,0.0,0.0,0.0,0.0,0.0,0.0,0.0,0.0,0.0,0.0,0.0,0.0,0.0,0.0,0.0,0.0,0.0,2.1480083,0.0,0.0,0.0,0.0,0.0,0.0,0.0,0.0,0.0,0.0,0.0,0.0,0.0,0.0
PRTN3,0.0,0.0,0.0,0.0,0.0,0.0,0.0,0.0,0.0,0.0,0.0,0.0,0.0,0.0,0.0,0.0,0.0,0.0,0.0,0.0,0.0,0.0,0.0,0.0,0.0,0.0,0.0,2.066135,0.0,0.0,0.0,0.0,0.0,0.0,0.0,0.0,0.0,0.0,0.0,0.0,0.0,0.0
ELANE,0.0,0.0,0.0,0.0,0.0,0.0,0.0,0.0,0.0,0.0,0.0,0.0,0.0,0.0,0.0,0.0,0.0,0.0,0.0,0.0,0.0,0.0,0.0,0.0,0.0,0.0,0.0,2.402741,0.0,0.0,0.0,0.0,0.0,0.0,0.0,0.0,0.0,0.0,0.0,0.0,0.0,0.0
CFD,0.0,0.0,0.8553398,0.7721627,0.0,0.0,0.0,0.0,0.0,0.0,0.0,1.2930145,0.0,0.0,0.0,0.0,0.0,0.0,0.0,0.0,0.0,0.0,1.4915178,0.0,0.0,0.0,0.0,0.0,0.0,0.0,0.0,0.0,0.0,0.0,0.0,0.0,0.0,0.0,0.0,0.0,0.0,0.0
MED16,0.0,0.0,0.0,0.0,0.0,0.0,0.0,0.14955862,0.0,0.0,0.0,0.0,0.0,0.0,0.0,0.0,0.0,0.0,0.0,0.0,0.0,0.0,0.0,0.0,0.13803001,0.0,0.0,0.0,0.0,0.0,0.0,0.0,0.0,0.0,0.0,0.0,0.0,0.0,0.0,0.0,0.0,0.0
R3HDM4,0.0,0.0,0.0,0.0,0.0,0.66842306,0.47555205,0.0,0.0,0.4153542,0.0,0.47305363,0.0,0.0,0.0,0.0,0.0,0.72159487,0.0,0.0,0.0,0.0,0.0,0.0,0.0,0.0,0.0,0.0,0.0,0.0,0.0,0.0,0.0,0.0,0.0,0.0,0.0,0.52309287,0.0,0.0,0.0,0.0
ARID3A,0.0,0.0,0.0,0.0,0.0,0.0,0.0,0.0,0.0,0.0,0.0,0.0,0.0,0.0,0.0,0.0,0.0,0.0,0.0,0.0,0.0,0.0,0.0,0.0,0.53139937,0.0,0.0,0.0,0.0,0.0,0.0,0.0,0.0,0.0,0.0,0.0,0.0,0.0,0.0,0.0,0.0,0.7141254
WDR18,0.0,0.0,0.0,0.0,0.0,0.0,0.0,0.40064067,0.0,0.0,0.0,0.0,0.44090223,0.0,0.0,0.0,0.0,0.0,0.0,0.0,0.0,0.0,0.0,0.0,0.2261846,0.0,0.0,0.0,0.0,0.0,0.0,0.0,0.0,0.0,0.0,0.0,0.0,0.0,0.0,0.0,0.0,0.0
TMEM259,0.0,0.0,0.0,0.0,0.0,0.34146005,0.38319385,0.15755783,0.0,0.44826725,0.0,0.0,0.0,0.0,1.1548164,0.0,0.0,0.0,0.0,0.0,0.0,0.0,0.0,0.2366023,0.4288773,0.0,0.0,0.20149331,0.0,0.0,0.0,0.0,0.0,0.0,0.0,0.0,0.0,0.0,0.0,0.0,0.0,0.6472465
CNN2,0.79675174,0.0,0.0,0.6816592,0.6871025,1.496808,1.2019428,0.0,0.0,0.47256014,0.0,0.0,0.0,1.0491726,1.0902166,0.0,0.0,1.198455,0.9172969,0.0,0.7786566,0.0,0.6204479,0.0,0.35134384,0.0,0.0,0.46326292,0.19488612,0.0,0.91527194,0.0,0.8657725,0.0,0.9380871,1.0224385,0.959865,1.0603927,1.0035727,0.9571884,0.0,0.6751226
ARHGAP45,0.5121089,0.0,0.0,0.61511123,0.6371833,0.57750386,0.6339667,0.0,0.0,0.0,0.0,0.0,0.0,0.0,0.7355936,0.0,0.0,0.0,0.0,0.0,0.0,0.0,0.46213698,0.0,0.17029929,0.0,0.0,0.0,0.0,0.0,0.0,0.0,0.0,0.0,0.0,0.88713527,0.8114862,0.0,0.0,0.0,0.74956125,0.0
POLR2E,0.0,0.0,0.0,0.42879796,0.705057,0.59812146,0.76983976,1.1299963,0.0,0.81903785,0.0,0.0,0.0,0.0,0.9916867,0.0,0.0,1.1118612,0.0,0.0,0.0,0.0,0.6014285,0.0,0.7011676,0.0,0.0,0.50579023,0.0,0.0,0.0,0.0,0.0,0.0,0.0,0.0,0.0,0.0,0.0,0.0,0.0,0.6130542
GPX4,1.1567551,1.786958,1.2108572,1.4204404,1.2048602,0.96315825,1.3993808,1.4517181,1.9778271,1.3842578,0.8185749,1.5324111,2.1357605,1.0350374,1.2104161,1.4584385,1.1620989,2.575921,1.1458145,0.0,0.93507195,0.0,1.5002263,0.51401246,0.8270242,0.0,0.0,1.4571869,0.7946085,0.0,1.0009532,0.8517043,1.0536537,1.0260522,0.9710399,0.9359628,0.9881799,0.9978076,1.0240467,1.0190415,0.0,0.9118742
STK11,0.0,0.0,0.0,0.0,0.0,0.0,0.0,0.0,0.0,0.0,0.0,0.0,0.44090223,0.0,0.0,0.0,0.0,0.0,0.0,0.0,0.0,0.0,0.0,0.0,0.0,0.0,0.0,0.0,0.0,0.0,0.0,0.0,0.0,0.0,0.0,0.0,0.0,0.0,0.0,0.0,0.0,0.0
ATP5F1D,1.0705537,0.6834405,1.1969221,1.430435,1.5156195,1.24014,1.3886992,1.5948783,0.0,1.1484714,1.2076957,1.0850972,1.141807,1.034102,1.1810663,1.2266403,0.962836,1.3270683,1.0414004,1.1660256,1.1165282,0.0,1.2775927,0.89007497,1.5656645,1.0549465,1.0581769,1.4901034,0.859254,0.0,1.0893651,1.0747924,1.012971,1.0416973,1.0523171,1.0323611,1.0505005,1.1729912,1.049655,1.1095303,0.9661733,1.2446411
MIDN,0.0,0.0,1.2993801,1.0175459,0.7821509,0.90241873,0.999649,0.0,0.0,0.7637583,0.48630244,0.72981226,0.0,0.0,0.0,0.56188595,0.0,0.0,0.0,1.0982791,0.8891983,0.0,0.9461105,0.0,0.0,1.1516259,0.0,0.29263896,0.0,0.0,0.0,0.0,0.0,0.0,0.0,0.0,0.0,0.0,0.0,0.0,0.0,0.5647416
CIRBP,1.3673235,0.0,0.6325364,0.83704376,1.5544152,0.97485316,1.0684376,0.99943715,0.0,1.2223953,1.8926036,1.097946,0.7257168,1.6677934,0.9916867,1.3214259,1.3499818,1.3591418,1.6729887,1.7642759,1.9188905,1.8917,1.2456659,0.7635345,0.8495553,1.9540255,1.8263296,1.1560794,1.6522343,0.0,1.601591,1.3768812,1.657692,1.5573804,1.8255284,1.4655988,1.6097579,1.6943539,1.4651842,1.5098591,1.5134404,1.7789241
ENSG00000228300,0.0,0.0,0.0,0.0,0.0,0.37521976,0.4026517,0.4287746,0.0,0.36239028,0.0,0.0,0.7257168,0.0,0.0,0.0,0.0,0.0,0.0,0.0,0.0,0.0,0.0,0.26814458,0.75585574,0.0,0.0,0.34987968,0.0,0.0,0.0,0.0,0.0,0.0,0.0,0.0,0.0,0.0,0.0,0.0,0.0,0.0
PWWP3A,0.0,0.0,0.0,0.0,0.0,0.0,0.0,0.0,0.0,0.18083665,0.0,0.0,0.0,0.0,0.0,0.0,0.0,0.0,0.0,0.0,0.0,0.0,0.0,0.0,0.0,0.0,0.0,0.0,0.0,0.0,0.0,0.0,0.0,0.0,0.0,0.0,0.0,0.0,0.0,0.0,0.0,0.0
NDUFS7,0.0,0.0,0.6981089,0.94589376,0.8079907,0.7475655,0.90571284,0.93609726,0.0,0.81049556,0.0,0.91348,0.91374826,0.0,0.8421502,0.0,0.0,0.55827975,0.0,0.0,0.0,0.0,0.81162536,0.3651449,1.0853243,0.0,0.0,0.7330588,0.0,0.0,0.0,0.0,0.0,0.0,0.0,0.0,0.0,0.0,0.0,0.0,0.0,0.7407584
DAZAP1,0.0,0.0,0.0,0.56633395,0.7328033,0.38395348,0.47656822,0.96570295,0.0,0.47349092,0.0,0.64906085,0.0,0.0,0.0,0.0,0.0,0.0,0.0,0.0,0.0,0.0,0.0,0.0,0.5627082,0.0,0.0,0.5629089,0.0,0.0,0.0,0.0,0.0,0.0,0.0,0.0,0.0,0.0,0.0,0.0,0.0,0.0
RPS15,3.6708853,2.845065,3.038826,3.2371616,3.1115863,3.6188595,3.591748,3.6530964,3.1551876,3.359943,3.4106421,3.0057044,3.319817,3.5184834,3.7426667,3.5119267,3.350769,2.7672348,3.7496617,3.170634,3.3858356,3.6826017,3.2182713,2.5072727,3.4633245,3.153521,3.2526183,3.654399,3.4220092,2.0357234,3.8419666,3.5053082,3.712817,3.3801084,3.9575846,3.7685065,3.9017074,3.7103844,3.524199,3.5571048,3.535793,3.3011537
C19orf25,0.0,0.0,0.0,0.0,0.0,0.0,0.0,0.0,0.0,0.18155362,0.0,0.0,0.0,0.0,0.0,0.0,0.0,0.0,0.0,0.0,0.0,0.0,0.0,0.0,0.12226113,0.0,0.0,0.0,0.0,0.0,0.0,0.0,0.0,0.0,0.0,0.0,0.0,0.0,0.0,0.0,0.0,0.0
MBD3,0.0,0.0,0.0,0.0,0.0,0.0,0.0,0.0,0.0,0.0,0.0,0.0,0.0,0.0,0.0,0.0,0.0,0.0,0.0,0.0,0.0,0.0,0.0,0.0,0.113108404,0.0,0.0,0.0,0.0,0.0,0.0,0.0,0.0,0.0,0.0,0.0,0.0,0.0,0.0,0.0,0.0,0.0
UQCR11,1.1811445,1.3726877,1.5865307,1.5549242,1.3006456,1.3836432,1.479378,1.604517,2.137979,1.7008646,1.2351879,1.5917552,1.5547979,1.2058896,0.9916867,1.5482919,1.2268722,1.636775,0.99489826,1.3911704,1.275388,0.0,1.6306685,0.9576169,1.4078494,0.0,0.0,1.4594945,1.1535727,0.0,1.3225019,1.496539,1.2513363,1.4683275,1.1102804,1.022726,1.1872042,1.1523659,1.4578059,1.2225345,1.1596017,1.4225672
TCF3,0.0,0.0,0.0,0.0,0.0,0.0,0.0,0.2581269,0.0,0.62309736,0.0,0.0,0.0,0.0,0.0,0.0,0.0,0.0,0.0,0.0,0.0,0.0,0.0,0.0,0.48684168,1.5588334,0.0,0.0,0.0,0.0,0.0,0.0,0.0,0.0,0.0,0.0,0.0,0.0,0.0,0.0,0.0,0.0
ABHD17A,0.0,0.0,0.0,0.0,1.4225056,0.0,0.47691563,0.0,0.0,0.47256014,0.6301467,0.5221987,0.0,0.8111386,0.0,0.0,0.0,0.0,0.0,1.7567499,1.2782465,0.0,0.0,0.0,0.23725653,0.0,0.0,0.0,0.0,0.0,0.0,1.1802845,0.0,1.0947605,0.0,0.0,0.0,0.7236871,0.9853306,0.0,0.0,0.0
SCAMP4,0.0,0.0,0.0,0.0,0.0,0.0,0.0,0.0,0.0,0.18083665,0.0,0.0,0.0,0.0,0.0,0.0,0.0,0.0,0.0,0.0,0.0,0.0,0.0,0.0,0.0,0.0,0.0,0.0,0.0,0.0,0.0,0.0,0.0,0.0,0.0,0.0,0.0,0.0,0.0,0.0,0.0,0.57224125
CSNK1G2,0.0,0.0,0.0,0.0,0.29702905,0.0,0.47396737,0.0,0.0,0.18155362,0.48630244,0.0,0.0,0.0,0.0,0.0,0.0,0.0,0.0,0.0,0.0,0.0,0.0,0.0,0.0,0.0,0.0,0.0,0.0,0.0,0.0,0.0,0.0,0.0,0.0,0.0,0.0,0.0,0.0,0.0,0.0,0.0
MKNK2,0.0,0.0,0.0,0.21060637,0.0,0.64090085,0.7368693,0.24205172,0.0,0.49282485,0.0,0.0,0.0,0.0,0.0,0.0,0.0,0.0,0.71291757,0.0,0.0,0.0,0.58860594,0.20044874,0.35061786,1.5900176,0.0,0.0,0.0,0.0,0.0,0.0,0.0,0.0,0.0,0.0,0.0,0.0,0.0,0.0,0.0,0.0
MOB3A,0.0,0.0,0.0,0.0,0.0,0.28951037,0.3007177,0.0,0.0,0.0,0.0,0.0,0.0,0.0,0.0,0.0,0.0,0.0,0.0,0.0,0.0,0.0,0.0,0.0,0.113108404,0.0,0.0,0.0,0.0,0.0,0.0,0.0,0.0,0.0,0.0,0.0,0.0,0.0,0.0,0.0,0.0,0.0
AP3D1,0.0,0.0,0.0,0.0,0.0,0.53241324,0.39008018,0.1939885,0.0,0.0,0.0,0.0,0.44090223,0.0,0.0,0.0,0.0,0.0,0.0,0.0,0.0,0.0,0.0,0.0,0.4105284,0.0,0.0,0.0,0.0,0.0,0.0,0.0,0.0,0.0,0.0,0.0,0.0,0.0,0.0,0.0,0.0,0.0
PLEKHJ1,0.510213,0.0,0.0,0.36717868,0.45887005,0.329874,0.39040408,0.73904854,0.0,0.44826725,0.0,0.0,0.0,0.0,0.0,0.0,0.0,0.0,0.0,0.0,0.0,0.0,0.0,0.0,0.33039644,0.0,0.0,0.36781383,0.0,0.0,0.0,0.0,0.0,0.0,0.0,0.0,0.0,0.0,0.0,0.0,0.0,0.6736363
SF3A2,0.0,0.0,0.0,0.0,0.5527872,0.0,0.0,0.5368992,0.0,0.18155362,0.0,0.0,0.0,0.0,0.9916867,0.0,0.0,0.0,0.0,0.0,0.0,0.0,0.0,0.0,0.22223727,0.0,0.0,0.0,0.0,0.0,0.0,0.0,0.0,0.0,0.0,0.0,0.0,0.0,0.0,0.0,0.0,0.0
JSRP1,0.0,0.0,0.0,0.0,0.0,0.0,0.0,0.0,0.0,0.0,0.0,0.0,0.0,0.0,0.0,0.0,0.0,0.0,0.0,0.0,0.0,0.0,0.0,0.19645442,0.0,0.0,0.0,0.0,0.0,0.0,0.0,0.0,0.0,0.0,0.0,0.0,0.0,0.0,0.0,0.0,0.0,0.0
OAZ1,2.3834753,2.6333194,2.888091,3.036872,2.0763779,2.1038628,2.7134292,2.1884587,3.022603,2.1807446,1.4186306,2.8272982,2.4614627,1.6945957,2.1525807,2.4396663,2.1378393,2.987546,2.15805,1.7558085,1.7117379,2.1065965,3.0038967,1.5650609,2.3256774,2.116569,2.098866,2.2086954,1.948801,0.0,1.5341204,1.8858658,1.5457889,1.922578,1.3650937,1.4312581,1.381774,1.7495649,1.8298357,1.660793,1.6781055,2.3554955
LSM7,1.3102479,0.0,0.0,1.1289538,1.0223845,1.0603105,1.0468575,1.4863453,0.0,0.88530743,0.5784484,0.6449004,0.7257168,0.77390856,0.9916867,0.50346875,0.63509774,0.0,1.0720727,0.0,0.8243426,1.2339783,0.712626,0.36208376,1.3270415,1.4961381,1.2824671,1.5614603,0.8512645,0.0,0.842075,1.0237037,0.85936296,0.8600511,0.88395536,0.91822237,0.89837277,0.89067817,0.86322826,0.7137665,0.0,1.0537145
SPPL2B,0.0,0.0,0.0,0.0,0.0,0.0,0.0,0.0,0.0,0.23380059,0.0,0.0,0.0,0.0,0.0,0.0,0.0,0.0,0.0,0.0,0.0,0.0,0.0,0.0,0.0,0.0,0.0,0.0,0.0,0.0,0.0,0.0,0.0,0.0,0.0,0.0,0.0,0.0,0.0,0.0,0.0,0.0
TIMM13,0.0,0.0,0.0,0.5534786,0.0,0.40020192,0.50284827,1.5004324,0.0,0.3953033,0.0,0.5367148,0.0,0.0,0.0,0.0,0.0,0.0,0.0,0.0,0.0,0.0,0.0,0.0,0.8477324,0.0,0.0,1.1474898,0.0,0.0,0.0,0.0,0.0,0.0,0.0,0.0,0.0,0.0,0.0,0.0,0.0,0.9028836
LMNB2,0.0,0.0,0.0,0.0,0.0,0.0,0.0,0.36454263,0.0,0.47256014,0.0,0.0,0.0,0.0,0.0,0.0,0.0,0.0,0.0,0.0,0.0,0.0,0.0,0.0,0.16472894,0.0,0.0,0.0,0.0,0.0,0.0,0.0,0.0,0.0,0.0,0.0,0.0,0.0,0.0,0.0,0.0,0.0
GADD45B,0.0,0.0,0.0,0.0,1.09935,1.275729,1.0603927,0.0,0.0,0.7637583,1.0021521,1.6025404,2.4614627,1.1972713,0.9916867,0.0,0.0,0.0,0.8328728,1.335038,1.4353923,0.0,0.94712365,0.5624375,0.25635368,0.0,0.0,0.0,0.69897926,0.0,1.0478483,1.0941656,0.83691984,1.1521444,1.0504601,1.1118009,0.9811419,0.70906883,1.0787475,1.3112372,1.2260957,0.56358063
GNG7,0.57448566,0.0,0.0,0.0,0.0,0.38395348,0.0,0.0,0.0,0.18083665,0.0,0.0,0.0,0.0,1.1810663,0.0,0.0,0.0,0.8290646,0.0,0.0,0.0,0.0,0.29114863,0.30367142,0.0,1.2286537,0.0,0.0,0.0,0.0,0.0,0.0,0.0,0.0,0.0,0.0,0.0,0.0,0.0,0.0,0.7806418
SLC39A3,0.0,0.0,0.0,0.0,0.0,0.0,0.0,1.0128781,0.0,0.3960203,0.0,0.0,0.44090223,0.0,0.0,0.0,0.0,1.0338551,0.0,0.0,0.0,0.0,0.0,0.0,0.0,0.0,0.0,0.3406552,0.0,0.0,0.0,0.0,0.0,0.0,0.0,0.0,0.0,0.0,0.0,0.0,0.0,0.0
SGTA,0.0,0.0,0.0,0.0,0.0,0.0,0.0,0.35840407,0.0,0.0,0.0,0.0,0.44090223,0.0,0.0,0.0,0.0,0.0,0.0,0.0,0.0,0.0,0.0,0.0,0.22759601,0.0,0.0,0.0,0.0,0.0,0.0,0.0,0.0,0.0,0.0,0.0,0.0,0.0,0.0,0.0,0.0,0.0
THOP1,0.0,0.0,0.0,0.0,0.0,0.0,0.0,0.30914012,0.0,0.44826725,0.0,0.0,0.0,0.0,0.0,0.0,0.0,0.0,0.0,0.0,0.0,0.0,0.0,0.0,0.17900646,0.0,0.0,0.0,0.0,0.0,0.0,0.0,0.0,0.0,0.0,0.0,0.0,0.0,0.0,0.0,0.0,0.0
TLE5,1.1386954,0.4366376,0.71085143,0.788736,2.0772429,0.66070366,0.90894425,0.41819102,0.0,1.3853219,1.3838991,0.4963503,0.44090223,1.4214615,0.9916867,0.94628716,0.5388627,0.0,1.0343952,1.9985336,1.6679971,1.3758854,0.5367461,0.19522703,0.72487426,1.60144,1.515377,0.7552996,1.4644935,0.0,1.7775275,1.7426953,1.5617566,1.277546,1.6939007,1.7320529,1.7390438,2.0313225,1.610185,1.5291,1.2699907,1.4451573
GNA15,0.0,0.0,0.0,0.0,0.0,0.6838616,0.42581785,0.27185187,0.0,0.0,0.0,0.838519,0.0,0.0,0.0,0.0,0.0,0.0,0.0,0.0,0.0,0.0,0.0,0.0,0.0,0.0,0.0,0.27436048,0.0,0.0,0.0,0.0,0.0,0.0,0.0,0.0,0.0,0.0,0.0,0.0,0.0,0.55407417
S1PR4,0.0,0.0,0.0,0.0,0.6394709,0.0,0.3546848,0.0,0.0,0.25902426,0.0,0.0,0.0,0.0,0.0,0.0,0.0,0.0,0.0,0.0,0.0,0.0,0.0,0.0,0.1759403,1.1996951,1.6259605,0.0,0.0,0.0,0.0,0.0,0.0,0.0,0.0,0.0,0.0,0.0,0.0,0.0,0.0,0.0
NCLN,0.0,0.0,0.0,0.0,0.0,0.0,0.0,0.308616,0.0,0.0,0.0,0.0,0.0,0.0,0.0,0.0,0.0,0.0,0.0,0.0,0.0,0.0,0.0,0.0,0.30367142,0.0,0.0,0.0,0.0,0.0,0.0,0.0,0.0,0.0,0.0,0.0,0.0,0.0,0.0,0.0,0.0,0.0
NFIC,0.0,0.0,0.0,0.0,0.0,0.0,0.32453808,0.0,0.0,0.0,0.0,0.0,0.0,0.0,0.0,0.0,0.0,0.0,0.0,0.0,0.0,0.0,0.0,0.0,0.0,0.0,0.0,0.18648025,0.0,0.0,0.0,0.0,0.0,0.0,0.0,0.0,0.0,0.0,0.0,0.0,0.0,0.0
DOHH,0.0,0.0,0.0,0.0,0.0,0.0,0.0,0.16460665,0.0,0.0,0.0,0.0,0.0,0.0,0.0,0.0,0.0,0.0,0.0,0.0,0.0,0.0,0.0,0.0,0.0,0.0,0.0,0.0,0.0,0.0,0.0,0.0,0.0,0.0,0.0,0.0,0.0,0.0,0.0,0.0,0.0,0.0
FZR1,0.0,0.0,0.0,0.0,0.0,0.0,0.0,0.0,0.0,0.18155362,0.0,0.0,0.0,0.0,0.0,0.0,0.0,0.0,0.0,0.0,0.0,0.0,0.0,0.0,0.0,0.0,0.0,0.0,0.0,0.0,0.0,0.0,0.0,0.0,0.0,0.0,0.0,0.0,0.0,0.0,0.0,0.0
MFSD12,0.0,0.0,0.0,0.0,0.0,0.0,0.0,0.0,0.0,0.0,0.0,0.0,0.0,0.0,0.0,0.0,0.0,0.0,0.0,0.0,0.0,0.0,0.0,0.0,0.14972688,0.0,0.0,0.0,0.0,0.0,0.0,0.0,0.0,0.0,0.0,0.0,0.0,0.0,0.0,0.0,0.0,0.6259962
HMG20B,0.0,0.0,0.0,0.0,0.0,0.37521976,0.0,0.16923325,0.0,0.0,0.0,0.0,0.0,0.0,0.0,0.0,0.0,0.55880845,0.0,0.0,0.0,0.0,0.0,0.0,0.116415784,0.0,0.0,0.0,0.0,0.0,0.0,0.0,0.0,0.0,0.0,0.0,0.0,0.0,0.0,0.0,0.0,0.0
MRPL54,0.7556761,0.0,0.0,0.5718216,0.77457005,0.41057968,0.6820837,0.58418286,0.0,0.4532262,0.5784484,0.5221987,0.0,0.0,0.7355936,0.0,0.0,0.0,0.0,0.0,0.0,0.0,0.64151776,0.32058161,0.8230095,0.0,0.0,0.51129395,0.0,0.0,0.0,0.0,0.0,0.0,0.64316267,0.68100107,0.0,0.42329285,0.0,0.0,0.0,0.6460325
MATK,0.0,0.0,0.0,0.0,0.96185017,0.0,0.0,0.0,0.0,0.0,0.0,0.0,0.0,0.0,0.0,0.0,0.0,0.0,0.0,1.1768581,1.5330756,0.0,0.0,0.0,0.0,0.0,0.0,0.0,0.0,0.0,0.0,0.0,0.0,0.0,0.0,0.0,0.0,0.0,0.0,0.0,0.0,0.0
DAPK3,0.0,0.0,0.0,0.0,0.0,0.0,0.0,0.0,0.0,0.3960203,0.0,0.0,0.0,0.0,0.0,0.0,0.0,0.0,0.0,0.0,0.0,0.0,0.0,0.0,0.0,0.0,0.0,0.0,0.0,0.0,0.0,0.0,0.0,0.0,0.0,0.0,0.0,0.0,0.0,0.0,0.0,0.0
EEF2,2.6291323,1.6178101,1.8567812,1.685713,1.5072277,2.303154,2.1953602,2.7430165,1.6334537,2.22409,2.29971,2.183535,1.5203841,2.1562002,2.5087233,1.9945923,2.0781858,1.4867024,2.5475202,1.624268,1.936075,2.7087505,2.006505,1.5926906,1.9979782,3.15995,2.8113973,2.2279572,2.164744,0.0,2.2759783,1.5718819,2.0206773,1.6446686,2.1673524,2.7800136,2.1967506,2.272718,1.6523842,2.0580392,2.023663,2.3037696
ZBTB7A,0.0,0.0,0.7983946,0.6440914,0.6333506,0.0,0.6159758,0.36146846,0.0,0.18083665,0.0,0.6449004,0.0,0.0,0.0,0.0,0.0,0.0,0.0,0.0,0.0,0.0,0.72232306,0.0,0.0,0.0,0.0,0.31619126,0.0,0.0,0.0,0.0,0.0,0.0,0.0,0.0,0.0,0.0,0.0,0.0,0.0,0.42562866
MAP2K2,0.0,0.0,0.0,0.37241715,0.8439608,0.5035982,0.6284687,1.4404719,0.0,0.5449097,0.0,0.0,0.0,0.0,0.7355936,0.0,0.0,0.0,0.0,0.0,0.88088346,0.0,0.0,0.33253083,0.8527442,0.0,0.9181548,0.5059016,0.0,0.0,0.0,0.0,0.0,0.0,0.0,0.0,0.0,0.0,0.0,0.0,0.0,0.68336964
SHD,0.0,0.0,0.0,0.0,0.0,0.0,0.0,0.0,0.0,0.0,0.0,0.0,0.0,0.0,0.0,0.0,0.0,0.0,0.0,0.0,0.0,0.0,0.0,0.0,0.0,0.0,0.0,0.0,0.0,0.0,0.0,0.0,0.0,0.0,0.0,0.0,0.0,0.0,0.0,0.0,0.0,1.2248247
TMIGD2,0.0,0.0,0.0,0.0,0.0,0.0,0.0,0.0,0.0,0.0,0.8185749,0.0,0.0,0.0,0.0,0.0,0.0,0.0,0.0,0.0,0.0,0.0,0.0,0.0,0.0,0.0,0.0,0.0,0.0,0.0,0.0,0.0,0.0,0.0,0.0,0.0,0.0,0.0,0.0,0.0,0.0,0.58601487
SH3GL1,0.0,0.0,0.0,0.0,0.0,0.0,0.0,0.13451539,0.0,0.0,0.0,0.0,0.0,0.0,0.0,0.0,0.0,0.0,0.0,0.0,0.0,0.0,0.0,0.0,0.0,0.0,0.0,0.0,0.0,0.0,0.0,0.0,0.0,0.0,0.0,0.0,0.0,0.0,0.0,0.0,0.0,0.0
CHAF1A,0.0,0.0,0.0,0.0,0.0,0.0,0.0,0.22423387,0.0,0.0,0.0,0.0,0.0,0.0,0.0,0.0,0.0,0.0,0.0,0.0,0.0,0.0,0.0,0.0,0.3674378,0.0,0.0,0.0,0.0,0.0,0.0,0.0,0.0,0.0,0.0,0.0,0.0,0.0,0.0,0.0,0.0,0.0
HDGFL2,0.0,0.0,0.0,0.0,0.0,0.0,0.0,0.0,0.0,0.0,0.0,0.0,0.0,0.0,0.0,0.0,0.0,0.0,0.0,0.0,0.0,0.0,0.0,0.0,0.16684455,0.0,0.0,0.0,0.0,0.0,0.0,0.0,0.0,0.0,0.0,0.0,0.0,0.0,0.0,0.0,0.0,0.0
MYDGF,0.0,0.0,0.0,0.71496433,0.59569395,0.53241324,0.73392797,0.5894866,0.0,0.0,0.0,0.5950968,1.1757209,0.0,0.0,0.0,0.8083333,0.0,0.0,0.0,0.0,0.0,0.52406436,1.5847859,2.0759966,0.0,0.0,0.6528797,0.0,0.0,0.0,0.0,0.0,0.0,0.0,0.0,0.0,0.0,0.0,0.0,0.0,1.1438437
DPP9,0.0,0.0,0.0,0.0,0.0,0.0,0.0,0.0,0.0,0.18155362,0.0,0.0,0.0,0.0,0.0,0.0,0.0,0.0,0.0,0.0,0.0,0.0,0.0,0.0,0.0,0.0,0.0,0.0,0.0,0.0,0.0,0.0,0.0,0.0,0.0,0.0,0.0,0.0,0.0,0.0,0.0,0.0
PLIN3,0.0,0.0,0.49819386,0.6947781,0.0,0.37967432,0.50733024,0.27731404,0.0,0.0,0.0,0.0,0.0,0.0,0.0,0.0,0.0,0.0,0.0,0.0,0.0,0.0,0.0,0.0,0.12525262,0.0,0.0,0.48638684,0.0,0.0,0.0,0.0,0.0,0.0,0.0,0.0,0.0,0.0,0.0,0.0,0.0,0.51971436
UHRF1,0.0,0.0,0.0,0.0,0.0,0.0,0.0,0.3059089,0.0,0.0,0.0,0.0,0.0,0.0,0.0,0.0,0.0,0.0,0.0,0.0,0.0,0.0,0.0,0.0,0.0,0.0,0.0,0.0,0.0,0.0,0.0,0.0,0.0,0.0,0.0,0.0,0.0,0.0,0.0,0.0,0.0,0.0
SAFB2,0.0,0.0,0.0,0.0,0.0,0.0,0.0,0.23031795,0.0,0.23380059,0.59476876,0.0,0.0,0.0,0.0,0.0,0.0,0.0,0.0,0.0,0.0,0.0,0.0,0.0,0.35061786,0.0,0.0,0.0,0.0,0.0,0.0,0.0,0.0,0.0,0.0,0.0,0.0,0.0,0.0,0.0,0.0,0.0
SAFB,0.0,0.0,0.0,0.0,0.2552328,0.0,0.3404857,0.36211687,0.0,0.4977838,0.0,0.0,1.141807,0.0,0.0,0.0,0.0,0.0,0.0,0.0,0.0,0.0,0.0,0.0,0.3394277,0.0,0.0,0.26153177,0.0,0.0,0.0,0.0,0.0,0.0,0.0,0.0,0.0,0.0,0.0,0.0,0.0,0.0
RPL36,3.4588065,2.5043788,2.549315,2.6780286,2.2575207,3.2099946,2.893399,3.5698733,2.874495,3.273212,3.0768354,2.629729,3.3940961,3.1770241,3.5031452,3.1558044,2.7047017,2.504385,3.4800656,2.465559,2.7284465,3.2204132,2.6917198,2.022524,3.0799274,2.3149915,2.8526235,3.3153048,3.0650394,1.7797773,3.5398457,3.1482565,3.451324,3.097797,3.5231147,3.5062518,3.586728,3.3136425,3.2089455,3.2432384,3.284474,2.5792036
MICOS13,0.0,0.0,0.0,0.3122033,0.0,0.65910083,0.6820837,0.8416992,0.0,0.23875955,0.0,0.5367148,0.0,0.0,0.0,0.0,0.0,0.0,0.0,0.0,0.0,0.0,0.63358295,0.31009677,0.5799317,0.0,0.0,0.5449757,0.0,0.0,0.0,0.0,0.0,0.0,0.0,0.0,0.0,0.0,0.0,0.0,0.0,0.6072463
LONP1,0.0,0.0,0.0,0.0,0.0,0.0,0.0,0.13217042,0.0,0.0,0.0,0.0,0.0,0.0,0.0,0.0,0.0,0.0,0.0,0.0,0.0,0.0,0.0,0.0,0.20380595,0.0,0.0,0.0,0.0,0.0,0.0,0.0,0.0,0.0,0.0,0.0,0.0,0.0,0.0,0.0,0.0,0.0
DUS3L,0.0,0.0,0.0,0.0,0.0,0.0,0.0,0.26071894,0.0,0.0,0.0,0.0,0.0,0.0,0.0,0.0,0.0,0.0,0.0,0.0,0.0,0.0,0.0,0.0,0.0,0.0,0.0,0.0,0.0,0.0,0.0,0.0,0.0,0.0,0.0,0.0,0.0,0.0,0.0,0.0,0.0,0.0
NDUFA11,0.92434573,0.90542024,1.088733,1.3133631,1.2294234,1.0529546,1.0964503,1.3259532,1.7036312,1.07055,0.8185749,1.2107468,1.141807,0.0,0.7355936,0.83937705,1.1865096,1.1583984,0.8011725,1.0225053,0.9931291,0.0,1.0363266,0.9549211,1.4491763,0.0,0.0,1.3249639,0.6650175,0.0,0.88827074,1.0273172,0.8401995,0.93338895,0.91905963,0.8875372,0.86649096,1.0531672,0.9423192,0.76612365,0.0,1.1418073
CLPP,0.0,0.0,0.0,0.0,0.43584925,0.0,0.32453808,0.58189833,0.0,0.47349092,0.0,0.0,0.0,0.0,0.0,0.0,0.0,0.0,0.0,0.0,0.0,0.0,0.0,0.26814458,0.6642692,0.0,0.0,0.23542178,0.0,0.0,0.0,0.0,0.0,0.0,0.0,0.0,0.0,0.0,0.0,0.0,0.0,0.0
ALKBH7,0.53828317,0.0,0.0,0.39957672,0.0,0.7133947,0.78409743,0.61830163,0.0,0.23875955,0.0,0.5221987,0.5578004,0.0,0.0,0.0,0.0,0.0,0.0,0.0,0.0,0.0,0.54015994,0.5206413,0.5027708,0.0,0.0,0.67637956,0.0,0.0,0.75579584,0.0,0.78386027,0.0,0.9482845,0.8778348,0.8620411,0.0,0.0,0.0,0.0,0.73109716
GTF2F1,0.0,0.0,0.0,0.0,0.3344372,0.0,0.38106546,0.4823083,0.0,0.4195962,0.0,0.0,1.3831153,0.0,0.0,0.0,0.0,0.0,0.0,0.0,0.0,0.0,0.0,0.0,0.23792198,0.0,0.0,0.19441234,0.0,0.0,0.0,0.0,0.0,0.0,0.0,0.0,0.0,0.0,0.0,0.0,0.0,0.0
KHSRP,0.0,0.0,0.0,0.6280713,0.44833744,0.0,0.3865379,0.46751955,0.0,0.57331717,0.0,0.0,0.0,0.0,0.0,0.0,0.0,0.0,0.0,0.0,0.0,0.0,0.0,0.0,0.4297319,0.0,0.0,0.58983874,0.0,0.0,0.0,0.0,0.0,0.0,0.0,0.0,0.0,0.0,0.0,0.0,0.0,0.0
GPR108,0.0,0.0,0.0,0.0,0.0,0.0,0.0,0.0,0.0,0.18083665,0.0,0.0,0.0,0.0,0.0,0.0,0.0,0.0,0.0,0.0,0.0,0.0,0.0,0.0,0.0,0.0,0.0,0.0,0.0,0.0,0.0,0.0,0.0,0.0,0.0,0.0,0.0,0.0,0.0,0.0,0.0,0.0
VAV1,0.0,0.0,0.0,0.0,0.0,0.0,0.0,0.0,0.0,0.0,0.0,0.0,0.0,0.0,0.0,0.0,0.0,0.0,0.0,0.0,0.0,0.0,0.0,0.0,0.12881172,0.0,0.0,0.0,0.0,0.0,0.0,0.0,0.0,0.0,0.0,0.0,0.0,0.0,0.0,0.0,0.0,0.0
MCOLN1,0.0,0.0,0.0,0.0,0.0,0.0,0.0,0.0,0.0,0.0,0.0,0.6449004,0.0,0.0,0.0,0.0,0.0,0.0,0.0,0.0,0.0,0.0,0.52703375,0.0,0.0,0.0,0.0,0.0,0.0,0.0,0.0,0.0,0.0,0.0,0.0,0.0,0.0,0.0,0.0,0.0,0.0,0.0
PET100,0.4650107,0.0,0.6995341,0.7960833,0.8237087,0.5034041,0.5419595,0.571114,0.0,0.62781835,0.0,1.3130223,0.7257168,0.0,0.0,0.0,0.0,0.3486314,0.0,0.0,0.0,0.0,0.84248936,0.4895564,0.94129306,0.0,0.0,0.540445,0.6490934,0.0,0.0,1.0638598,0.0,1.0356237,0.0,0.0,0.73131853,0.742451,1.023361,0.85760033,0.0,0.66020656
STXBP2,0.0,0.4832946,1.4777656,1.3494883,0.46395716,0.28412688,0.69653934,0.21649836,0.0,0.7637583,0.0,1.5971258,0.5578004,0.0,0.0,0.0,0.46016514,1.3416084,0.0,0.0,0.0,0.0,1.9900532,0.0,0.30059022,0.0,0.0,0.46328217,0.0,0.0,0.0,0.0,0.0,0.0,0.0,0.0,0.0,0.0,0.0,0.0,0.0,0.55192554
RETN,0.0,0.0,0.8625158,2.4777598,0.0,0.0,0.0,0.0,0.0,0.0,0.0,0.0,0.0,0.0,0.0,0.0,0.0,0.0,0.0,0.0,0.0,0.0,0.0,0.0,0.0,0.0,0.0,0.0,0.0,0.0,0.0,0.0,0.0,0.0,0.0,0.0,0.0,0.0,0.0,0.0,0.0,0.0
MCEMP1,0.0,0.0,0.84840417,1.1733465,0.0,0.0,0.0,0.0,0.0,0.0,0.0,0.0,0.0,0.0,0.0,0.0,0.0,0.0,0.0,0.0,0.0,0.0,0.0,0.0,0.0,0.0,0.0,0.0,0.0,0.0,0.0,0.0,0.0,0.0,0.0,0.0,0.0,0.0,0.0,0.0,0.0,0.0
TRAPPC5,0.6760944,0.0,1.299388,1.404068,0.6363239,0.5035982,1.2360967,0.6958204,1.3137622,0.5521189,0.0,1.097946,0.0,0.0,0.0,0.8020749,0.0,0.69662464,0.0,0.0,0.0,0.0,1.2458277,0.45945406,0.9279678,0.0,0.0,1.0949371,0.0,0.0,0.0,0.0,0.0,0.0,0.0,0.0,0.0,0.0,0.0,0.0,0.0,0.59814066
FCER2,0.0,0.0,0.0,0.0,0.0,0.0,0.0,0.0,0.0,0.0,0.0,0.0,0.0,0.0,0.0,0.0,0.0,0.0,0.0,0.0,0.0,1.535358,0.0,0.0,0.0,0.0,0.0,0.0,0.0,0.0,0.0,0.0,0.0,0.0,0.0,0.0,0.0,0.0,0.0,0.0,0.0,0.0
TIMM44,0.0,0.0,0.0,0.0,0.0,0.0,0.0,0.2674124,0.0,0.0,0.0,0.0,0.0,0.0,0.0,0.0,0.0,0.0,0.0,0.0,0.0,0.0,0.0,0.0,0.3117829,0.0,0.0,0.0,0.0,0.0,0.0,0.0,0.0,0.0,0.0,0.0,0.0,0.0,0.0,0.0,0.0,0.0
ELAVL1,0.0,0.0,0.0,0.3674242,0.45846772,0.0,0.36281422,0.8239959,0.0,0.65150476,0.0,0.0,0.0,0.0,0.0,0.0,0.0,0.6870537,0.0,0.0,0.0,0.0,0.0,0.0,0.41196918,0.0,0.0,0.4826697,0.0,0.0,0.0,0.0,0.0,0.0,0.0,0.0,0.0,0.0,0.0,0.0,0.0,0.0
CD320,0.0,0.0,0.0,0.0,0.0,0.0,0.0,0.54411274,0.0,0.0,0.0,0.0,0.0,0.0,0.0,0.0,0.0,0.0,0.0,0.0,0.0,0.0,0.0,0.0,0.8152912,0.0,0.0,0.0,0.0,0.0,0.0,0.0,0.0,0.0,0.0,0.0,0.0,0.0,0.0,0.0,0.0,0.0
NDUFA7,0.0,0.0,0.0,0.43866017,0.71277153,0.57750386,0.6699801,0.9357744,0.0,0.6770393,0.0,0.3987304,0.0,0.0,0.0,0.0,0.0,0.0,0.0,0.0,0.0,0.0,0.6021497,0.38957235,0.9665544,0.0,0.0,0.42448062,0.0,0.0,0.0,0.0,0.0,0.0,0.0,0.0,0.0,0.0,0.0,0.0,0.0,0.7384467
RPS28,3.9241085,3.3179178,3.2270288,3.2078981,2.7225819,3.9081354,3.3047645,3.9307258,3.4977927,3.7112584,3.5024738,3.440098,3.655307,3.6738281,3.8553967,3.6782691,3.4339938,2.4301481,4.034094,3.093809,3.3343887,3.7973835,3.3412313,2.460985,3.313661,3.6969843,3.77537,3.688528,3.5313303,0.0,4.006327,3.6576347,3.9201322,3.6262884,4.0691004,4.0437117,4.1762877,3.7952662,3.7265685,3.7193503,3.7523088,3.623958
RAB11B,0.0,0.0,0.0,0.0,0.5887127,0.37913528,0.49061,0.36935025,0.0,0.49491298,0.72809076,0.0,0.0,0.0,0.0,0.0,0.0,0.36719865,0.0,0.0,0.0,0.0,0.4016111,0.17289075,0.23462802,0.0,0.0,0.24799219,0.0,0.0,0.0,0.0,0.0,0.0,0.0,0.0,0.0,0.0,0.0,0.0,0.0,0.53885686
MARCHF2,0.0,0.0,0.0,0.0,0.0,0.0,0.0,0.0,0.0,0.0,0.0,0.0,0.5578004,0.0,0.0,0.0,0.0,0.0,0.0,0.0,0.0,0.0,0.0,0.0,0.0,0.0,0.0,0.0,0.0,0.0,0.0,0.0,0.0,0.0,0.0,0.0,0.0,0.0,0.0,0.0,0.0,0.0
HNRNPM,0.8112776,0.0,0.7394345,1.2552247,1.3019724,0.7475655,1.1345564,1.2813978,0.0,0.5782282,0.9341768,0.838519,0.7257168,0.88387203,0.0,0.0,0.939027,0.0,0.84094983,1.0052179,0.96688926,0.0,0.5989047,0.25047913,1.0773405,1.1237371,0.0,1.2329934,0.74088204,0.0,0.83044124,0.9576335,0.8704248,0.97231597,0.91214097,0.846427,0.84661275,0.9070905,0.96436185,0.8756204,0.99532795,1.3092604
PRAM1,0.0,0.0,0.7373098,0.67062104,0.0,0.0,0.41870624,0.0,0.0,0.0,0.0,0.0,0.0,0.0,0.0,0.0,0.0,0.0,0.0,0.0,0.0,0.0,0.6449875,0.0,0.0,0.0,0.0,0.0,0.0,0.0,0.0,0.0,0.0,0.0,0.0,0.0,0.0,0.0,0.0,0.0,0.0,0.0
MYO1F,0.0,0.0,1.4424672,1.107745,0.9546034,0.3828968,1.0025887,0.0,0.0,0.23380059,0.0,0.5367148,0.7257168,0.0,0.0,0.0,0.0,0.0,0.0,1.1742256,0.94134164,0.0,1.0700245,0.0,0.0,0.0,0.0,0.0,0.0,0.0,0.0,0.98934585,0.0,0.0,0.0,0.0,0.0,0.0,0.0,0.0,0.0,0.0
UBL5,1.0084141,1.575357,1.2941666,1.4599907,1.5450548,1.3977655,1.3121998,1.6594766,1.9598831,1.3590283,1.303761,1.2951863,1.5547979,1.0982125,1.1810663,1.3039565,1.060108,1.5999348,1.0430634,1.2987983,1.1188164,0.0,1.3427768,0.83120865,1.4142952,1.0914862,0.0,1.3365619,1.3688753,0.0,1.065478,1.457869,1.0205148,1.3311824,0.94356334,1.0052845,1.0309584,1.1523659,1.3465502,1.1260114,1.1731453,1.4211154
PIN1,0.0,0.0,0.0,0.0,0.8707777,0.4165121,0.43482453,0.6457356,0.0,0.18155362,0.0,0.0,0.0,0.0,0.0,0.0,0.0,0.0,0.0,0.0,0.0,0.0,0.0,0.0,0.5445607,0.0,0.0,0.29389352,0.0,0.0,0.0,0.0,0.0,0.0,0.0,0.0,0.0,0.0,0.0,0.0,0.0,0.68617
PPAN,0.0,0.0,0.0,0.0,0.0,0.0,0.0,0.3923277,0.0,0.0,0.0,0.0,0.0,0.0,0.0,0.0,0.0,0.0,0.0,0.0,0.0,0.0,0.0,0.0,0.24788901,0.0,0.0,0.0,0.0,0.0,0.0,0.0,0.0,0.0,0.0,0.0,0.0,0.0,0.0,0.0,0.0,0.0
EIF3G,1.2155925,0.0,1.0113544,0.86483693,1.2058921,1.2762874,1.2809252,1.1588011,0.0,1.0272458,1.105459,1.0348424,0.0,1.204907,1.3148127,0.5191486,0.59931684,0.0,1.086364,1.5110277,1.8150868,1.0120785,0.95746034,0.57008535,1.0500574,1.053764,0.0,1.0410403,0.9745099,0.0,1.2921519,1.1376143,1.2103336,1.185111,1.3334925,1.338454,1.3498209,1.3355023,1.187521,1.101286,1.1326704,1.0784667
DNMT1,0.0,0.0,0.0,0.8589178,1.4187849,0.0,0.3865379,0.9584058,0.0,1.2344167,0.0,0.0,0.0,0.0,0.0,0.0,0.0,0.0,0.0,0.0,0.0,0.0,0.0,0.0,0.65940875,0.0,0.0,0.73469627,0.0,0.0,0.0,0.0,0.0,0.0,0.0,0.0,0.0,0.0,0.0,0.0,0.0,0.0
MRPL4,0.0,0.0,0.0,0.0,0.0,0.27226898,0.41658252,1.0059321,0.0,0.3960203,0.0,0.0,0.0,0.0,0.0,0.0,0.0,0.0,0.0,0.0,0.0,0.0,0.0,0.0,0.65940875,0.0,0.0,0.5065559,0.0,0.0,0.0,0.0,0.0,0.0,0.0,0.0,0.0,0.0,0.0,0.0,0.0,0.0
ICAM1,0.0,0.0,0.0,0.0,0.0,0.59331524,0.0,0.0,0.0,0.0,0.0,0.7784047,1.4347595,0.0,0.0,0.0,0.0,0.0,0.0,0.0,0.0,0.0,0.0,0.0,0.0,0.0,0.0,0.0,0.0,0.0,0.0,0.0,0.0,0.0,0.0,0.0,0.0,0.0,0.0,0.0,0.0,0.0
ICAM4,0.0,0.0,0.0,0.0,0.0,0.0,0.0,0.1951735,0.0,0.0,0.0,0.0,0.0,0.0,0.0,0.0,0.0,0.0,0.0,0.0,0.0,0.0,0.0,0.0,0.0,0.0,0.0,0.0,0.0,0.0,0.0,0.0,0.0,0.0,0.0,0.0,0.0,0.0,0.0,0.0,0.0,0.0
RAVER1,0.0,0.0,0.0,0.0,0.0,0.0,0.0,0.26079074,0.0,0.0,0.0,0.0,0.0,0.0,0.0,0.0,0.0,0.0,0.0,0.0,0.0,0.0,0.0,0.0,0.17338812,0.0,0.0,0.0,0.0,0.0,0.0,0.0,0.0,0.0,0.0,0.0,0.0,0.0,0.0,0.0,0.0,0.0
ICAM3,0.8112776,0.0,0.0,0.0,0.9154366,1.1602029,0.694751,0.0,0.0,0.0,0.77548546,0.0,0.0,1.0434207,0.6868571,0.0,0.0,0.0,0.0,1.1175654,1.2231264,0.0,0.4979903,0.69393146,0.37066114,0.0,0.0,0.19005755,0.86481434,0.0,1.0084141,1.057318,0.9351158,1.0447328,0.94146,0.8543694,0.8846228,1.0930434,1.0060972,0.96738505,0.0,0.5091939
TYK2,0.0,0.0,0.0,0.0,0.0,0.0,0.3606974,0.0,0.0,0.0,0.0,0.0,0.0,0.0,0.0,0.0,0.0,0.0,0.0,0.0,0.0,0.0,0.0,0.0,0.0,0.0,0.0,0.0,0.0,0.0,0.0,0.0,0.0,0.0,0.0,0.0,0.0,0.0,0.0,0.0,0.0,0.0
CDC37,0.8607786,0.0,0.0,0.71969724,1.0194662,0.86937743,1.0492027,0.97470415,0.0,0.7565536,0.89209247,1.097946,1.4643317,0.9487691,0.6868571,0.0,0.0,0.7827438,0.762445,0.0,0.8931923,0.0,0.8571086,0.36177254,0.7758649,1.1516259,1.0024796,0.67681926,0.65800595,0.0,0.8089216,0.7479053,0.0,1.0064278,0.0,0.89267737,0.7503863,0.87956065,0.83007634,0.93211806,0.0,0.80483675
PDE4A,0.0,0.0,0.0,0.0,0.0,0.0,0.0,0.0,0.0,0.0,0.0,0.47305363,0.0,0.0,0.0,0.0,0.0,0.0,0.0,0.0,0.0,0.0,0.0,0.0,0.0,0.0,0.0,0.0,0.0,0.0,0.0,0.0,0.0,0.0,0.0,0.0,0.0,0.0,0.0,0.0,0.0,0.0
KEAP1,0.0,0.0,0.0,0.0,0.0,0.0,0.0,0.4941848,0.0,0.0,0.0,0.0,0.0,0.0,0.0,0.0,0.0,0.0,0.0,0.0,0.0,0.0,0.0,0.0,0.15884948,0.0,0.0,0.0,0.0,0.0,0.0,0.0,0.0,0.0,0.0,0.0,0.0,0.0,0.0,0.0,0.0,0.0
S1PR5,0.0,0.0,0.0,0.0,0.6929475,0.0,0.0,0.0,0.0,0.0,0.0,0.0,0.0,0.0,0.0,0.0,0.0,0.0,0.0,0.9701234,0.0,0.0,0.0,0.0,0.0,0.0,0.0,0.0,0.0,0.0,0.0,0.0,0.0,0.0,0.0,0.0,0.0,0.0,0.0,0.0,0.0,0.0
CDKN2D,0.0,0.0,0.0,0.7543641,1.1133945,0.37521976,0.55155104,0.0,0.0,0.314459,0.0,0.0,0.0,0.0,0.0,0.0,0.0,1.4565558,0.0,0.0,0.0,0.0,0.5967548,0.0,0.0,1.1302866,0.0,0.0,0.0,0.0,0.78919995,0.0,0.0,0.0,0.8887764,0.0,0.0,0.0,0.0,0.0,0.0,0.99699926
SLC44A2,0.5894627,0.0,0.0,0.0,0.0,0.0,0.0,0.1118909,0.0,0.0,0.0,0.0,0.0,0.0,0.77814996,0.0,0.0,0.0,0.0,0.0,0.0,0.0,0.0,0.0,0.0,0.0,0.0,0.0,0.0,0.0,0.0,0.0,0.0,0.0,0.0,0.0,0.0,0.0,0.0,0.0,0.0,0.56778526
ILF3-DT,0.0,0.0,0.0,0.0,0.68020475,0.0,0.0,0.0,0.0,0.18083665,0.0,0.0,0.0,0.0,0.0,0.0,0.0,0.0,0.0,0.0,0.0,0.0,0.0,0.0,0.14557157,0.0,0.0,0.0,0.0,0.0,0.0,0.0,0.9752388,0.0,0.8296753,0.0,0.0,0.0,0.0,0.0,0.0,0.0
ILF3,0.0,0.0,0.0,0.87080836,0.9449798,0.5072514,0.6605679,1.1720519,0.0,0.9238641,0.7733425,0.5950968,0.0,0.0,0.6868571,0.0,0.5499856,0.0,0.0,0.0,0.0,0.0,0.0,0.21110761,0.8230095,0.0,0.0,0.9540639,0.0,0.0,0.0,0.0,0.0,0.0,0.0,0.8101807,0.0,0.0,0.0,0.0,0.0,0.689988
QTRT1,0.0,0.0,0.0,0.0,0.0,0.0,0.0,0.47819397,0.0,0.0,0.0,0.0,0.0,0.0,0.0,0.0,0.0,0.0,0.0,0.0,0.0,0.0,0.0,0.0,0.12957723,0.0,0.0,0.0,0.0,0.0,0.0,0.0,0.0,0.0,0.0,0.0,0.0,0.0,0.0,0.0,0.0,0.0
DNM2,0.0,0.0,0.0,0.0,0.38426512,0.3139043,0.3865379,0.31008708,0.0,0.21446666,0.0,0.5073828,0.0,0.0,0.0,0.0,0.0,0.0,0.0,0.0,0.0,0.0,0.0,0.0,0.5404828,0.0,0.0,0.0,0.0,0.0,0.0,0.0,0.0,0.0,0.0,0.0,0.0,0.0,0.0,0.0,0.0,0.0
C19orf38,0.0,0.0,0.0,0.0,0.0,0.40578204,0.37992248,0.0,0.0,0.0,0.0,0.4254868,0.0,0.0,0.0,0.0,0.0,0.0,0.0,0.0,0.0,0.0,0.9055109,0.0,0.0,0.0,0.0,0.0,0.0,0.0,0.0,0.0,0.0,0.0,0.0,0.0,0.0,0.0,0.0,0.0,0.0,0.0
CARM1,0.0,0.0,0.0,0.0,0.0,0.0,0.0,0.14484286,0.0,0.0,0.0,0.0,0.0,0.0,0.0,0.0,0.0,0.0,0.0,0.0,0.0,0.0,0.0,0.0,0.18984015,0.0,0.0,0.0,0.0,0.0,0.0,0.0,0.0,0.0,0.0,0.0,0.0,0.0,0.0,0.0,0.0,0.0
YIPF2,0.0,0.0,0.0,0.0,0.0,0.0,0.0,0.14261837,0.0,0.0,0.0,0.0,0.0,0.0,0.0,0.0,0.0,0.0,0.0,0.0,0.0,0.0,0.0,0.2366023,0.116415784,0.0,0.0,0.0,0.0,0.0,0.0,0.0,0.0,0.0,0.0,0.0,0.0,0.0,0.0,0.0,0.0,0.0
TIMM29,0.0,0.0,0.0,0.0,0.0,0.0,0.0,0.0,0.0,0.18083665,0.0,0.0,0.0,0.0,0.0,0.0,0.0,0.0,0.0,0.0,0.0,0.0,0.0,0.0,0.07294999,0.0,0.0,0.0,0.0,0.0,0.0,0.0,0.0,0.0,0.0,0.0,0.0,0.0,0.0,0.0,0.0,0.0
SMARCA4,0.0,0.0,0.0,0.0,0.0,0.3556153,0.3384496,0.58007693,0.0,0.5734832,0.0,0.0,0.0,0.0,0.0,0.0,0.0,0.0,0.0,0.0,0.0,0.0,0.0,0.0,0.37698022,0.5162929,0.9045438,0.38130087,0.0,0.0,0.0,0.0,0.0,0.0,0.0,0.0,0.0,0.0,0.0,0.0,0.0,0.0
LDLR,0.0,0.0,0.0,0.44991785,0.0,0.0,0.0,0.0,0.0,0.0,0.0,0.4963503,0.0,0.0,0.0,0.0,0.0,0.0,0.0,0.0,0.0,0.0,0.0,0.0,0.0,0.0,0.0,0.0,0.0,0.0,0.0,0.0,0.0,0.0,0.0,0.0,0.0,0.0,0.0,0.0,0.0,0.0
SPC24,0.0,0.0,0.0,0.0,0.0,0.0,0.0,0.10911779,0.0,0.0,0.0,0.0,0.0,0.0,0.0,0.0,0.0,0.0,0.0,0.0,0.0,0.0,0.0,0.0,0.0,0.0,0.0,0.0,0.0,0.0,0.0,0.0,0.0,0.0,0.0,0.0,0.0,0.0,0.0,0.0,0.0,0.0
TMEM205,0.0,0.0,0.0,0.3204176,0.0,0.0,0.3606974,0.0,0.0,0.0,0.0,0.0,0.0,0.0,0.0,0.0,0.0,0.0,0.0,0.0,0.0,0.0,0.0,0.363334,0.16683619,0.0,0.0,0.2492888,0.0,0.0,0.0,0.0,0.0,0.0,0.0,0.0,0.0,0.0,0.0,0.0,0.0,0.0
EPOR,0.0,0.0,0.0,0.0,0.0,0.0,0.0,0.5710403,0.0,0.0,0.0,0.0,0.0,0.0,0.0,0.0,0.0,0.0,0.0,0.0,0.0,0.0,0.0,0.0,0.0,0.0,0.0,0.0,0.0,0.0,0.0,0.0,0.0,0.0,0.0,0.0,0.0,0.0,0.0,0.0,0.0,0.0
PRKCSH,0.0,0.0,0.0,0.61776304,0.42503905,0.3977822,0.49645084,0.27165872,0.0,0.18083665,0.0,0.0,0.5578004,0.0,0.0,0.0,0.0,0.0,0.0,0.0,0.0,0.0,0.0,0.42779678,0.49838933,0.0,0.0,0.520226,0.0,0.0,0.0,0.0,0.0,0.0,0.0,0.0,0.0,0.0,0.0,0.0,0.0,0.0
ECSIT,0.0,0.0,0.0,0.0,0.0,0.0,0.0,0.26373062,0.0,0.23875955,0.0,0.0,0.0,0.0,0.0,0.0,0.0,0.0,0.0,0.0,0.0,0.0,0.0,0.0,0.0,0.0,0.0,0.0,0.0,0.0,0.0,0.0,0.0,0.0,0.0,0.0,0.0,0.0,0.0,0.0,0.0,0.0
ELOF1,0.0,0.0,0.0,0.0,0.0,0.28305006,0.0,0.35570475,0.0,0.41463724,0.0,0.0,0.0,0.0,0.0,0.0,0.0,0.0,0.0,0.0,0.0,0.0,0.0,0.0,0.18132702,0.0,0.0,0.0,0.0,0.0,0.0,0.0,0.0,0.0,0.0,0.0,0.0,0.0,0.0,0.0,0.0,0.0
ACP5,0.7556761,1.3726877,0.0,0.0,0.0,0.0,0.0,0.0,0.0,0.0,0.0,0.0,0.5578004,0.0,0.0,0.0,0.0,0.0,0.0,0.0,0.0,0.0,0.0,0.0,0.0,0.0,0.0,0.0,0.0,0.0,0.0,0.0,0.0,0.0,0.0,0.0,0.0,0.0,0.0,0.0,0.0,0.0
ZNF791,0.0,0.0,0.0,0.0,0.0,0.0,0.0,0.0,0.0,0.18083665,0.0,0.0,0.0,0.0,0.0,0.0,0.0,0.0,0.0,0.0,0.0,0.0,0.0,0.0,0.0,0.0,0.0,0.0,0.0,0.0,0.0,0.0,0.0,0.0,0.0,0.0,0.0,0.0,0.0,0.0,0.0,0.8739543
MAN2B1,0.0,0.0,0.0,0.5628959,0.0,0.85325944,0.701911,0.0,0.0,0.0,0.0,1.0337517,0.97920024,0.0,0.0,0.0,0.0,0.0,0.0,0.0,0.0,0.0,0.6212312,0.36796427,0.30059022,0.0,0.0,0.0,0.0,0.0,0.0,0.0,0.0,0.0,0.0,0.0,0.0,0.0,0.0,0.0,0.0,1.0545373
WDR83OS,0.90358186,0.0,0.8708688,0.8977143,1.0725894,0.9168612,0.9505911,1.0975468,0.0,0.63124,0.81907105,1.2382755,0.91374826,0.0,0.8421502,0.0,0.8989866,1.0434644,0.7872745,1.042766,1.0262896,0.0,1.1527367,0.572082,0.9676106,0.0,0.0,0.9668869,0.74451566,0.0,0.0,0.90537703,0.0,0.0,0.0,0.0,0.0,0.5271274,0.0,0.0,0.0,0.61914504
DHPS,0.0,0.0,0.0,0.0,0.0,0.37913528,0.29905957,0.0,0.0,0.5482596,0.0,0.0,0.0,0.0,0.7355936,0.0,0.0,0.0,0.0,0.0,0.0,0.0,0.0,0.0,0.29749107,0.0,0.0,0.0,0.0,0.0,0.0,0.0,0.0,0.0,0.0,0.0,0.0,0.0,0.0,0.0,0.0,0.0
TRIR,1.3092604,0.6126078,1.162766,1.2622821,1.4829576,1.083187,1.2681826,1.2625611,0.0,1.3381097,1.2089031,1.0209692,1.1682736,1.1462536,0.7355936,0.9788544,0.95829487,1.3356754,1.2656795,1.295321,1.2469904,1.271466,1.1427755,0.46166694,0.9589876,1.3904854,1.4809945,1.1867795,1.3054955,0.0,1.2287391,1.3191128,1.2584167,1.2249928,1.1819668,1.0850337,1.1777903,1.3703829,1.2456657,1.2034364,0.8953636,1.1717227
GET3,0.0,0.0,0.0,0.0,0.54444295,0.40578204,0.4023233,0.5449409,0.0,0.18155362,0.0,0.5950968,0.0,0.0,0.0,0.0,0.0,0.0,0.0,0.0,0.0,0.0,0.0,0.0,0.44305977,0.0,0.0,0.0,0.0,0.0,0.0,0.0,0.0,0.0,0.0,0.0,0.0,0.0,0.0,0.0,0.0,0.0
JUNB,2.6945899,1.8897898,2.074068,1.7568443,1.9258,2.114477,2.4599113,0.37387848,0.0,1.7194766,2.8951778,2.6160197,2.0440001,3.2540488,2.6541944,2.38288,1.0192751,0.0,2.610836,2.5340374,2.3916922,2.7533472,2.6486874,1.6264238,1.3033898,2.008454,1.4101219,1.2851158,2.595149,2.1015394,3.4913032,2.2097216,3.859155,2.9025166,3.4360955,3.0158165,2.977534,3.5539892,3.029946,3.3531463,3.4807374,0.9143455
PRDX2,0.0,0.0,0.0,0.0,0.95004,0.4165121,0.58423555,3.1541326,0.0,0.6774324,0.0,0.0,0.0,0.87668383,0.0,0.0,0.0,0.0,0.0,0.0,0.0,0.0,0.0,0.88453925,1.3795589,0.9720962,0.0,0.82753134,0.65800595,0.0,0.97154987,0.9695642,1.0304945,0.0,0.9974834,0.9494523,0.9373778,1.02847,0.0,0.9607607,0.0,0.0
RNASEH2A,0.0,0.0,0.0,0.0,0.0,0.0,0.0,0.24865727,0.0,0.0,0.0,0.0,0.0,0.0,0.0,0.0,0.0,0.0,0.0,0.0,0.0,0.0,0.0,0.0,0.0,0.0,0.0,0.0,0.0,0.0,0.0,0.0,0.0,0.0,0.0,0.0,0.0,0.0,0.0,0.0,0.0,0.0
DNASE2,0.0,0.0,0.0,0.0,0.0,0.0,0.0,0.0,0.0,0.0,0.0,0.0,0.0,0.0,0.0,0.0,0.0,0.0,0.0,0.0,0.0,0.0,0.0,0.19078834,0.16634938,0.0,0.0,0.0,0.0,0.0,0.0,0.0,0.0,0.0,0.0,0.0,0.0,0.0,0.0,0.0,0.0,0.0
KLF1,0.0,0.0,0.0,0.0,0.0,0.0,0.0,1.7172766,0.0,0.0,0.0,0.0,0.0,0.0,0.0,0.0,0.0,0.0,0.0,0.0,0.0,0.0,0.0,0.0,0.0,0.0,0.0,0.0,0.0,0.0,0.0,0.0,0.0,0.0,0.0,0.0,0.0,0.0,0.0,0.0,0.0,0.0
GCDH,0.0,0.0,0.0,0.0,0.0,0.0,0.0,0.12609394,0.0,0.18083665,0.0,0.0,0.0,0.0,0.0,0.0,0.0,0.0,0.0,0.0,0.0,0.0,0.0,0.0,0.12564816,0.0,0.0,0.0,0.0,0.0,0.0,0.0,0.0,0.0,0.0,0.0,0.0,0.0,0.0,0.0,0.0,0.0
FARSA,0.0,0.0,0.0,0.0,0.0,0.0,0.0,0.7188798,0.0,0.0,0.0,0.0,0.0,0.0,0.0,0.0,0.0,0.0,0.0,0.0,0.0,0.0,0.0,0.0,0.25475153,0.0,0.0,0.36344093,0.0,0.0,0.0,0.0,0.0,0.0,0.0,0.0,0.0,0.0,0.0,0.0,0.0,0.0
CALR,1.1102121,2.1456003,0.7551675,1.4257216,1.5387014,1.8338006,1.220077,1.5254049,0.0,1.270135,1.2625812,1.5155156,2.1357605,1.126293,0.77814996,1.6062456,1.3492413,0.0,1.0230222,1.3904337,1.2737792,0.98575157,1.1709173,1.5932108,2.4984667,1.0639586,0.0,1.9202967,1.4761438,0.0,0.9466408,1.323445,0.9018383,1.4282955,0.88495684,1.2008989,0.955413,0.94644785,1.2919605,1.1437705,1.1326704,1.4805139
RAD23A,0.0,0.0,0.0,0.7565956,0.8252319,0.86937743,0.6605679,1.2833601,0.0,0.7447709,0.61280143,1.054872,1.141807,0.0,0.77814996,0.0,0.0,0.0,0.0,0.0,0.0,0.0,0.60253155,0.29947463,0.81213003,0.0,0.0,0.5836571,0.0,0.0,0.0,0.0,0.0,0.0,0.0,0.0,0.0,0.0,0.0,0.0,0.0,0.7484751
GADD45GIP1,0.5121089,0.0,0.0,0.58061874,0.53971744,0.4580726,0.6940484,1.474077,0.0,0.57238364,0.0,0.6602513,0.7257168,0.0,0.0,0.0,0.0,0.0,0.0,0.0,0.0,0.0,0.0,0.46213385,1.2174871,0.0,0.0,0.89228666,0.0,0.0,0.0,0.0,0.0,0.0,0.0,0.0,0.0,0.0,0.0,0.0,0.0,0.65632385
LYL1,0.0,0.0,0.0,0.38176364,0.0,0.0,0.38839248,0.6178416,0.0,0.4153542,0.0,0.0,0.0,0.0,0.0,0.0,0.2938045,1.0130687,0.0,0.0,0.0,0.0,0.53447056,0.0,0.0,0.0,0.0,0.8481466,0.0,0.0,0.0,0.0,0.0,0.0,0.0,0.0,0.0,0.0,0.0,0.0,0.0,0.0
TRMT1,0.0,0.0,0.0,0.0,0.0,0.0,0.39040408,0.2509594,0.0,0.0,0.0,0.0,0.44090223,0.0,0.0,0.0,0.0,0.0,0.0,0.0,0.0,0.0,0.0,0.0,0.0,0.0,0.0,0.0,0.0,0.0,0.0,0.0,0.0,0.0,0.0,0.0,0.0,0.0,0.0,0.0,0.0,0.0
STX10,0.0,0.0,0.0,0.0,0.0,0.0,0.42475292,0.25054538,0.0,0.0,0.0,0.0,0.0,0.0,0.0,0.0,0.0,0.0,0.0,0.0,0.0,0.0,0.0,0.0,0.0,0.0,0.0,0.0,0.0,0.0,0.0,0.0,0.0,0.0,0.0,0.0,0.0,0.0,0.0,0.0,0.0,0.0
IER2,1.3092604,0.0,1.6152499,1.7889534,2.2191133,1.2325418,1.6235595,0.15594275,0.0,1.7623365,2.462362,2.4739776,1.141807,2.174096,1.3681959,1.7748777,1.9157099,0.0,1.3243605,2.5269508,2.6738129,1.011967,1.4803938,1.3432627,1.0384866,1.2846699,1.728234,1.3329442,1.7111106,0.0,1.9064779,1.7671883,2.2503195,2.0661764,1.6710577,1.092569,1.1805189,1.8136532,1.9634272,1.9867705,1.7611761,0.90316963
C19orf53,0.7611661,0.0,0.47397888,0.7794583,0.9530568,0.96556866,0.84653664,1.0812428,0.0,0.8787576,0.61280143,0.64906085,0.5578004,1.0330517,1.0902166,0.0,0.0,0.48860794,0.8990643,0.97472525,0.8461226,0.0,0.8146303,0.502152,1.2091119,0.0,0.0,0.66937923,0.77271414,0.0,1.0423498,1.0651662,1.0148737,1.0420563,0.99997467,1.0301472,1.1945362,1.0754282,1.0450912,1.0163338,1.032353,1.0555873
ENSG00000267519,0.0,0.0,1.3758302,1.5856142,0.88851583,0.37093928,0.7961055,0.0,0.0,0.23875955,1.7389795,0.8635058,1.4347595,1.1462536,0.0,0.83699405,1.438524,0.0,0.0,1.1785685,1.423432,0.0,0.55799663,0.19522703,0.0,0.0,0.0,0.81825703,0.63724613,0.0,0.0,0.0,0.0,0.0,0.0,0.0,0.0,0.0,0.0,0.9960812,1.1143222,0.6048703
IL27RA,0.0,0.0,0.0,0.0,0.0,0.0,0.33419082,0.0,0.0,0.0,0.0,0.0,0.0,0.0,0.0,0.0,0.0,0.0,0.0,0.0,0.0,0.0,0.0,0.0,0.0,0.0,0.0,0.0,0.0,0.0,0.0,0.0,0.0,0.0,0.0,0.0,0.0,0.0,0.0,0.0,0.0,0.0
SAMD1,0.0,0.0,0.0,0.0,0.48571932,0.0,0.0,0.0,0.0,0.0,0.0,0.0,0.0,0.0,0.0,0.0,0.0,0.0,0.0,0.0,0.0,0.0,0.0,0.0,0.2261846,0.0,0.0,0.0,0.0,0.0,0.0,0.0,0.0,0.0,0.0,0.0,0.0,0.0,0.0,0.0,0.0,0.0
PRKACA,0.0,0.0,0.0,0.0,0.0,0.0,0.0,0.0,0.0,0.0,0.0,0.0,0.0,0.0,0.0,0.0,0.0,0.0,0.0,0.0,0.0,0.0,0.5499997,0.0,0.0,0.0,0.0,0.0,0.0,0.0,0.0,0.0,0.0,0.0,0.0,0.0,0.0,0.0,0.0,0.0,0.0,0.0
ASF1B,0.0,0.0,0.0,0.0,0.6988709,0.0,0.0,0.10911779,0.0,0.18083665,0.0,0.0,0.0,0.0,0.0,0.0,0.0,0.0,0.0,0.0,0.0,0.0,0.0,0.0,0.16462293,0.0,0.0,0.0,0.0,0.0,0.0,0.0,0.0,0.0,0.0,0.0,0.0,0.0,0.0,0.0,0.0,0.0
ADGRE5,0.8607786,0.0,0.5728118,0.5906788,1.2204542,0.0,0.49283025,0.0,0.0,0.0,0.94255817,0.7063019,1.5547979,1.1496322,0.0,0.0,0.0,0.0,0.0,1.3128235,1.5035721,0.0,1.2961248,0.0,0.20240685,0.0,0.0,0.0,0.7508259,0.0,0.84192467,1.0984124,0.0,1.1531816,0.0,0.0,0.83743984,0.0,1.0905445,1.1008842,1.2259256,0.0
DDX39A,0.0,0.0,0.0,0.7728404,1.2326499,0.0,0.38319385,0.9628453,0.0,1.0013055,0.0,0.5046885,0.0,0.0,0.77814996,0.0,0.0,0.0,0.0,0.0,0.0,0.0,0.0,0.0,1.0880344,0.0,0.0,0.4763025,0.0,0.0,0.0,0.0,0.0,0.0,0.0,0.0,0.0,0.0,0.0,0.0,0.0,0.0
PKN1,0.0,0.0,0.0,0.42329484,0.7181289,0.0,0.5444695,0.0,0.0,0.47256014,0.0,0.0,0.0,0.0,0.0,0.0,0.0,0.0,0.0,0.0,0.0,0.0,0.81361413,0.0,0.20240685,0.0,0.0,0.40709156,0.0,0.0,0.0,0.0,0.0,0.0,0.0,0.0,0.0,0.0,0.0,0.0,0.0,0.0
DNAJB1,0.0,0.0,0.0,0.32469004,0.78428125,0.5072514,0.44790858,0.46831483,0.0,1.05345,1.4086025,0.0,2.7957652,1.9269522,0.0,1.1500452,0.0,0.0,0.0,1.0606396,0.6874498,0.0,0.8423302,0.27917632,0.13148819,0.0,0.0,0.25981367,1.1691918,0.0,1.5684892,1.7535346,1.521642,2.0999658,1.1000142,4.4726305,1.8158045,1.6405498,2.1677318,2.5268564,1.5293832,0.0
TECR,0.0,0.0,0.0,0.6922513,1.0318886,0.68602407,0.64895177,0.7918985,0.0,0.23380059,0.0,0.0,0.5578004,0.0,0.0,0.0,0.0,0.0,0.0,0.0,0.0,0.0,0.0,0.99879956,0.9947131,0.0,0.0,0.81541824,0.69897926,0.0,0.7201499,0.0,0.809613,0.0,0.8195679,0.8885304,0.6272061,0.92023885,0.0,0.0,0.0,0.6660442
NDUFB7,0.0,0.0,0.8105485,1.145588,1.215106,0.5035982,0.8126005,1.1313412,0.0,0.8373678,0.3526248,0.5221987,0.7257168,0.0,0.0,0.0,0.0,0.91769964,0.0,1.0815095,0.0,0.0,0.80864584,0.76035655,1.2700745,0.0,0.0,0.90542907,0.19114219,0.0,0.0,0.990568,0.0,0.0,0.0,0.0,0.0,0.0,0.0,0.0,0.0,0.7700673
ADGRE2,0.0,0.0,0.0,0.0,0.0,0.0,0.33295542,0.0,0.0,0.0,0.0,0.0,0.0,0.0,0.0,0.0,0.0,0.0,0.0,0.0,0.0,0.0,0.9520297,0.0,0.0,0.0,0.0,0.0,0.0,0.0,0.0,0.0,0.0,0.0,0.0,0.0,0.0,0.0,0.0,0.0,0.0,0.0
BRD4,0.470424,0.0,0.57385886,0.79869986,0.7784366,0.52941227,0.77093077,0.6312362,0.0,0.79287326,1.1449375,0.5073828,0.44090223,0.0,1.0902166,0.0,0.56023806,0.0,0.0,0.0,0.7778187,0.0,0.6877537,0.0,0.5146412,0.88528186,0.935398,0.6562835,0.4737544,0.0,0.0,0.0,0.0,0.0,0.0,0.7382381,0.0,0.0,0.0,0.0,0.0,0.8526328
AKAP8L,0.0,0.0,0.0,0.0,0.0,0.0,0.0,0.0,0.0,0.0,0.0,0.0,0.0,0.0,0.0,0.0,0.0,0.0,0.0,0.0,0.0,0.0,0.0,0.0,0.124119386,0.0,0.0,0.0,0.0,0.0,0.0,0.0,0.0,0.0,0.0,0.0,0.0,0.0,0.0,0.0,0.0,0.0
RASAL3,0.0,0.0,0.0,0.0,0.0,0.0,0.0,0.0,0.0,0.0,0.0,0.0,0.0,0.0,0.0,0.0,0.0,0.0,0.0,0.0,0.0,0.0,0.0,0.0,0.12525262,0.0,0.0,0.0,0.0,0.0,0.0,0.0,0.0,0.0,0.0,0.0,0.0,0.0,0.0,0.0,0.0,0.0
TPM4,0.90175134,1.0205148,1.1440327,1.3640103,1.1566272,1.4061946,1.305033,0.0,0.0,1.2909884,0.77548546,1.4597057,1.8454674,0.0,0.0,0.0,1.1778767,3.1440332,0.0,0.0,0.0,0.0,0.62635374,0.82356507,0.9116955,0.0,0.935398,0.58636683,0.40689817,0.0,0.0,0.0,0.0,0.0,0.0,0.0,0.0,0.0,0.0,0.0,0.0,1.0815095
RAB8A,0.0,0.0,0.0,0.5174372,0.8742341,0.55245733,0.62200767,0.31672123,0.0,1.1141356,0.0,0.5367148,0.0,0.0,0.0,0.0,0.0,1.4472177,0.0,0.0,0.0,0.0,0.64202964,0.2323661,0.8286846,0.0,0.0,0.39074832,0.0,0.0,0.0,0.0,0.0,0.0,0.0,0.0,0.0,0.0,0.0,0.0,0.0,0.640251
HSH2D,0.0,0.0,0.0,0.0,0.75352734,0.28412688,0.0,0.0,0.0,0.0,0.9013167,0.0,0.0,0.0,0.0,0.0,0.4638785,0.0,0.0,1.0301472,0.9408004,0.0,0.0,0.4292449,0.42509595,0.0,0.0,0.0,0.3720317,0.0,0.0,0.0,0.0,0.0,0.0,0.0,0.0,0.0,0.0,0.0,0.0,0.0
FAM32A,0.0,0.0,0.0,0.0,0.44266105,0.0,0.3259039,0.35587108,0.0,0.23875955,0.0,0.0,0.0,0.0,0.0,0.0,0.0,0.0,0.0,0.0,0.0,0.0,0.4744839,0.0,0.24736819,0.0,0.0,0.0,0.0,0.0,0.0,0.0,0.0,0.0,0.0,0.0,0.0,0.0,0.0,0.0,0.0,0.0
AP1M1,0.0,0.0,0.0,0.0,0.68442804,0.0,0.0,0.15994428,0.0,0.23380059,0.0,0.0,0.0,0.0,0.0,0.0,0.0,0.0,0.0,0.0,0.0,0.0,0.0,0.0,0.0,0.0,0.0,0.0,0.0,0.0,0.0,0.0,0.0,0.0,0.0,0.0,0.0,0.0,0.0,0.0,0.0,0.0
KLF2,2.3963382,0.0,0.930038,0.7018148,1.792388,0.0,0.42777815,0.0,0.0,0.70207095,1.9016483,1.0209692,2.097768,1.9302186,3.0998185,1.4441997,0.0,0.0,2.573071,2.0224295,1.56089,2.8131132,1.8511279,1.1945789,1.1341748,2.2272916,1.5607154,0.0,2.2370358,1.8672471,2.2922113,2.1797285,1.7291868,1.8465766,2.0870514,3.0836296,2.6518302,2.0777516,2.042263,1.999987,0.0,0.0
EPS15L1,0.0,0.0,0.0,0.0,0.0,0.0,0.0,0.21933657,0.0,0.18155362,0.0,0.0,0.0,0.0,0.0,0.0,0.0,0.0,0.0,0.0,0.0,0.0,0.0,0.0,0.0,0.0,0.0,0.0,0.0,0.0,0.0,0.0,0.0,0.0,0.0,0.0,0.0,0.0,0.0,0.0,0.0,0.0
SLC35E1,0.0,0.0,0.0,0.0,0.0,0.0,0.0,0.0,0.0,0.0,0.0,0.0,0.0,0.0,0.0,0.0,0.0,0.0,0.0,0.0,0.0,0.0,0.0,0.0,0.13528542,0.0,0.0,0.0,0.0,0.0,0.0,0.0,0.0,0.0,0.0,0.0,0.0,0.0,0.0,0.0,0.0,0.4175778
SMIM7,0.0,0.0,0.0,0.0,0.57788193,0.0,0.42777815,0.2852365,0.0,0.18155362,0.0,0.0,0.0,0.0,0.0,0.0,0.0,0.0,0.0,0.0,0.0,0.0,0.0,0.14266728,0.4464751,0.0,0.0,0.26418835,0.0,0.0,0.0,0.0,0.0,0.0,0.0,0.0,0.0,0.0,0.0,0.0,0.0,0.5685523
HAUS8,0.0,0.0,0.0,0.0,0.0,0.0,0.0,0.0,0.0,0.18083665,0.0,0.0,0.0,0.0,0.0,0.0,0.0,0.0,0.0,0.0,0.0,0.0,0.0,0.0,0.0,0.0,0.0,0.0,0.0,0.0,0.0,0.0,0.0,0.0,0.0,0.0,0.0,0.0,0.0,0.0,0.0,0.0
MYO9B,0.6262727,0.0,0.6409435,0.32834965,0.42870983,0.6968005,0.42581785,0.0,0.0,0.41935268,0.0,1.0337517,0.97920024,0.0,0.0,0.0,0.0,0.0,0.0,0.0,0.0,0.0,0.8915062,0.0,0.12226113,0.0,0.0,0.0,0.0,0.0,0.0,0.0,0.0,0.0,0.0,0.0,0.0,0.0,0.0,0.0,0.0,0.0
USE1,0.0,0.0,0.0,0.0,0.0,0.0,0.0,0.14261837,0.0,0.18083665,0.0,0.0,0.0,0.0,0.0,0.0,0.0,0.0,0.0,0.0,0.0,0.0,0.0,0.0,0.13528816,0.0,0.0,0.0,0.0,0.0,0.0,0.0,0.0,0.0,0.0,0.0,0.0,0.0,0.0,0.0,0.0,0.0
BABAM1,0.0,0.0,0.0,0.0,0.46308506,0.37521976,0.40317827,0.5093986,0.0,0.4532262,0.0,0.0,0.0,0.0,0.0,0.0,0.0,0.0,0.0,0.0,0.0,0.0,0.0,0.0,0.36087945,0.0,0.0,0.21466477,0.0,0.0,0.0,0.0,0.0,0.0,0.0,0.0,0.0,0.0,0.0,0.0,0.0,0.0
ANKLE1,0.0,0.0,0.0,0.0,0.0,0.0,0.0,0.10066527,0.0,0.0,0.0,0.0,0.0,0.0,0.0,0.0,0.0,0.0,0.0,0.0,0.0,0.0,0.0,0.0,0.0,0.0,0.0,0.0,0.0,0.0,0.0,0.0,0.0,0.0,0.0,0.0,0.0,0.0,0.0,0.0,0.0,0.0
MRPL34,0.0,0.0,0.0,0.0,0.55697346,0.0,0.35118595,0.6642883,0.0,0.18083665,0.0,0.0,0.0,0.0,0.0,0.0,0.0,0.0,0.0,0.0,0.0,0.0,0.0,0.2335025,0.6276942,0.0,0.0,0.0,0.0,0.0,0.0,0.0,0.0,0.0,0.0,0.0,0.0,0.0,0.0,0.0,0.0,0.0
DDA1,0.0,0.0,0.0,0.0,0.0,0.0,0.0,0.0,0.0,0.21446666,0.0,0.0,0.0,0.0,0.0,0.0,0.0,0.0,0.0,0.0,0.0,0.0,0.0,0.0,0.23085202,0.0,0.0,0.0,0.0,0.0,0.0,0.0,0.0,0.0,0.0,0.0,0.0,0.0,0.0,0.0,0.0,0.0
BST2,0.0,0.0,0.636575,0.7890858,0.78897184,0.9467374,0.7270398,0.0,0.0,0.81770027,0.6301467,0.79289067,0.91374826,0.0,0.0,0.0,0.5724597,0.0,0.0,0.0,0.93794525,0.0,0.8768887,0.7364719,0.8776515,0.0,0.0,0.66978216,0.0,0.0,0.0,0.0,0.0,0.0,0.0,0.0,0.0,0.0,0.0,0.0,0.0,0.78609896
PGLS,0.0,0.0,1.0026433,1.0923023,0.71297026,1.4445434,1.2027841,0.4396022,0.0,0.6531533,0.77548546,0.64906085,0.5578004,0.0,0.0,0.0,0.0,0.0,0.0,0.0,0.0,0.0,1.2069293,0.0,0.15287328,0.0,0.0,0.93230647,0.0,0.0,0.0,0.0,0.0,0.0,0.0,0.0,0.0,0.0,0.0,0.0,0.0,1.0906931
NIBAN3,0.0,0.0,0.0,0.0,0.0,0.0,0.0,0.0,0.0,0.44826725,0.0,0.0,0.0,0.0,0.9916867,0.0,0.0,0.0,0.6437423,0.0,0.0,1.4161198,0.0,0.0,0.0,2.6619973,1.2286537,0.0,0.0,0.0,0.0,0.0,0.0,0.0,0.0,0.0,0.0,0.0,0.0,0.0,0.0,1.3356917
COLGALT1,0.0,0.0,0.0,0.34757507,0.0,0.0,0.0,0.0,0.0,0.0,0.0,0.0,0.97920024,0.0,0.0,0.0,0.0,0.0,0.0,0.0,0.0,0.0,0.0,0.0,0.0,0.0,0.0,0.0,0.0,0.0,0.0,0.0,0.0,0.0,0.0,0.0,0.0,0.0,0.0,0.0,0.0,0.0
FCHO1,0.0,0.0,0.0,0.0,0.0,0.3828968,0.0,0.0,0.0,0.0,0.0,0.0,0.0,0.0,0.0,0.0,0.0,0.0,0.0,0.0,0.0,0.0,0.0,0.0,0.0,0.0,0.0,0.0,0.0,0.0,0.0,0.0,0.0,0.0,0.0,0.0,0.0,0.0,0.0,0.0,0.0,0.0
JAK3,0.0,0.0,0.0,0.0,0.0,0.0,0.42818734,0.0,0.0,0.0,0.0,0.0,0.0,0.0,0.0,0.0,0.0,0.0,0.0,0.0,0.0,0.0,0.0,0.0,0.0,0.0,0.0,0.0,0.0,0.0,0.0,0.0,0.0,0.0,0.0,0.9482466,0.0,0.0,0.0,0.0,0.0,0.0
RPL18A,3.9813008,2.908395,3.086278,3.2668824,2.9009929,3.8117352,3.650708,3.821471,2.938147,3.5140576,3.3621094,3.02058,3.463237,3.628567,4.0121374,3.5788717,3.2418447,2.5271773,3.9187756,3.0235586,3.3941884,4.237128,3.3303614,2.6324477,3.398715,3.4713955,3.3676822,3.848423,3.5492828,1.9204623,4.001516,3.4676857,3.7347367,3.3774571,4.114585,3.9212592,3.9772258,3.8391862,3.4146519,3.5640335,3.508754,3.5142155
CCDC124,0.0,0.0,0.0,0.0,0.5043608,0.38905048,0.3664031,0.75810915,0.0,0.4532262,0.0,0.0,0.7257168,0.0,0.0,0.0,0.0,0.0,0.0,0.0,0.0,0.0,0.0,0.0,0.5518554,0.0,0.0,0.23515843,0.0,0.0,0.0,0.0,0.0,0.0,0.0,0.0,0.0,0.0,0.0,0.0,0.0,0.0
ARRDC2,0.0,0.0,0.0,0.0,0.0,0.0,0.0,0.0,0.0,0.0,0.0,0.0,0.0,0.0,0.0,0.0,0.0,0.0,0.0,0.0,0.0,0.0,0.0,0.0,0.0,1.160539,0.0,0.0,0.0,0.0,0.0,0.0,0.0,0.0,0.0,0.0,0.0,0.0,0.0,0.0,0.0,0.0
PIK3R2,0.0,0.0,0.0,0.0,0.0,0.0,0.0,0.1118909,0.0,0.0,0.0,0.0,0.0,0.0,0.0,0.0,0.0,0.0,0.0,0.0,0.0,0.0,0.0,0.0,0.0,0.0,0.0,0.0,0.0,0.0,0.0,0.0,0.0,0.0,0.0,0.0,0.0,0.0,0.0,0.0,0.0,0.0
IFI30,1.3252004,3.4148295,2.487466,1.7628683,0.0,1.1966588,3.0367253,0.0,2.7644453,0.0,0.0,3.5925362,3.5863156,0.0,0.0,1.9209595,0.0,0.0,0.0,0.0,0.0,0.0,3.705246,0.363334,0.9853891,0.0,0.0,0.0,0.0,0.0,0.0,0.0,0.0,0.0,0.0,0.0,0.0,0.0,0.0,0.0,0.0,0.0
JUND,1.6573483,2.392656,2.091848,2.119154,2.4328995,1.2325418,2.260832,0.46045524,0.0,1.3176527,3.5911741,2.131167,1.4347595,3.16832,3.6670618,2.9343588,2.9746733,0.0,2.8222709,2.9969802,3.2616425,3.7197244,2.1069136,1.3568634,1.1310372,3.6365924,2.5544903,2.1948287,2.3581924,2.0965147,2.8996277,2.2684476,3.21926,2.7973268,2.976466,3.6337535,2.815447,2.995851,2.7611454,3.3062649,3.3446674,2.7431574
LSM4,0.0,0.0,0.0,0.95000756,1.1525972,0.69288063,0.66448283,1.1606543,0.0,0.9850838,0.0,0.47305363,0.0,0.0,0.0,0.0,0.0,0.0,0.0,0.0,0.0,0.0,0.45731604,0.0,0.81422555,0.0,0.0,0.81765527,0.0,0.0,0.0,0.0,0.0,0.0,0.0,0.0,0.0,0.0,0.0,0.0,0.0,0.7918
LRRC25,0.0,0.0,0.0,0.0,0.0,0.0,0.51181424,0.0,0.0,0.0,0.0,0.0,0.0,0.0,0.0,0.0,0.0,0.0,0.0,0.0,0.0,0.0,1.2481394,0.0,0.0,0.0,0.0,0.0,0.0,0.0,0.0,0.0,0.0,0.0,0.0,0.0,0.0,0.0,0.0,0.0,0.0,0.0
SSBP4,0.0,0.0,0.0,0.0,0.63704693,0.37521976,0.40982887,0.0,0.0,0.0,0.0,0.0,0.0,0.0,0.0,0.0,0.0,0.0,0.0,0.0,0.0,0.0,0.0,0.0,0.0,0.0,0.0,0.42368436,0.0,0.0,0.0,0.0,0.0,0.0,0.0,0.0,0.0,0.0,0.0,0.0,0.0,0.0
ISYNA1,0.0,0.0,0.0,0.0,0.0,0.0,0.0,0.1340009,0.0,0.0,0.0,0.0,0.0,0.0,0.0,0.0,0.0,0.0,0.0,0.0,0.0,0.0,0.0,0.0,0.0,0.0,0.0,0.0,0.0,0.0,0.0,0.0,0.0,0.0,0.0,0.0,0.0,0.0,0.0,0.0,0.0,0.0
ELL,0.0,0.0,0.0,0.0,0.0,0.0,0.0,0.0,0.0,0.0,0.0,0.0,0.0,0.0,0.0,0.0,0.0,0.0,0.0,0.0,0.0,0.0,0.0,0.0,0.1720261,0.0,0.0,0.0,0.0,0.0,0.0,0.0,0.0,0.0,0.0,0.0,0.0,0.0,0.0,0.0,0.0,0.0
FKBP8,0.7611661,0.0,0.66277003,0.6608472,0.83684725,1.0828639,0.8347239,1.1548412,0.0,0.31335935,0.67302287,0.7784047,0.7458428,0.0,0.0,0.0,0.0,1.0953593,0.0,0.0,0.0,0.0,0.9486985,0.38830087,0.71230805,0.0,0.99275464,0.6594279,0.24612427,0.0,0.7348021,0.0,0.79209673,0.0,0.0,0.751835,0.0,0.9132119,0.0,0.94203264,0.0,0.58529127
KXD1,0.0,0.0,0.0,0.0,0.0,0.0,0.40476632,0.6417379,0.0,0.0,0.0,0.0,0.0,0.0,0.0,0.0,0.0,0.0,0.0,0.0,0.0,0.0,0.0,0.0,0.35774535,0.0,0.0,0.0,0.0,0.0,0.0,0.0,0.0,0.0,0.0,0.0,0.0,0.0,0.0,0.0,0.0,0.0
UBA52,2.857913,2.825973,3.0109854,3.0645509,2.5838282,2.970423,3.0925894,2.7481716,2.5746756,2.3598847,2.6285357,2.798814,2.395525,2.7914808,2.9264681,2.9193091,2.749936,2.2020478,2.8864093,2.588532,2.6740184,2.8735683,2.830737,1.5650609,2.6489806,2.1565797,2.5405617,2.9782448,2.6748137,0.0,3.1277316,2.7682052,3.0432987,2.7048545,3.2492113,2.8816094,3.0784814,2.9795094,2.7365847,2.8001068,2.8212473,2.9057226
REX1BD,0.7556761,0.0,0.0,0.62950695,0.7293258,0.8514719,0.6831736,0.7222678,0.0,0.0,0.9013167,0.5046885,0.7257168,0.93342704,0.6868571,0.0,0.0,0.0,0.61515677,0.0,0.7817006,0.0,0.6421424,0.56913036,0.4938859,0.0,0.0,0.6889138,0.0,0.0,0.84615666,0.8184693,0.90691435,0.9412799,0.87464124,0.0,0.83743984,0.6165049,0.979581,0.8933126,0.99532795,0.65436447
UPF1,0.0,0.0,0.0,0.0,0.0,0.0,0.0,0.0,0.0,0.0,0.0,0.0,0.0,0.0,0.0,0.0,0.0,0.0,0.0,0.0,0.0,0.0,0.0,0.0,0.13803001,0.0,0.0,0.0,0.0,0.0,0.0,0.0,0.0,0.0,0.0,0.0,0.0,0.0,0.0,0.0,0.0,0.0
COPE,0.845777,0.0,0.98569894,1.285267,1.357024,0.9853937,1.1327775,0.982081,0.0,1.3518319,0.5784484,1.2880964,0.97920024,0.0,1.0902166,0.0,1.0908178,1.1680459,0.0,1.1092579,0.88646436,0.0,1.0720882,1.0497756,1.8345371,0.0,0.0,0.9857744,0.0,0.0,0.79561603,0.9742624,0.0,0.8600511,0.0,0.0,0.6511181,0.90244776,0.8211333,0.9573862,0.0,1.3064947
DDX49,0.0,0.0,0.0,0.0,0.0,0.0,0.0,0.16928208,0.0,0.0,0.0,0.0,0.0,0.0,0.0,0.0,0.0,0.0,0.0,0.0,0.0,0.0,0.0,0.0,0.33412886,0.0,0.0,0.0,0.0,0.0,0.0,0.0,0.0,0.0,0.0,0.0,0.0,0.0,0.0,0.0,0.0,0.0
SUGP2,0.0,0.0,0.0,0.23295361,0.5720893,0.0,0.3689735,0.0,0.0,0.23380059,0.0,0.0,0.0,0.0,0.0,0.0,0.0,0.0,0.0,0.0,0.0,0.0,0.0,0.0,0.1409382,0.0,0.0,0.32881522,0.0,0.0,0.0,0.0,0.0,0.0,0.0,0.0,0.0,0.0,0.0,0.0,0.0,0.0
ARMC6,0.0,0.0,0.0,0.0,0.0,0.0,0.0,0.21152893,0.0,0.0,0.0,0.0,0.0,0.0,0.0,0.0,0.0,0.0,0.0,0.0,0.0,0.0,0.0,0.0,0.0,0.0,0.0,0.0,0.0,0.0,0.0,0.0,0.0,0.0,0.0,0.0,0.0,0.0,0.0,0.0,0.0,0.0
BORCS8,0.0,0.0,0.0,0.0,0.0,0.0,0.0,0.0,0.0,0.0,0.0,0.0,0.0,0.0,0.0,0.0,0.0,0.0,0.0,0.0,0.0,0.0,0.0,0.0,0.13101205,0.0,0.0,0.0,0.0,0.0,0.0,0.0,0.0,0.0,0.0,0.0,0.0,0.0,0.0,0.0,0.0,0.0
RFXANK,0.0,0.0,0.0,0.0,0.0,0.0,0.0,0.27731404,0.0,0.44826725,0.0,0.0,0.5578004,0.0,0.0,0.0,0.0,0.0,0.0,0.0,0.0,0.0,0.0,0.0,0.2355887,0.0,0.0,0.0,0.0,0.0,0.0,0.0,0.0,0.0,0.0,0.0,0.0,0.0,0.0,0.0,0.0,0.0
GATAD2A,0.0,0.0,0.0,0.0,0.0,0.0,0.0,0.21364279,0.0,0.0,0.0,0.0,0.0,0.0,0.0,0.0,0.0,0.0,0.0,0.0,0.0,0.0,0.0,0.0,0.0,0.0,0.0,0.0,0.0,0.0,0.0,0.0,0.0,0.0,0.0,0.0,0.0,0.0,0.0,0.0,0.0,0.0
NDUFA13,1.1365354,1.085649,1.288144,1.5480831,1.5080304,1.3381929,1.4711848,1.4995049,1.6890934,1.1784444,1.2911952,1.5567153,1.3272191,1.0468875,0.77814996,1.3796563,1.2439892,1.2582593,1.1117207,1.2889053,1.2339792,0.0,1.431746,1.0984669,1.797846,0.5167008,1.2286537,1.5909284,1.1974427,0.0,1.0416372,1.2302799,1.0726368,1.1613321,0.991047,0.90110135,0.97730136,1.1632196,1.1969489,1.0595298,0.0,1.1865742
GMIP,0.0,0.0,0.0,0.0,0.0,0.38395348,0.0,0.0,0.0,0.0,0.0,0.0,0.0,0.0,0.0,0.0,0.0,0.0,0.0,0.0,0.0,0.0,0.0,0.0,0.0,0.0,0.0,0.0,0.0,0.0,0.0,0.0,0.0,0.0,0.0,0.0,0.0,0.0,0.0,0.0,0.0,0.0
ATP13A1,0.0,0.0,0.0,0.0,0.0,0.0,0.0,0.0,0.0,0.0,0.0,0.0,0.0,0.0,0.0,0.0,0.0,0.0,0.0,0.0,0.0,0.0,0.0,0.0,0.24427398,0.0,0.0,0.0,0.0,0.0,0.0,0.0,0.0,0.0,0.0,0.0,0.0,0.0,0.0,0.0,0.0,0.0
ZNF714,0.0,0.0,0.0,0.0,0.0,0.0,0.0,0.0,0.0,0.23380059,0.0,0.0,0.0,0.0,0.0,0.0,0.0,0.0,0.0,0.0,0.0,0.0,0.0,0.0,0.0,0.0,0.0,0.0,0.0,0.0,0.0,0.0,0.0,0.0,0.0,0.0,0.0,0.0,0.0,0.0,0.0,0.0
UQCRFS1,0.58264226,0.0,0.63565433,0.86899614,0.89344066,0.6838616,0.82669866,1.1918148,0.0,0.6770393,0.0,1.0209692,0.0,0.0,0.0,0.0,0.5058321,0.64358735,0.0,0.0,0.0,0.0,0.87820363,0.29114863,0.9606042,1.3269093,0.935398,0.9685429,0.0,0.0,0.0,0.0,0.0,0.0,0.7645864,0.0,0.0,0.8798082,0.0,0.0,0.0,0.7594529
POP4,0.0,0.0,0.0,0.0,0.0,0.0,0.0,0.18598387,0.0,0.3953033,0.0,0.0,0.0,0.0,0.0,0.0,0.0,0.0,0.0,0.0,0.0,0.0,0.0,0.0,0.21339111,0.0,0.0,0.0,0.0,0.0,0.0,0.0,0.0,0.0,0.0,0.0,0.0,0.0,0.0,0.0,0.0,0.0
CCNE1,0.0,0.0,0.0,0.0,0.0,0.0,0.0,0.41633618,0.0,0.0,0.0,0.0,0.0,0.0,0.0,0.0,0.0,0.0,0.0,0.0,0.0,0.0,0.0,0.0,0.0,0.0,0.0,0.0,0.0,0.0,0.0,0.0,0.0,0.0,0.0,0.0,0.0,0.0,0.0,0.0,0.0,0.0
URI1,0.0,0.0,0.0,0.0,0.5507878,0.34146005,0.0,0.22968036,0.0,0.0,0.392094,0.0,0.0,0.0,0.0,0.0,0.0,0.0,0.0,0.0,0.0,0.0,0.0,0.0,0.30612123,0.0,0.0,0.49750423,0.0,0.0,0.0,0.0,0.0,0.0,0.0,0.0,0.0,0.0,0.0,0.0,0.0,0.0
PDCD5,0.0,0.0,0.0,0.0,0.6321247,0.3977822,0.5132103,0.45072636,0.0,0.0,0.0,0.0,0.0,0.0,0.0,0.0,0.0,0.0,0.0,0.0,0.0,0.0,0.0,0.26374462,1.1578918,0.0,0.0,0.58845615,0.0,0.0,0.0,0.0,0.0,0.0,0.0,0.0,0.0,0.0,0.0,0.0,0.0,0.0
CEBPA,0.0,0.0,0.0,0.3431051,0.0,0.0,0.0,0.0,0.0,0.0,0.0,0.0,0.0,0.0,0.0,0.0,0.28877765,0.0,0.0,0.0,0.0,0.0,0.0,0.0,0.0,0.0,0.0,0.0,0.0,0.0,0.0,0.0,0.0,0.0,0.0,0.0,0.0,0.0,0.0,0.0,0.0,0.0
CEBPG,0.0,0.0,0.0,0.0,0.0,0.0,0.0,0.0,0.0,0.0,0.0,0.0,0.0,0.0,0.0,0.0,0.0,0.0,0.0,0.0,0.0,0.0,0.0,0.0,0.12564816,0.0,0.0,0.0,0.0,0.0,0.0,0.0,0.0,0.0,0.0,0.0,0.0,0.0,0.0,0.0,0.0,0.0
PEPD,0.0,0.0,0.0,0.0,0.0,0.0,0.0,0.0,0.0,0.0,0.0,0.0,0.7458428,0.0,0.0,0.0,0.0,0.0,0.0,0.0,0.0,0.0,0.0,0.0,0.0,0.0,0.0,0.0,0.0,0.0,0.0,0.0,0.0,0.0,0.0,0.0,0.0,0.0,0.0,0.0,0.0,0.0
LSM14A,0.8607786,0.0,0.0,0.49077153,0.7110404,0.65910083,0.4579872,0.5660991,0.0,0.44057786,0.0,0.0,0.0,0.0,0.77814996,0.0,0.0,0.3496892,0.0,0.0,0.0,0.0,0.0,0.0,0.4555881,0.0,0.0,0.40920815,0.0,0.0,0.0,0.0,0.0,0.0,0.0,0.0,0.0,0.0,0.0,0.0,0.0,0.45290697
GPI,0.0,0.0,0.0,0.6622701,0.0,0.5035982,0.41995525,0.5567965,0.0,0.44826725,0.0,0.84672683,1.1682736,0.0,0.0,0.0,0.5545063,0.7185284,0.0,0.0,0.0,0.0,0.63495976,0.0,0.583832,0.0,0.0,0.8684546,0.0,0.0,0.0,0.0,0.0,0.0,0.0,0.0,0.0,0.0,0.0,0.0,0.0,0.0
UBA2,0.0,0.0,0.0,0.31129384,0.6467354,0.34115425,0.37851083,0.832271,0.0,0.62781835,0.0,0.0,0.0,0.0,0.0,0.0,0.0,0.0,0.0,0.0,0.0,0.0,0.0,0.0,0.44637376,0.0,0.0,0.45441628,0.0,0.0,0.0,0.0,0.0,0.0,0.0,0.0,0.0,0.0,0.0,0.0,0.0,0.0
ZNF302,0.0,0.0,0.0,0.0,0.0,0.0,0.0,0.0,0.0,0.36239028,0.0,0.0,0.0,0.0,0.0,0.0,0.0,0.0,0.0,0.0,0.0,0.0,0.0,0.0,0.0,0.0,0.0,0.0,0.0,0.0,0.0,0.0,0.0,0.0,0.0,0.0,0.0,0.0,0.0,0.0,0.0,0.0
GRAMD1A,0.0,0.0,0.0,0.0,0.0,0.0,0.0,0.0,0.0,0.36239028,0.48630244,0.0,0.0,0.0,0.0,0.0,0.0,0.0,0.0,0.0,0.0,0.0,0.0,0.0,0.0,0.0,0.0,0.0,0.0,0.0,0.0,0.0,0.0,0.0,0.0,0.0,0.0,0.0,0.0,0.0,0.0,0.0
FXYD5,1.3673235,1.2975402,1.4941895,1.6030684,1.5161535,1.2459302,1.8307776,0.24087992,0.0,0.7130445,2.330524,1.4383113,1.5203841,1.639545,1.5993547,1.6872977,1.7412062,1.8034186,1.4179549,1.444234,1.6672561,1.4985597,1.7029612,0.5703242,1.0198019,0.0,1.4311959,1.5298469,1.4387884,0.0,2.1105702,1.1667104,1.8386761,1.2597711,1.9098105,1.9658237,1.6653553,2.0036418,1.193414,1.8735178,1.2524059,1.5038897
USF2,0.0,0.0,0.0,0.0,0.5460007,0.329874,0.5621453,0.13638774,0.0,0.0,0.0,0.64906085,0.44090223,0.0,0.0,0.0,0.0,0.0,0.0,0.0,0.0,0.0,0.45411283,0.0,0.15884948,0.0,0.0,0.0,0.0,0.0,0.0,0.0,0.0,0.0,0.0,0.0,0.0,0.0,0.0,0.0,0.0,1.1335342
CD22,0.958277,0.0,0.0,0.0,0.0,0.0,0.0,0.0,0.0,0.0,0.0,0.0,0.0,0.0,0.6868571,0.0,0.0,0.0,0.83773756,0.0,0.0,1.1236238,0.0,0.0,0.0,0.0,0.0,0.0,0.0,0.0,0.0,0.0,0.0,0.0,0.0,0.0,0.0,0.0,0.0,0.0,0.0,0.0
TMEM147,0.0,0.0,0.0,0.0,0.0,0.442071,0.49472123,0.46744537,0.0,0.0,0.0,0.7063019,0.0,0.0,0.0,0.0,0.0,0.0,0.0,0.0,0.0,0.0,0.4070683,0.48714808,0.68230146,0.0,0.0,0.46793923,0.0,0.0,0.0,0.0,0.0,0.0,0.0,0.0,0.0,0.0,0.0,0.0,0.0,0.33213806
RBM42,0.0,0.0,0.0,0.0,0.44095218,0.37967432,0.41995525,0.39559793,0.0,0.5471599,0.0,0.0,0.0,0.0,0.0,0.0,0.0,0.0,0.0,0.0,0.0,0.0,0.0,0.0,0.38135964,0.0,0.0,0.0,0.0,0.0,0.0,0.0,0.0,0.0,0.0,0.0,0.0,0.0,0.0,0.0,0.0,0.0
COX6B1,1.2390066,1.3758222,1.5977545,1.6771545,1.6720927,1.5365978,1.6702168,1.6344879,1.6798191,1.6902435,1.0021521,1.665819,1.5547979,1.0999475,1.3148127,1.5733194,1.3592608,1.725941,1.1152186,1.3693979,1.1521226,0.0,1.8474972,0.9645628,1.9344736,0.5433772,1.3886238,1.7064879,1.2103231,0.0,1.2780595,1.2928227,1.1258705,1.1472801,1.210293,1.0786839,1.1469862,1.285677,1.2037628,1.1793478,1.2524059,1.5055254
KMT2B,0.0,0.0,0.0,0.0,0.0,0.0,0.0,0.0,0.0,0.18083665,0.0,0.0,0.0,0.0,0.0,0.0,0.0,0.0,0.0,0.0,0.0,0.0,0.0,0.0,0.13803001,0.0,0.0,0.0,0.0,0.0,0.0,0.0,0.0,0.0,0.0,0.0,0.0,0.0,0.0,0.0,0.0,0.0
IGFLR1,0.6535427,0.0,0.0,0.2500443,0.0,0.8047989,0.742913,0.0,0.0,0.0,0.0,0.0,0.7257168,0.0,0.0,0.0,0.0,0.0,0.0,0.0,0.0,0.0,0.0,0.0,0.0,0.0,0.0,0.0,0.0,0.0,0.0,0.0,0.0,0.0,0.0,0.0,0.0,0.0,0.0,0.0,0.0,1.4470085
PSENEN,0.0,0.0,0.0,0.0,0.0,0.40578204,0.367315,0.17784457,0.0,0.4532262,0.0,0.0,0.5578004,0.0,0.0,0.0,0.0,0.0,0.0,0.0,0.0,0.0,0.0,0.25724223,0.20875011,0.0,0.0,0.0,0.0,0.0,0.0,0.0,0.0,0.0,0.0,0.0,0.0,0.0,0.0,0.0,0.0,0.15234855
NFKBID,0.0,0.0,0.0,0.0,0.0,0.0,0.0,0.0,0.0,0.6587094,0.0,0.0,0.0,0.0,0.0,0.0,0.0,0.0,0.0,0.0,0.0,0.0,0.0,0.0,0.0,0.0,0.0,0.0,0.0,0.0,0.0,0.0,0.0,0.0,0.0,0.0,0.0,0.0,0.0,0.0,0.0,0.0
HCST,0.0,0.0,1.3583285,1.2231772,1.847738,0.0,0.8982003,0.0,0.0,0.18083665,0.0,1.6025404,1.5203841,2.1275918,0.0,1.4894633,0.0,0.22892436,0.0,2.4209378,2.3312504,0.0,1.2559056,0.0,0.30059022,0.0,0.0,0.51593506,1.0763776,0.0,1.3788779,2.5519862,1.345289,2.5203133,1.3335439,1.0663898,1.6831717,1.4478118,2.4379303,1.8244374,1.7155915,1.4321053
TYROBP,0.0,2.721097,2.7983313,1.9528947,1.8563728,0.0,2.3637571,0.0,3.1904202,0.0,1.2572453,3.575773,3.387499,0.0,0.0,2.210851,1.1668799,0.0,0.0,2.451281,2.4668553,0.0,3.4446993,0.0,0.0,0.0,0.0,0.0,0.0,0.0,0.0,0.0,0.0,0.0,0.0,0.0,0.0,0.0,0.0,0.0,0.0,2.0276442
POLR2I,0.0,0.0,0.0,0.0,0.0,0.0,0.3044914,0.90218645,0.0,0.7432592,0.0,0.0,0.5578004,0.0,0.0,0.0,0.0,0.0,0.0,0.0,0.0,0.0,0.0,0.14963485,0.63233787,0.0,0.0,0.57021064,0.0,0.0,0.0,0.0,0.0,0.0,0.0,0.0,0.0,0.0,0.0,0.0,0.0,0.0
TBCB,0.0,0.0,0.0,0.37467957,0.7887091,0.70080924,0.6646203,0.0,0.0,0.18155362,0.0,0.4963503,0.0,0.0,0.0,0.0,0.0,0.56774884,0.0,0.0,0.0,0.0,0.72185963,0.0,0.3891578,0.0,0.0,0.23883358,0.0,0.0,0.0,0.0,0.0,0.0,0.0,0.0,0.0,0.0,0.0,0.0,0.0,0.72009695
CAPNS1,0.0,0.0,1.1119891,1.1014125,0.9049839,0.5955348,1.0838337,0.3355434,0.0,0.23875955,0.0,1.1174961,0.0,0.0,0.7355936,0.0,0.0,0.0,0.0,0.7364435,0.0,0.0,1.3171172,0.0,0.53139937,0.0,0.0,0.79355377,0.0,0.0,0.0,0.0,0.0,0.0,0.0,0.0,0.0,0.0,0.0,0.0,0.0,0.77733064
ZNF146,0.0,0.0,0.0,0.0,0.0,0.0,0.0,0.24865727,0.0,0.0,0.0,0.0,0.0,0.0,0.0,0.0,0.0,0.0,0.0,0.0,0.0,0.0,0.0,0.0,0.0,0.0,0.0,0.0,0.0,0.0,0.0,0.0,0.0,0.0,0.0,0.0,0.0,0.0,0.0,0.0,0.0,0.0
SPINT2,0.0,0.0,0.0,0.0,0.0,1.1163208,1.097068,0.821388,0.0,0.18083665,0.0,0.0,0.0,0.0,0.9916867,0.0,0.0,1.5225866,0.0,0.0,0.0,0.0,0.0,0.27620402,0.0,1.4183174,0.0,0.27468115,0.0,0.0,0.0,0.0,0.0,0.0,0.0,0.0,0.0,0.0,0.0,0.0,0.0,1.3351498
PPP1R14A,0.0,0.0,0.0,0.0,0.0,0.0,0.5621453,0.1482855,0.0,0.0,0.0,0.0,0.0,0.0,0.0,0.0,0.0,1.5703349,0.0,0.0,0.0,0.0,0.0,0.0,0.0,0.0,0.0,0.0,0.0,0.0,0.0,0.0,0.0,0.0,0.0,0.0,0.0,0.0,0.0,0.0,0.0,1.0197794
YIF1B,0.0,0.0,0.0,0.0,0.0,0.5955348,0.6915261,0.55524224,0.0,0.18083665,0.0,0.0,0.0,0.0,0.0,0.0,0.0,0.93455744,0.0,0.0,0.0,0.0,0.0,0.0,0.3568915,0.0,0.0,0.0,0.0,0.0,0.0,0.0,0.0,0.0,0.0,0.0,0.0,0.0,0.0,0.0,0.0,0.0
KCNK6,0.0,0.0,0.0,0.0,0.0,0.87529373,0.4579872,0.0,0.0,0.0,0.0,0.0,0.0,0.0,0.0,0.0,0.0,0.0,0.0,0.0,0.0,0.0,0.0,0.0,0.0,0.0,0.0,0.0,0.0,0.0,0.0,0.0,0.0,0.0,0.0,0.0,0.0,0.0,0.0,0.0,0.0,0.0
PSMD8,0.7278692,0.0,0.0,0.76272154,1.2152729,0.7185833,0.88195956,1.0913323,0.0,1.1525581,0.0,0.8423759,1.4048783,0.0,0.0,0.0,0.0,0.0,0.0,1.0083035,0.8854586,0.0,0.7586374,0.5916959,1.3678219,0.0,0.0,0.68047297,0.0,0.0,0.0,0.0,0.0,0.0,0.0,0.0,0.0,0.8057569,0.0,0.0,0.0,0.84403884
MAP4K1,0.510213,0.0,0.0,0.0,0.0,0.3977822,0.4004618,0.0,0.0,0.4195962,0.0,0.0,0.0,0.0,0.0,0.0,0.0,0.0,0.0,0.0,0.0,0.0,0.0,0.0,0.17043604,0.0,0.0,0.0,0.0,0.0,0.0,0.0,0.0,0.0,0.0,0.0,0.0,0.0,0.0,0.0,0.0,0.0
EIF3K,1.4753764,1.1600149,1.5807086,1.7077403,1.519757,1.6288092,1.9760149,1.648586,1.6168828,1.5395198,1.2911952,1.5802746,1.9594179,1.5839082,1.7075971,1.6349863,1.3832074,0.8411632,1.4802744,1.4552817,1.5529674,1.3852453,1.7589562,0.85252804,1.6123241,1.4830644,1.6003798,1.7143989,1.3912652,0.0,1.6836774,1.3849087,1.5509802,1.3215277,1.7330589,1.4635277,1.6269453,1.6940517,1.4412102,1.4935867,1.5964456,1.5951056
ACTN4,0.0,0.0,0.71581876,1.1138239,1.0457947,0.0,0.51399225,0.5037278,0.0,0.79243183,0.59476876,0.7784047,0.0,0.0,0.0,0.0,0.60345167,0.0,0.0,1.074983,1.0962845,0.0,0.4878407,0.0,0.47473156,0.0,0.0,0.6185654,0.0,0.0,0.0,0.92219615,0.0,0.9158772,0.0,0.0,0.0,0.0,0.0,0.0,0.0,0.7280103
ECH1,0.5894627,0.0,0.0,0.53828734,0.8221352,0.48126704,0.75630534,1.2184789,0.0,0.23380059,0.96516603,0.72303134,0.44090223,0.0,0.8421502,0.0,0.0,0.0,0.0,0.0,0.888904,0.0,0.5107895,0.3605791,0.78789055,0.0,0.0,0.7137488,0.4278102,0.0,0.0,0.0,0.0,0.0,0.0,0.0,0.0,0.6165049,0.0,0.0,0.8953636,0.7323264
HNRNPL,0.0,0.0,0.0,0.6916016,0.91503274,0.65338784,0.6267796,0.88924044,0.0,0.7421595,0.94255817,1.0545062,0.7257168,0.0,1.3681959,0.0,0.5553458,0.0,0.57513416,0.0,0.6448152,0.9865948,0.59390926,0.0,0.5182681,1.6520882,1.5437008,0.68119043,0.73406684,0.0,0.0,0.0,0.0,0.97592926,0.0,0.99440193,0.73131853,0.37459403,0.0,0.9821855,0.0,0.74800503
SIRT2,0.0,0.0,0.0,0.0,0.4510048,0.0,0.0,0.0,0.0,0.23380059,0.0,0.0,0.0,0.0,0.0,0.0,0.0,0.0,0.0,0.0,0.0,0.0,0.0,0.0,0.0,0.0,0.0,0.0,0.0,0.0,0.0,0.0,0.0,0.0,0.0,0.0,0.0,0.0,0.0,0.0,0.0,0.0
NFKBIB,0.0,0.0,0.0,0.0,0.27097756,0.0,0.0,0.0,0.0,0.0,0.0,0.0,0.0,0.0,0.0,0.0,0.0,0.0,0.0,0.0,0.0,0.0,0.0,0.0,0.16634938,0.0,0.0,0.0,0.0,0.0,0.0,0.0,0.0,0.0,0.0,0.0,0.0,0.0,0.0,0.0,0.0,0.0
MRPS12,0.0,0.0,0.0,0.0,0.48636568,0.3431283,0.36281422,0.78099775,0.0,0.23380059,0.0,0.0,0.0,0.0,0.0,0.0,0.0,0.0,0.0,0.0,0.0,0.0,0.0,0.0,0.62534213,0.0,0.0,0.37647116,0.0,0.0,0.0,0.0,0.0,0.0,0.0,0.0,0.0,0.0,0.0,0.0,0.0,0.0
FBXO27,0.0,0.0,0.0,0.0,0.0,0.3431283,0.0,0.0,0.0,0.0,0.0,0.0,0.0,0.0,0.0,0.0,0.0,0.0,0.0,0.0,0.0,0.0,0.0,0.0,0.0,0.0,0.0,0.0,0.0,0.0,0.0,0.0,0.0,0.0,0.0,0.0,0.0,0.0,0.0,0.0,0.0,0.0
GMFG,0.8112776,0.6586133,1.696403,1.7146868,1.7399147,1.0828639,1.5008126,0.10911779,1.7132702,1.3979397,0.9341768,1.5501859,0.5578004,1.2661365,0.0,1.5247976,1.4739602,1.5476985,0.8898781,1.464417,1.3465502,0.0,1.7106848,0.26814458,1.1891425,1.5379362,1.9091167,1.5116671,1.0271275,0.0,1.5363115,1.4725213,1.507118,1.338817,1.5306588,1.2126089,1.4332587,1.7797773,1.5830876,1.4827027,1.2362267,1.1918583
PAF1,0.0,0.0,0.0,0.0,0.0,0.0,0.0,0.10948612,0.0,0.18155362,0.0,0.0,0.0,0.0,0.0,0.0,0.0,0.0,0.0,0.0,0.0,0.0,0.0,0.0,0.12957723,0.0,0.0,0.0,0.0,0.0,0.0,0.0,0.0,0.0,0.0,0.0,0.0,0.0,0.0,0.0,0.0,0.0
MED29,0.0,0.0,0.0,0.0,0.0,0.0,0.0,0.0,0.0,0.18083665,0.0,0.0,0.0,0.0,0.0,0.0,0.0,0.0,0.0,0.0,0.0,0.0,0.0,0.0,0.0,0.0,0.0,0.0,0.0,0.0,0.0,0.0,0.0,0.0,0.0,0.0,0.0,0.0,0.0,0.0,0.0,0.0
ZFP36,2.1969876,1.6898952,1.8878847,1.7098202,1.9011884,2.5188165,2.2705085,0.0,1.3156428,1.375361,2.9036927,4.2502446,2.5438302,3.242011,2.4762201,2.1416118,1.4276197,0.0,1.8831439,2.6180897,2.8168013,1.6975043,2.5757246,1.5678022,0.77076435,1.6998807,1.5283927,0.8236011,1.9597577,1.8728182,2.774779,2.0009499,2.8913522,2.665072,2.0331955,1.5560902,1.8501059,2.397441,2.3831031,3.184813,3.1090398,1.9284334
RPS16,3.3608744,2.7323544,2.766807,2.9402957,2.6437392,3.3027234,3.2268069,3.3914433,2.4752882,2.9284525,3.0671136,2.8003817,2.6702008,3.1222878,3.4507492,3.0814521,2.764772,2.1190858,3.4335036,2.59245,2.8570597,3.317982,2.884509,2.0515802,3.236599,2.8483806,2.831408,3.286496,2.9109554,1.7781403,3.5990689,3.012085,3.4486167,3.0062013,3.720409,3.264924,3.5882814,3.3536413,3.0356767,3.1172838,3.1197102,3.216658
SUPT5H,0.0,0.0,0.0,0.0,0.0,0.442071,0.41449797,0.0,0.0,0.18083665,0.0,0.0,0.0,0.0,0.0,0.0,0.0,0.0,0.0,0.0,0.0,0.0,0.0,0.17477192,0.4128749,0.0,0.0,0.0,0.0,0.0,0.0,0.0,0.0,0.0,0.0,0.0,0.0,0.0,0.0,0.0,0.0,0.6596868
TIMM50,0.0,0.0,0.0,0.0,0.0,0.0,0.0,0.5846889,0.0,0.0,0.0,0.0,0.0,0.0,0.0,0.0,0.0,0.0,0.0,0.0,0.0,0.0,0.0,0.0,0.30059022,0.0,0.0,0.0,0.0,0.0,0.0,0.0,0.0,0.0,0.0,0.0,0.0,0.0,0.0,0.0,0.0,0.0
CLC,0.0,0.0,0.0,0.0,0.0,0.0,0.0,0.0,0.0,0.0,0.0,0.0,0.0,0.0,0.0,0.0,5.2430487,0.0,0.0,0.0,0.0,0.0,0.0,0.0,0.0,0.0,0.0,0.0,0.0,0.0,0.0,0.0,0.0,0.0,0.0,0.0,0.0,0.0,0.0,0.0,0.0,0.0
FBL,0.565376,0.0,0.0,0.6652062,0.635717,0.6968005,0.75630534,1.4657177,0.0,1.033983,0.72809076,0.0,0.5578004,0.0,0.0,0.0,0.0,0.0,0.0,0.0,0.0,0.0,0.0,0.0,0.8425114,0.0,0.0,1.2626052,0.24147177,0.0,0.7275926,0.0,0.0,0.0,0.8466128,0.92834496,0.89433694,0.0,0.0,0.0,0.0,0.7837205
PSMC4,0.0,0.0,0.0,0.0,0.59737086,0.28412688,0.43482453,0.56832135,0.0,0.36239028,0.0,0.0,0.7458428,0.0,0.0,0.0,0.0,0.0,0.0,0.0,0.0,0.0,0.0,0.11117859,0.5902984,0.0,0.0,0.0,0.0,0.0,0.0,0.0,0.0,0.0,0.0,0.0,0.0,0.0,0.0,0.0,0.0,0.0
C19orf47,0.0,0.0,0.0,0.0,0.0,0.0,0.0,0.0,0.0,0.36239028,0.0,0.0,0.0,0.0,0.0,0.0,0.0,0.0,0.0,0.0,0.0,0.0,0.0,0.0,0.0,0.0,0.0,0.0,0.0,0.0,0.0,0.0,0.0,0.0,0.0,0.0,0.0,0.0,0.0,0.0,0.0,0.0
PLD3,0.0,1.085649,0.0,0.0,0.0,0.40235615,0.6055493,0.0,0.0,0.0,0.0,0.8840804,1.661052,0.0,0.0,0.0,0.0,0.0,0.0,0.0,0.0,0.0,0.0,0.34717074,0.16634938,0.0,0.0,0.0,0.0,0.0,0.0,0.0,0.0,0.0,0.0,0.0,0.0,0.0,0.0,0.0,0.0,0.0
SERTAD1,0.0,0.0,0.0,0.0,0.6337594,0.5072514,0.3988271,0.0,0.0,0.23875955,0.0,0.0,0.7257168,0.0,0.0,0.0,0.0,0.0,0.0,1.1267864,0.9401337,0.0,0.0,0.0,0.0,0.0,0.0,0.0,0.0,0.0,0.0,0.0,0.0,0.0,0.0,0.0,0.0,0.0,0.0,0.0,0.0,0.0
SERTAD3,0.0,0.0,0.0,0.0,0.0,0.34549886,0.0,0.0,0.0,0.0,0.0,0.0,0.0,0.0,0.0,0.0,0.0,0.0,0.0,0.0,0.0,0.0,0.0,0.0,0.0,0.0,0.0,0.0,0.0,0.0,0.0,0.0,0.0,0.0,0.0,0.0,0.0,0.0,0.0,0.0,0.0,0.0
BLVRB,0.0,0.0,1.2792752,1.089519,0.0,0.5072514,0.8982003,2.728867,2.7401047,0.18083665,0.0,1.4383113,1.7012795,0.0,0.0,0.0,0.0,0.0,0.0,0.0,0.0,0.0,0.9100112,0.0,0.0,0.0,0.0,0.37689644,0.0,0.0,0.0,0.0,0.0,0.0,0.0,0.0,0.0,0.0,0.0,0.0,0.0,0.0
SHKBP1,0.0,0.0,0.81023705,0.7702711,0.0,0.40578204,0.63789797,0.122502565,0.0,0.42031318,0.0,0.5104259,0.0,0.0,0.0,0.0,0.0,0.0,0.0,0.0,0.0,0.0,0.5861035,0.0,0.27262,0.0,0.0,0.0,0.0,0.0,0.0,0.0,0.0,0.0,0.0,0.0,0.0,0.0,0.0,0.0,0.0,0.0
SNRPA,0.0,0.0,0.0,0.56651115,0.7284795,0.6542072,0.5200598,0.9357744,0.0,0.62309736,0.0,0.0,0.0,0.0,0.0,0.0,0.0,0.0,0.0,0.0,0.0,0.0,0.0,0.0,0.56378525,0.0,0.0,0.69037133,0.0,0.0,0.0,0.0,0.0,0.0,0.0,0.0,0.0,0.0,0.0,0.0,0.0,0.6206306
RAB4B,0.0,0.0,0.0,0.0,0.0,0.0,0.40606603,0.0,0.0,0.0,0.0,0.0,0.0,0.0,0.0,0.0,0.0,0.0,0.0,0.0,0.0,0.0,0.0,0.0,0.0,0.0,0.0,0.0,0.0,0.0,0.0,0.0,0.0,0.0,0.0,0.0,0.0,0.0,0.0,0.0,0.0,0.5302601
EGLN2,0.0,0.0,0.0,0.0,0.0,0.3556153,0.0,0.41147065,0.0,0.21446666,0.0,0.0,0.0,0.0,0.0,0.0,0.0,0.0,0.0,0.0,0.0,0.0,0.0,0.0,0.0,0.0,0.0,0.0,0.0,0.0,0.0,0.0,0.0,0.0,0.0,0.0,0.0,0.0,0.0,0.0,0.0,0.0
CYP2S1,0.0,0.0,0.0,0.0,0.0,0.48598903,0.0,0.0,0.0,0.0,0.0,0.0,0.0,0.0,0.0,0.0,0.0,0.0,0.0,0.0,0.0,0.0,0.0,0.0,0.0,0.0,0.0,0.0,0.0,0.0,0.0,0.0,0.0,0.0,0.0,0.0,0.0,0.0,0.0,0.0,0.0,0.0
HNRNPUL1,0.78118664,0.0,0.0,0.98054373,1.1591587,0.52941227,0.6940484,0.71602374,0.0,0.7891114,0.8185749,0.5104259,0.0,1.1046486,1.1810663,0.0,0.0,0.0,0.0,0.9481392,1.0320624,0.0,0.57445383,0.25047913,0.53139937,0.0,1.0764471,0.6717711,0.0,0.0,0.8424512,0.0,0.86873424,1.0556664,0.0,0.0,0.0,0.0,1.038208,1.0887113,1.1338125,0.87104774
TGFB1,0.6721774,0.0,0.86441886,0.5687505,1.2511318,0.0,0.79421765,0.0,0.0,0.25902426,0.0,1.0348424,0.7257168,1.1540726,0.9916867,0.27554533,0.0,1.9699919,0.0,1.4137607,1.3898113,0.0,0.87923086,0.0,0.18095525,0.0,0.0,0.22596653,0.19114219,0.0,0.8441862,1.1447915,0.0,1.1276326,0.0,0.6945994,0.0,0.0,1.071121,1.277966,0.0,0.7331272
TMEM91,0.0,0.0,0.0,0.0,0.0,0.0,0.0,0.0,0.0,0.0,0.0,0.0,0.0,0.0,0.0,0.0,0.0,0.03918965,0.0,0.0,0.0,0.0,0.0,0.0,0.0,0.0,0.0,0.0,0.0,0.0,0.0,0.0,0.0,0.0,0.0,0.0,0.0,0.0,0.0,0.0,0.0,0.0
EXOSC5,0.0,0.0,0.0,0.0,0.0,0.0,0.0,0.36510786,0.0,0.0,0.0,0.0,0.0,0.0,0.0,0.0,0.0,0.0,0.0,0.0,0.0,0.0,0.0,0.0,0.0,0.0,0.0,0.0,0.0,0.0,0.0,0.0,0.0,0.0,0.0,0.0,0.0,0.0,0.0,0.0,0.0,0.0
BCKDHA,0.0,0.0,0.0,0.0,0.0,0.0,0.3869165,0.18177983,0.0,0.0,0.0,0.0,0.0,0.0,0.0,0.0,0.0,0.0,0.0,0.0,0.0,0.0,0.0,0.0,0.0,0.0,0.0,0.22183135,0.0,0.0,0.0,0.0,0.0,0.0,0.0,0.0,0.0,0.0,0.0,0.0,0.0,0.0
DMAC2,0.0,0.0,0.0,0.0,0.0,0.0,0.0,0.0,0.0,0.18083665,0.0,0.0,0.0,0.0,0.0,0.0,0.0,0.0,0.0,0.0,0.0,0.0,0.0,0.0,0.0,0.0,0.0,0.0,0.0,0.0,0.0,0.0,0.0,0.0,0.0,0.0,0.0,0.0,0.0,0.0,0.0,0.0
RPS19,3.8560436,3.3187199,2.903421,3.291288,3.1786823,3.475582,3.4731395,3.753271,3.0009503,3.6920173,3.611739,2.9585364,3.429264,3.8140955,3.6644642,3.654694,3.1432824,2.6683428,3.886834,3.3038857,3.6615882,4.054352,3.8394504,2.6394258,3.5420468,3.418382,3.5563376,3.778112,3.6799388,2.3549342,4.1550283,3.8621514,3.9108722,3.7366636,4.1279593,4.0407166,4.157774,3.8149705,3.76527,3.925196,3.9556477,3.4646323
CD79A,2.9204154,0.0,0.0,0.0,0.0,0.0,0.0,0.0,0.0,1.9391541,0.0,0.0,0.0,0.0,3.0774934,0.0,0.0,0.0,2.7238374,0.0,0.0,2.9377377,0.0,0.8805516,0.83323634,2.2006698,2.556499,0.0,1.3565451,0.0,0.0,0.0,0.0,0.0,0.0,0.0,0.0,0.0,0.0,0.0,0.0,0.0
ARHGEF1,0.8087835,0.0,0.0,0.0,0.9726483,0.37967432,0.5444695,0.0,0.0,0.7058399,0.0,0.5046885,0.7257168,0.93342704,0.77814996,0.0,0.0,0.0,0.0,1.1213173,1.0179114,0.0,0.6552519,0.0,0.13803001,0.0,0.76748186,0.0,0.9186605,0.0,0.86259466,1.0509841,0.8857933,1.0069797,0.8405365,1.1583675,0.916801,1.0296837,1.0447328,1.0225624,1.1051886,0.0
RABAC1,0.7278692,0.0,0.6511181,0.52972955,0.7269294,0.59506035,0.59402287,0.0,0.0,0.36239028,0.0,0.5367148,0.0,0.87260866,0.0,0.0,0.58530855,0.0,0.0,0.93917686,0.0,0.0,0.57565844,1.5733194,1.4329513,0.0,0.0,0.42256615,0.84433746,0.0,0.8323443,0.9975374,0.0,0.0,0.0,0.0,0.87390834,0.6025966,0.0,0.8939098,1.019268,1.1357744
POU2F2,1.5043886,0.0,0.0,0.0,0.0,0.41057968,1.1442808,0.0,0.0,0.5127487,0.0,0.0,0.0,0.0,0.9916867,0.0,0.0,0.0,1.3401253,0.0,0.0,1.192294,1.3039565,0.32597893,0.33078247,0.0,0.0,0.0,0.0,0.0,0.0,0.0,0.0,0.0,0.0,0.0,0.0,0.0,0.0,0.0,0.0,0.6596643
DEDD2,0.0,0.0,0.0,0.0,0.0,0.0,0.0,0.0,0.0,0.0,0.0,0.0,0.0,0.0,0.0,0.0,0.0,0.0,0.0,0.0,0.0,0.0,0.0,0.0,0.0,0.0,0.0,0.0,0.0,0.0,0.0,0.0,0.0,0.0,0.0,0.9422716,0.0,0.0,0.0,0.0,0.0,0.0
GSK3A,0.0,0.0,0.0,0.0,0.0,0.0,0.0,0.0,0.0,0.0,0.0,0.0,0.0,0.0,0.0,0.0,0.0,0.0,0.0,0.0,0.0,0.0,0.0,0.0,0.14557157,0.0,0.0,0.0,0.0,0.0,0.0,0.0,0.0,0.0,0.0,0.0,0.0,0.0,0.0,0.0,0.0,0.0
PAFAH1B3,0.0,0.0,0.0,0.0,0.0,0.442071,0.0,0.9401267,0.0,0.0,0.0,0.0,0.0,0.0,0.0,0.0,0.0,0.0,0.0,0.0,0.0,0.0,0.0,0.0,0.3453101,0.0,0.0,0.0,0.0,0.0,0.0,0.0,0.0,0.0,0.0,0.0,0.0,0.0,0.0,0.0,0.0,0.0
ETHE1,0.0,0.0,0.0,0.0,0.24729583,0.0,0.7505338,0.0,0.0,0.0,0.0,0.0,0.0,0.0,0.0,0.0,0.0,0.0,0.0,0.0,0.0,0.0,0.0,0.0,0.0,0.0,0.0,0.0,0.0,0.0,0.0,0.0,0.0,0.0,0.0,0.0,0.0,0.0,0.0,0.0,0.0,0.0
XRCC1,0.0,0.0,0.0,0.0,0.0,0.0,0.0,0.0,0.0,0.18083665,0.0,0.0,0.0,0.0,0.0,0.0,0.0,0.0,0.0,0.0,0.0,0.0,0.0,0.0,0.0,0.0,0.0,0.0,0.0,0.0,0.0,0.0,0.0,0.0,0.0,0.0,0.0,0.0,0.0,0.0,0.0,0.0
ZNF428,0.0,0.0,0.0,0.0,0.60239136,0.37913528,0.0,0.47447914,0.0,0.4398609,0.0,0.0,0.0,0.0,0.0,0.0,0.0,0.0,0.0,0.0,0.0,0.0,0.0,0.0,0.16472894,0.0,0.0,0.3285884,0.0,0.0,0.0,0.0,0.0,0.0,0.0,0.0,0.0,0.0,0.0,0.0,0.0,0.65901136
PLAUR,0.0,0.0,1.5417734,0.9959216,0.0,0.91068757,1.172868,0.0,0.0,0.0,0.0,2.4511735,1.1757209,0.0,0.0,0.0,0.0,0.0,0.0,0.0,0.0,0.0,1.5268333,0.0,0.0,0.0,0.0,0.0,0.0,0.0,0.0,0.0,0.0,0.0,0.0,0.0,0.0,0.0,0.0,0.0,0.0,0.65786475
KCNN4,0.0,0.0,0.0,0.0,0.0,0.0,0.0,0.1595173,0.0,0.0,0.0,0.0,0.0,0.0,0.0,0.0,0.0,0.0,0.0,0.0,0.0,0.0,0.0,0.0,0.0,0.0,0.0,0.0,0.0,0.0,0.0,0.0,0.0,0.0,0.0,0.0,0.0,0.0,0.0,0.0,0.0,0.0
BCL3,0.0,0.0,0.0,0.0,0.0,0.50819945,0.44801056,0.0,0.0,0.0,0.0,0.82655406,0.5578004,0.0,0.0,0.0,0.0,0.0,0.0,0.0,0.0,0.0,0.0,0.0,0.0,0.0,0.0,0.0,0.0,0.0,0.0,0.0,0.0,0.0,0.0,0.0,0.0,0.0,0.0,0.0,0.0,0.0
TOMM40,0.0,0.0,0.0,0.0,0.0,0.0,0.3479272,1.002278,0.0,0.23875955,0.0,0.0,0.0,0.0,0.0,0.0,0.0,0.0,0.0,0.0,0.0,0.0,0.0,0.0,0.5561689,0.0,0.0,0.0,0.0,0.0,0.0,0.0,0.0,0.0,0.0,0.0,0.0,0.0,0.0,0.0,0.0,0.0
APOE,0.0,2.9069579,0.0,0.0,0.0,0.0,0.0,0.0,2.551025,0.0,0.0,0.0,0.0,0.0,1.3681959,0.0,0.0,0.0,0.0,0.0,0.0,0.0,0.0,0.0,0.0,0.0,0.0,0.0,0.0,0.0,0.0,0.0,0.0,0.0,0.0,0.0,0.0,0.0,0.0,0.0,0.0,0.0
APOC1,0.0,3.2770576,0.0,0.0,0.0,0.0,0.0,1.2423962,2.8803449,0.0,0.0,0.0,1.3831153,0.0,0.7355936,0.0,0.0,0.0,0.0,0.0,0.0,0.0,0.0,0.0,0.0,0.0,0.0,0.0,0.0,0.0,0.0,0.0,0.0,0.0,0.0,0.0,0.0,0.0,0.0,0.0,0.0,0.0
CLPTM1,0.0,0.0,0.0,0.0,0.0,0.0,0.0,0.0,0.0,0.0,0.0,0.0,0.0,0.0,0.0,0.0,0.0,0.0,0.0,0.0,0.0,0.0,0.0,0.21866085,0.3376497,0.0,0.0,0.0,0.0,0.0,0.0,0.0,0.0,0.0,0.0,0.0,0.0,0.0,0.0,0.0,0.0,0.0
RELB,0.0,0.0,0.0,0.0,0.0,0.0,0.3404857,0.0,0.0,0.0,0.0,0.0,0.44090223,0.0,0.0,0.0,0.0,0.0,0.0,0.0,0.0,0.0,0.0,0.2514097,0.23792198,0.0,0.0,0.0,0.0,0.0,0.0,0.0,0.0,0.0,0.0,0.0,0.0,0.0,0.0,0.0,0.0,0.0
CLASRP,0.0,0.0,0.0,0.0,0.0,0.3828968,0.0,0.0,0.0,0.21446666,0.0,0.0,0.0,0.0,0.0,0.0,0.0,0.0,0.0,0.0,0.0,0.0,0.0,0.0,0.12207285,0.0,0.0,0.0,0.0,0.0,0.0,0.0,0.0,0.0,0.0,0.0,0.0,0.0,0.0,0.0,0.0,0.0
GEMIN7,0.0,0.0,0.0,0.0,0.0,0.0,0.0,0.14955862,0.0,0.0,0.0,0.0,0.0,0.0,0.0,0.0,0.0,0.0,0.0,0.0,0.0,0.0,0.0,0.0,0.21471341,0.0,0.0,0.0,0.0,0.0,0.0,0.0,0.0,0.0,0.0,0.0,0.0,0.0,0.0,0.0,0.0,0.0
TRAPPC6A,0.0,0.0,0.0,0.0,0.0,0.2875488,0.0,0.0,0.0,0.0,0.0,0.0,0.0,0.0,0.0,0.0,0.0,0.0,0.0,0.0,0.0,0.0,0.0,0.0,0.0,0.0,0.0,0.1771737,0.0,0.0,0.0,0.0,0.0,0.0,0.0,0.0,0.0,0.0,0.0,0.0,0.0,0.0
ERCC1,0.0,0.0,0.0,0.0,0.0,0.3828968,0.49660182,0.40514868,0.0,0.0,0.0,0.0,0.5578004,0.0,0.0,0.0,0.0,0.0,0.0,0.0,0.0,0.0,0.0,0.0,0.14813367,0.0,0.0,0.34564203,0.0,0.0,0.0,0.0,0.0,0.0,0.0,0.0,0.0,0.0,0.0,0.0,0.0,0.9932924
FOSB,1.2344964,0.0,1.318702,1.4240904,1.3869344,1.0568686,1.6922251,0.0,0.0,0.9240264,2.650816,1.7275,2.097768,1.7473435,1.3681959,1.3370185,2.2674775,0.0,1.0181985,1.3888499,1.8908637,1.2440813,0.95303345,1.00018,0.23856735,0.0,0.0,0.9830569,0.7366832,0.0,0.9359627,0.0,1.3507739,1.1464012,0.0,1.387435,0.92096615,0.0,1.130962,1.6238319,1.515377,0.8628328
VASP,0.78118664,0.0,1.174187,1.068084,0.8249309,0.7979581,1.2518412,0.0,0.0,0.3960203,0.0,0.91348,1.6924675,0.0,0.0,0.0,0.0,1.8357304,0.65971506,0.0,0.0,0.0,1.3704761,0.0,0.23451747,0.0,0.0,0.40536565,0.0,0.0,0.0,0.0,0.0,0.0,0.0,0.0,0.0,0.0,0.0,0.0,0.0,0.0
SNRPD2,1.2143562,0.6834405,0.71958184,1.3640091,1.4802074,1.1323854,1.159031,1.8137606,1.5762908,1.7549875,1.2041712,1.0850972,0.7458428,1.3606049,1.2927269,1.0974138,1.3636855,1.1469314,1.1518478,1.1788023,1.2401406,1.164128,0.9455805,0.5912925,1.623593,1.0356917,1.1985635,1.6243446,1.0273929,0.0,1.3787669,1.1910172,1.3146135,1.1530333,1.446279,1.5074623,1.4199135,1.2540144,1.2218587,1.2198367,1.2529416,1.2687205
PPP5C,0.0,0.0,0.0,0.0,0.0,0.0,0.0,0.097133525,0.0,0.0,0.0,0.0,0.0,0.0,0.0,0.0,0.0,0.0,0.0,0.0,0.0,0.0,0.0,0.0,0.20178393,0.0,0.0,0.0,0.0,0.0,0.0,0.0,0.0,0.0,0.0,0.0,0.0,0.0,0.0,0.0,0.0,0.0
CALM3,0.0,0.0,0.86390257,1.3070458,1.7860882,0.6017931,0.726488,1.2961884,1.8057828,1.1191642,0.0,1.0348424,0.7458428,0.0,0.0,0.0,0.72813284,1.9932251,0.0,0.0,0.9078884,0.0,1.1134524,0.26814458,1.070231,0.0,0.0,0.8278095,0.0,0.0,0.7459884,0.0,0.0,0.94152004,0.8923759,0.8862541,0.79143643,1.0441358,0.0,0.0,0.0,0.0
PRKD2,0.0,0.0,0.0,0.0,0.0,0.0,0.0,0.0,0.0,0.0,0.0,0.0,0.0,0.0,0.0,0.0,0.0,0.0,0.0,0.0,0.0,0.0,0.0,0.0,0.20739445,0.0,0.0,0.0,0.0,0.0,0.0,0.0,0.0,0.0,0.0,0.0,0.0,0.0,0.0,0.0,0.0,0.0
SLC1A5,0.0,0.0,0.0,0.0,0.0,0.48802102,0.0,0.48565206,0.0,0.18155362,0.0,0.0,0.0,0.0,0.0,0.0,0.0,0.0,0.0,0.0,0.0,0.0,0.0,0.20578405,0.5124737,0.0,0.0,0.0,0.0,0.0,0.0,0.0,0.0,0.0,0.0,0.0,0.0,0.0,0.0,0.0,0.0,0.0
AP2S1,0.58264226,1.3340358,1.3685598,1.6694818,1.1441717,1.3870074,1.505479,1.1918148,2.0671954,0.9649858,0.0,1.5567153,1.7012795,0.0,0.77814996,0.56481856,0.2230401,1.417032,0.0,0.0,0.0,0.0,1.351304,0.22898045,0.86000025,0.0,0.0,1.1736338,0.0,0.0,0.0,0.0,0.0,0.0,0.0,0.0,0.0,0.0,0.0,0.0,0.0,0.849591
TMEM160,0.0,0.0,0.0,0.8396701,0.88318527,0.37521976,0.42593443,0.49341756,0.0,0.527826,0.0,0.0,0.5578004,0.0,0.0,0.0,0.0,0.0,0.0,0.0,0.0,0.0,0.54084855,0.23299153,0.72806305,0.0,0.0,0.6104605,0.0,0.0,0.0,0.0,0.0,0.0,0.0,0.0,0.0,0.0,0.0,0.0,0.0,0.56649435
SAE1,0.0,0.0,0.0,0.0,0.79038227,0.0,0.0,0.3961457,0.0,0.36239028,0.0,0.0,0.0,0.0,0.0,0.0,0.0,0.0,0.0,0.0,0.0,0.0,0.0,0.0,0.3150944,0.0,0.0,0.0,0.0,0.0,0.0,0.0,0.0,0.0,0.0,0.0,0.0,0.0,0.0,0.0,0.0,0.0
C5AR1,0.0,0.6834405,1.4224162,0.0,0.0,0.0,0.0,0.0,0.0,0.0,0.0,2.3143697,2.3710601,0.0,0.0,0.0,0.0,0.0,0.0,0.0,0.0,0.0,2.002107,0.0,0.0,0.0,0.0,0.0,0.0,0.0,0.0,0.0,0.0,0.0,0.0,0.0,0.0,0.0,0.0,0.0,0.0,0.0
NAPA,0.0,0.0,0.0,0.7264946,0.80865717,0.4224942,0.5909688,0.5660991,0.0,0.0,0.0,1.097946,0.5578004,0.0,0.0,0.0,0.0,0.5981921,0.0,0.0,0.0,0.0,0.7479901,0.19237135,0.45808327,0.0,0.0,0.3416512,0.0,0.0,0.0,0.0,0.0,0.0,0.0,0.0,0.0,0.0,0.0,0.0,0.0,0.8605498
NOP53,1.6495638,0.0,0.6581347,0.63204104,0.90337706,0.9853937,1.0747924,1.105875,0.0,1.0843573,1.4382622,0.5950968,0.0,1.5791018,1.7075971,1.0590374,0.8841705,0.0,1.7928019,1.1732224,1.3513045,1.9362019,1.0522363,0.48810607,0.6239476,1.9710107,1.4929177,1.1117555,1.2061951,0.0,1.8833007,1.4251688,1.7792313,1.4129372,2.0279772,2.0102987,1.971897,1.7242466,1.4355723,1.6639082,1.5964456,1.2577931
SELENOW,0.0,0.6834405,0.0,0.6278375,1.0243875,0.38395348,0.5724241,0.334157,1.7687593,0.18083665,0.0,0.5221987,0.0,0.0,0.6868571,0.0,0.0,0.9753034,0.0,0.9992151,0.89777124,0.0,0.7516189,0.14266728,0.31352228,0.0,0.0,0.5441827,0.0,0.0,0.84615666,1.0235323,0.91249764,0.9787669,0.87289274,0.0,0.8172314,0.9489631,0.9050695,0.9163508,0.99532795,0.47629565
LIG1,0.0,0.0,0.0,0.0,0.69418347,0.0,0.0,0.31189072,0.0,0.6770393,0.0,0.0,0.0,0.0,0.0,0.0,0.0,0.0,0.0,0.0,0.0,0.0,0.0,0.0,0.17517093,0.0,0.0,0.0,0.0,0.0,0.0,0.0,0.0,0.0,0.0,0.0,0.0,0.0,0.0,0.0,0.0,0.0
EMP3,1.7227337,1.6155457,1.8905454,1.8830872,1.8606696,0.48604932,1.929715,0.8703543,0.0,0.3953033,0.0,2.1775575,0.97920024,1.1496322,1.1810663,1.7322443,1.4244633,0.0,1.244477,1.4917151,0.9498985,1.1623127,2.153774,0.8127819,0.94856036,0.0,0.0,0.72831416,1.1063799,0.0,1.5687902,1.7531071,1.0980792,1.1053239,1.0681032,1.1078947,1.064357,1.5679882,1.3086686,1.4170661,1.106406,0.8148454
KDELR1,0.0,0.0,0.0,0.71875405,0.441843,0.6936225,0.66448283,0.38603178,0.0,0.4153542,0.0,0.5104259,0.0,0.0,0.0,0.0,0.60266006,0.0,0.0,0.0,0.0,0.0,0.5774535,1.0072148,0.83541703,0.0,1.0257652,0.6471798,0.0,0.0,0.0,0.0,0.0,0.0,0.0,0.0,0.0,0.0,0.0,0.0,0.0,0.72355974
GRWD1,0.0,0.0,0.0,0.0,0.0,0.0,0.0,0.24261232,0.0,0.0,0.0,0.0,0.0,0.0,0.0,0.0,0.0,0.0,0.0,0.0,0.0,0.0,0.0,0.0,0.22572826,0.0,0.0,0.0,0.0,0.0,0.0,0.0,0.0,0.0,0.0,0.0,0.0,0.0,0.0,0.0,0.0,0.0
CYTH2,0.0,0.0,0.0,0.0,0.0,0.0,0.0,0.0,0.0,0.18155362,0.0,0.0,0.0,0.0,0.0,0.0,0.0,0.0,0.0,0.0,0.0,0.0,0.0,0.0,0.0,0.0,0.0,0.0,0.0,0.0,0.0,0.0,0.0,0.0,0.0,0.0,0.0,0.0,0.0,0.0,0.0,0.0
RPL18,3.4852445,2.7555513,2.8177733,2.9378588,2.8107657,3.3393297,3.3833852,3.476551,2.4017434,3.1509933,3.4101007,2.8597705,3.0052772,3.4068635,3.4674814,3.3219433,3.1993797,2.529045,3.633878,2.920886,3.248157,3.7181358,2.9804816,2.3309343,3.1710505,3.3163245,3.3926547,3.4631538,3.3712187,0.0,3.7682586,3.0943916,3.5990062,3.025019,3.9380698,3.6840467,3.7725983,3.5456834,3.1127274,3.339333,3.4452808,3.4265342
PPP1R15A,1.7076895,0.97172,1.2805874,1.1842065,1.6131283,1.6484163,1.5038441,0.73322463,0.0,1.5188748,2.2634246,3.1035366,1.5848913,2.1857517,2.051956,1.5691915,0.9043474,0.0,1.8537492,1.9991772,2.269899,1.8191514,1.5141425,1.4169022,0.80260223,1.70853,1.3518347,0.8508346,1.2431054,0.0,1.8479632,1.1952589,2.029239,1.6223621,1.533479,2.2292352,1.4488913,1.6313118,1.5437008,2.430808,2.3340514,1.7766776
NUCB1,0.0,0.0,0.0,0.22827381,0.78250504,0.7133947,0.5444695,0.41134477,0.0,0.0,0.0,0.5367148,0.5578004,0.0,0.0,0.0,0.0,0.0,0.0,0.0,0.0,0.0,0.75511265,0.49547172,0.6589163,0.0,0.0,0.40933582,0.0,0.0,0.0,0.0,0.0,0.0,0.0,0.6789837,0.0,0.0,0.0,0.0,0.0,0.73603874
BAX,0.88428897,0.0,0.0,0.5105743,0.94791055,0.6936225,0.7368693,0.5735713,0.0,0.7935314,0.48630244,0.82655406,0.5578004,0.0,0.0,0.0,0.0,0.27769095,0.0,0.0,0.0,0.0,0.7451743,0.0,0.49953946,0.0,0.76748186,0.3926685,0.0,0.0,0.0,1.0002463,0.0,0.0,0.0,0.0,0.0,0.0,0.0,0.0,0.0,0.7803211
FTL,2.9972756,6.078349,4.79525,4.171896,2.0684338,3.2467568,3.4416218,3.174306,7.2378225,2.0170555,2.668312,5.5182095,5.8512716,2.8823564,3.832047,4.148407,3.6135106,2.9108906,2.9975214,2.828083,2.4429922,3.0445225,5.5167313,2.6717596,3.2178717,2.473427,2.4626076,3.1687207,2.8063848,1.9224532,2.7475677,3.077395,2.720931,3.0308769,2.8097336,2.8090591,2.7772162,2.8262136,2.9682941,2.8716798,3.098326,3.0428045
RUVBL2,0.0,0.0,0.0,0.0,0.0,0.0,0.0,0.99737537,0.0,0.18155362,0.0,0.0,0.0,0.0,0.0,0.0,0.0,0.0,0.0,0.0,0.0,0.0,0.0,0.0,0.35221487,0.0,0.0,0.3826633,0.0,0.0,0.0,0.0,0.0,0.0,0.0,0.0,0.0,0.0,0.0,0.0,0.0,0.0
SNRNP70,0.79675174,0.0,0.0,0.68839383,0.74997365,0.53241324,0.6267796,1.0058124,0.0,0.81770027,0.7733425,0.0,0.0,0.0,0.77814996,0.0,0.0,0.0,0.0,0.0,0.0,0.0,0.0,0.38352862,0.68306845,1.0777423,0.76748186,0.76242423,0.0,0.0,0.0,0.0,0.0,0.0,0.0,0.90110135,0.0,0.0,0.0,0.0,0.0,0.67142904
CD37,2.8473804,0.6834405,1.2957385,0.68848336,1.0818965,1.5660875,1.4028859,0.0,0.0,0.8483838,1.2542381,1.3923851,0.7458428,1.4006007,2.6948044,1.262763,1.0884655,0.47848287,2.8960586,1.4213424,1.4130576,3.3903022,1.8740733,0.0,0.3400765,2.9678044,2.106755,0.7986926,1.9864647,0.0,1.6155457,1.3460244,1.6168388,1.5551662,1.7613757,1.6795396,1.481651,1.694233,1.4087192,1.5752919,1.6173244,2.0289748
PIH1D1,0.0,0.0,0.0,0.0,0.0,0.0,0.35118595,0.43291238,0.0,0.0,0.0,0.0,0.0,0.0,0.0,0.0,0.0,0.0,0.0,0.0,0.0,0.0,0.0,0.0,0.36329395,0.0,0.0,0.20217246,0.0,0.0,0.0,0.0,0.0,0.0,0.0,0.0,0.0,0.0,0.0,0.0,0.0,0.0
ALDH16A1,0.0,0.0,0.0,0.0,0.0,0.0,0.0,0.0,0.0,0.0,0.0,0.0,0.44090223,0.0,0.0,0.0,0.0,0.0,0.0,0.0,0.0,0.0,0.0,0.0,0.13148819,0.0,0.0,0.0,0.0,0.0,0.0,0.0,0.0,0.0,0.0,0.0,0.0,0.0,0.0,0.0,0.0,0.0
FLT3LG,0.0,0.0,0.0,0.0,0.0,0.0,0.0,0.0,0.0,0.0,0.0,0.0,0.0,0.0,0.0,0.0,0.0,0.0,0.0,0.0,0.0,0.0,0.0,0.0,0.0,0.0,0.0,0.0,0.0,0.0,0.8346993,0.0,0.0,0.0,0.90638644,0.9425586,0.7430285,0.6869552,0.0,0.0,0.0,0.0
RPL13A,3.2190294,2.8403952,2.9906225,3.2304845,2.6482368,2.6925738,3.4837532,3.150639,2.1798344,2.9862738,3.133371,2.3261404,2.4563458,3.139339,3.4105725,3.2217329,3.3458009,1.8437312,3.503863,2.713241,3.1732426,3.3056076,2.5519314,1.9690276,3.127869,2.8769062,2.8857157,3.7492547,2.9894712,1.886459,3.7535686,3.1190424,3.7277765,3.0704587,3.852962,3.2342088,3.6280403,3.5271585,3.182835,3.17622,3.12086,3.6277661
RPS11,2.8202572,2.5746036,2.8935766,3.0206428,2.076923,2.6750336,3.3976061,2.5730116,2.1798344,2.4385295,2.546413,2.0661483,2.1363251,2.3231819,3.0610204,2.825218,3.1977348,1.5447176,2.9311924,2.1894991,2.3474152,2.9277585,2.3130631,1.852698,2.8344064,2.5762224,2.7020972,3.2590609,2.4957795,0.0,2.980044,2.3493135,2.9873166,2.3384185,3.215737,2.472777,2.995974,2.8385684,2.352205,2.3273454,2.4234335,3.35539
FCGRT,0.0,1.8438084,1.0976472,0.7116624,0.0,1.4181323,1.2726675,0.6796556,1.8822718,0.0,0.0,1.6733403,2.097768,0.0,0.0,0.0,0.0,0.0,0.0,0.0,0.0,0.0,1.1862787,0.19568309,0.0,0.0,0.0,0.0,0.0,0.0,0.0,0.0,0.0,0.0,0.0,0.0,0.0,0.0,0.0,0.0,0.0,1.0964205
NOSIP,0.0,0.0,0.0,0.0,0.6695461,0.3431283,0.41778326,0.49876785,0.0,0.18083665,0.0,0.0,0.0,0.0,0.0,0.0,0.0,0.0,0.0,0.0,0.0,0.0,0.0,0.0,0.3376497,0.0,0.0,0.22789678,0.0,0.0,1.3250654,0.0,0.8657725,0.0,1.5719321,1.3510395,1.49627,0.0,0.0,0.0,0.0,0.0
RRAS,0.0,0.0,0.0,0.0,0.0,0.0,0.0,0.0,0.0,0.0,0.0,0.0,0.0,0.0,0.0,0.0,0.0,0.0,0.0,0.0,0.0,0.0,0.60253155,0.0,0.0,0.0,0.0,0.0,0.0,0.0,0.0,0.0,0.0,0.0,0.0,0.0,0.0,0.0,0.0,0.0,0.0,0.0
IRF3,0.0,0.0,0.0,0.0,0.0,0.0,0.0,0.0,0.0,0.0,0.0,0.0,0.0,0.0,0.0,0.0,0.0,0.0,0.0,0.0,0.0,0.0,0.0,0.11111429,0.2261846,0.0,0.0,0.0,0.0,0.0,0.0,0.0,0.0,0.0,0.0,0.0,0.0,0.0,0.0,0.0,0.0,0.0
BCL2L12,0.0,0.0,0.0,0.0,0.0,0.0,0.0,0.33730862,0.0,0.0,0.0,0.0,0.0,0.0,0.0,0.0,0.0,0.0,0.0,0.0,0.0,0.0,0.0,0.0,0.4464751,0.0,0.0,0.0,0.0,0.0,0.0,0.0,0.0,0.0,0.0,0.0,0.0,0.0,0.0,0.0,0.0,0.0
PRMT1,0.58264226,0.0,0.0,0.0,0.42963788,0.5035982,0.50117546,1.1354078,0.0,0.0,0.0,0.0,0.0,0.0,0.0,0.0,0.0,0.0,0.0,0.0,0.0,0.0,0.0,0.37846246,1.1109859,0.0,0.0,0.8170831,0.0,0.0,0.0,0.0,0.0,0.0,0.0,0.0,0.0,0.0,0.0,0.0,0.0,0.8129155
AP2A1,0.0,0.0,0.0,0.0,0.0,0.0,0.40317827,0.43522826,0.0,0.21446666,0.0,0.0,0.0,0.0,0.0,0.0,0.0,0.0,0.0,0.0,0.0,0.0,0.5907533,0.0,0.0,0.0,0.0,0.0,0.0,0.0,0.0,0.0,0.0,0.0,0.0,0.0,0.0,0.0,0.0,0.0,0.0,0.0
MED25,0.0,0.0,0.0,0.0,0.0,0.0,0.0,0.33433178,0.0,0.18083665,0.0,0.0,0.0,0.0,0.0,0.0,0.0,0.0,0.0,0.0,0.0,0.0,0.0,0.0,0.0,0.0,0.0,0.0,0.0,0.0,0.0,0.0,0.0,0.0,0.0,0.0,0.0,0.0,0.0,0.0,0.0,0.0
PTOV1,0.0,0.0,0.0,0.0,0.0,0.0,0.0,0.60116863,0.0,0.66260076,0.0,0.0,0.0,0.0,0.0,0.0,0.0,0.0,0.0,0.0,0.0,0.0,0.0,0.17477192,0.1802879,0.0,0.0,0.0,0.0,0.0,0.0,0.0,0.0,0.0,0.0,0.0,0.0,0.0,0.0,0.0,0.0,0.0
PNKP,0.0,0.0,0.0,0.0,0.0,0.0,0.0,0.0,0.0,0.18083665,0.0,0.0,0.0,0.0,0.0,0.0,0.0,0.0,0.0,0.0,0.0,0.0,0.0,0.0,0.23792577,0.0,0.0,0.0,0.0,0.0,0.0,0.0,0.0,0.0,0.0,0.0,0.0,0.0,0.0,0.0,0.0,0.0
NUP62,0.0,0.0,0.0,0.0,0.0,0.0,0.27371624,0.35416436,0.0,0.0,0.0,0.0,0.44090223,0.0,0.0,0.0,0.0,0.0,0.0,0.0,0.0,0.0,0.0,0.0,0.23451747,0.0,0.0,0.0,0.0,0.0,0.0,0.0,0.0,0.0,0.0,0.0,0.0,0.0,0.0,0.0,0.0,0.0
ATF5,0.0,0.0,0.0,0.0,0.0,0.0,0.32769254,0.0,0.0,0.0,0.0,0.0,0.0,0.0,0.0,0.0,0.0,0.0,0.0,0.0,0.0,0.0,0.0,0.0,0.29982746,0.0,0.0,0.0,0.0,0.0,0.0,0.0,0.0,0.0,0.0,0.0,0.0,0.0,0.0,0.0,0.0,0.0
NR1H2,0.0,0.0,0.0,0.0,0.0,0.48604932,0.42777815,0.45990208,0.0,0.0,0.0,0.7784047,0.0,0.0,0.8421502,0.0,0.0,0.0,0.0,0.0,0.0,0.0,0.54015994,0.0,0.0,0.0,0.0,0.0,0.0,0.0,0.0,0.0,0.0,0.0,0.0,0.0,0.0,0.0,0.0,0.0,0.0,0.0
NAPSA,0.0,0.0,0.0,0.0,0.0,1.6727626,0.0,0.0,0.0,0.0,0.0,0.0,0.0,0.0,0.0,0.0,0.0,0.0,0.0,0.0,0.0,0.0,0.0,0.0,0.0,0.0,0.0,0.0,0.0,0.0,0.0,0.0,0.0,0.0,0.0,0.0,0.0,0.0,0.0,0.0,0.0,0.0
POLD1,0.0,0.0,0.0,0.0,0.0,0.0,0.0,0.31666055,0.0,0.0,0.0,0.0,0.0,0.0,0.0,0.0,0.0,0.0,0.0,0.0,0.0,0.0,0.0,0.0,0.0,0.0,0.0,0.0,0.0,0.0,0.0,0.0,0.0,0.0,0.0,0.0,0.0,0.0,0.0,0.0,0.0,0.0
SPIB,1.2390066,0.0,0.0,0.0,0.0,0.0,0.0,0.0,0.0,0.65150476,0.0,0.0,0.0,0.0,0.8421502,0.0,0.0,0.0,1.0682309,0.0,0.0,0.0,0.0,0.0,0.0,1.7172877,0.0,0.0,0.0,0.0,0.0,0.0,0.0,0.0,0.0,0.0,0.0,0.0,0.0,0.0,0.0,1.770699
EMC10,0.0,0.0,0.0,0.0,0.0,0.4224942,0.43482453,0.0,0.0,0.0,0.0,0.0,0.0,0.0,0.0,0.0,0.0,0.0,0.0,0.0,0.0,0.0,0.0,0.17572023,0.3394277,0.0,0.0,0.23526299,0.0,0.0,0.0,0.0,0.0,0.0,0.0,0.0,0.0,0.0,0.0,0.0,0.0,0.5981039
JOSD2,0.0,0.0,0.0,0.0,0.0,0.0,0.36318722,0.0,0.0,0.18155362,0.0,0.5104259,0.0,0.0,0.0,0.0,0.0,0.0,0.0,0.0,0.0,0.0,0.0,0.0,0.14103276,0.0,0.0,0.0,0.0,0.0,0.0,0.0,0.0,0.0,0.0,0.0,0.0,0.0,0.0,0.0,0.0,0.0
CLEC11A,0.0,0.0,0.0,0.0,0.0,0.0,0.0,0.0,0.0,0.0,0.0,0.0,0.0,0.0,0.0,0.0,0.0,0.0,0.0,0.0,0.0,0.0,0.0,0.0,0.0,0.0,0.0,1.011888,0.0,0.0,0.0,0.0,0.0,0.0,0.0,0.0,0.0,0.0,0.0,0.0,0.0,0.0
ENSG00000167747,0.0,0.0,0.0,0.0,0.40171468,0.0,0.0,0.9810823,0.0,0.7637583,0.0,0.0,0.0,0.0,0.0,0.0,0.0,0.0,0.0,0.0,0.0,0.0,0.0,0.0,0.52555865,0.0,0.0,0.5524649,0.0,0.0,0.0,0.0,0.0,0.0,0.0,0.0,0.0,0.0,0.0,0.0,0.0,0.0
CD33,0.0,0.0,0.0,0.0,0.0,0.0,0.6339667,0.0,0.0,0.0,0.0,0.0,0.7257168,0.0,0.0,0.0,0.0,0.0,0.0,0.0,0.0,0.0,0.0,0.0,0.0,0.0,0.0,0.0,0.0,0.0,0.0,0.0,0.0,0.0,0.0,0.0,0.0,0.0,0.0,0.0,0.0,0.0
ETFB,0.0,0.0,0.0,0.74798274,0.5764273,0.41057968,0.5691604,0.7959497,0.0,0.21446666,0.0,0.0,0.0,0.0,0.0,0.0,0.0,0.0,0.0,0.0,0.0,0.0,0.0,0.0,0.65705824,0.0,0.0,0.6051121,0.0,0.0,0.0,0.0,0.0,0.0,0.0,0.0,0.0,0.0,0.0,0.0,0.0,0.58466613
NKG7,0.0,0.0,0.0,1.2561252,3.668384,0.0,0.44790858,0.0,0.0,0.0,0.0,0.0,0.0,1.9436849,0.0,1.665819,0.0,0.0,0.0,3.9484358,3.4440458,0.0,0.0,0.0,0.0,0.0,0.0,0.4989237,1.7436373,0.0,0.0,3.285604,0.0,2.7872934,0.0,0.0,0.0,0.0,2.5856903,0.0,1.3920217,0.0
SIGLEC10,0.0,0.0,0.0,0.0,0.0,0.4224942,0.0,0.0,0.0,0.0,0.0,0.0,0.0,0.0,0.0,0.0,0.0,0.0,0.0,0.0,0.0,0.0,0.62123084,0.0,0.0,0.0,0.0,0.0,0.0,0.0,0.0,0.0,0.0,0.0,0.0,0.0,0.0,0.0,0.0,0.0,0.0,0.0
FPR1,0.0,0.0,1.7368454,0.8108622,0.0,0.0,0.5132103,0.0,0.0,0.0,0.0,1.8631475,1.1757209,0.0,0.0,0.0,0.0,0.0,0.0,0.0,0.0,0.0,1.068013,0.0,0.0,0.0,0.0,0.0,0.0,0.0,0.0,0.0,0.0,0.0,0.0,0.0,0.0,0.0,0.0,0.0,0.0,0.0
PPP2R1A,0.6719898,0.0,0.0,0.48668513,0.5885702,0.41900888,0.5683462,0.6078263,0.0,0.8468152,0.0,0.0,0.7458428,0.0,0.0,0.0,0.0,0.0,0.0,0.0,0.0,0.0,0.0,0.0,0.4185225,0.0,0.0,0.43893063,0.0,0.0,0.0,0.0,0.0,0.0,0.0,0.0,0.0,0.0,0.0,0.0,0.0,0.0
ZNF331,1.316409,0.0,0.0,0.0,0.0,0.442071,0.0,0.0,0.0,0.0,0.0,0.7063019,1.661052,0.99468327,0.77814996,0.0,0.0,0.0,0.9897726,0.0,0.75791514,0.0,0.0,0.0,0.0,0.0,0.0,0.0,0.6047449,0.0,0.83610415,0.0,1.0397422,1.327199,0.9198303,0.9585339,1.0034633,0.9433717,1.1068124,0.8565465,1.032353,0.0
MYADM,0.0,0.0,0.7735311,0.7583184,0.0,0.7064579,0.88195956,0.0,0.0,0.0,1.2238884,0.64906085,0.0,1.034102,0.0,0.0,0.0,0.0,0.0,0.0,0.7296331,1.1392728,0.0,0.0,0.0,1.5049419,1.1985635,0.3159325,0.0,0.0,0.0,0.0,0.0,0.0,0.0,0.9517363,0.0,0.0,0.0,0.94596577,1.2260957,0.6927366
NDUFA3,0.72478276,0.0,0.73519766,0.7837051,0.68675923,0.7979581,0.6290406,0.8685803,1.4685524,1.0438523,0.5784484,1.1521438,1.3831153,0.6855351,0.7355936,0.0,0.0,0.71691453,0.7671442,0.0,0.0,0.0,0.8668686,0.6445776,1.0087337,0.0,0.0,0.6577679,0.0,0.0,0.7564553,1.1620108,0.0,1.1316731,0.0,0.0,0.9251719,0.518653,1.1453758,0.0,1.0495343,0.6210139
PRPF31,0.0,0.0,0.0,0.0,0.36266124,0.0,0.33419082,0.4228387,0.0,0.21446666,0.0,0.0,0.0,0.0,0.0,0.0,0.0,0.0,0.0,0.0,0.0,0.0,0.0,0.0,0.3215746,0.0,0.0,0.0,0.0,0.0,0.0,0.0,0.0,0.0,0.0,0.0,0.0,0.0,0.0,0.0,0.0,0.0
CNOT3,0.0,0.0,0.0,0.0,0.0,0.0,0.0,0.0,0.0,0.0,0.0,0.0,0.0,0.0,0.0,0.0,0.0,0.0,0.0,0.0,0.0,0.0,0.0,0.0,0.12881172,0.0,0.0,0.0,0.0,0.0,0.0,0.0,0.0,0.0,0.0,0.0,0.0,0.0,0.0,0.0,0.0,0.0
MBOAT7,0.0,0.0,0.0,0.32884157,0.0,0.0,0.6284687,0.0,0.0,0.0,0.0,0.0,0.0,0.0,0.0,0.0,0.33560765,0.0,0.0,0.0,0.0,0.0,0.0,0.0,0.0,0.0,0.0,0.0,0.0,0.0,0.0,0.0,0.0,0.0,0.0,0.0,0.0,0.0,0.0,0.0,0.0,0.0
TSEN34,0.0,0.0,0.0,0.0,0.0,0.0,0.4739445,0.0,0.0,0.0,0.0,0.0,0.44090223,0.0,0.0,0.0,0.0,0.0,0.0,0.0,0.0,0.0,0.0,0.0,0.0,0.0,0.0,0.0,0.0,0.0,0.0,0.0,0.0,0.0,0.0,0.0,0.0,0.0,0.0,0.0,0.0,0.07924435
RPS9,3.1747751,2.5746036,3.0423663,3.0201373,2.5292065,2.9736784,3.3400736,3.314824,2.337792,3.015646,3.1533253,3.0978389,2.7701442,2.9234643,3.2517807,3.0440464,2.9464555,2.2132764,3.218241,2.4452338,2.7563608,3.1858735,3.1583633,1.9847825,2.8853471,2.5907145,2.784861,3.322853,2.8171792,0.0,3.283687,2.9232562,3.1456416,2.8671706,3.3484607,3.2757797,3.4057221,2.9795465,2.898169,2.9704058,2.8553212,3.2439885
LILRB3,0.0,0.0,0.85135657,0.0,0.0,0.0,0.47268915,0.0,0.0,0.0,0.0,0.965619,0.5578004,0.0,0.0,0.0,0.0,0.0,0.0,0.0,0.0,0.0,0.82099223,0.0,0.0,0.0,0.0,0.0,0.0,0.0,0.0,0.0,0.0,0.0,0.0,0.0,0.0,0.0,0.0,0.0,0.0,0.0
LILRB5,0.0,0.0,0.0,0.0,0.0,0.0,0.0,0.0,0.0,0.0,0.0,0.0,1.4347595,0.0,0.0,0.0,0.0,0.0,0.0,0.0,0.0,0.0,0.0,0.0,0.0,0.0,0.0,0.0,0.0,0.0,0.0,0.0,0.0,0.0,0.0,0.0,0.0,0.0,0.0,0.0,0.0,0.0
LILRB2,0.0,0.0,0.97200936,0.0,0.0,0.0,0.37619096,0.0,0.0,0.0,0.0,1.6444154,1.3831153,0.0,0.0,0.0,0.0,0.0,0.0,0.0,0.0,0.0,2.096623,0.0,0.0,0.0,0.0,0.0,0.0,0.0,0.0,0.0,0.0,0.0,0.0,0.0,0.0,0.0,0.0,0.0,0.0,0.0
LILRA5,0.0,0.0,1.1715484,0.0,0.0,0.0,0.40606603,0.0,0.0,0.0,0.0,1.4059621,0.0,0.0,0.0,0.0,0.0,0.0,0.0,0.0,0.0,0.0,1.9067599,0.0,0.0,0.0,0.0,0.0,0.0,0.0,0.0,0.0,0.0,0.0,0.0,0.0,0.0,0.0,0.0,0.0,0.0,0.0
LILRA4,0.0,0.0,0.0,0.0,0.0,0.0,0.0,0.0,0.0,0.0,0.0,0.0,0.0,0.0,0.0,0.0,0.0,0.0,0.0,0.0,0.0,0.0,0.0,0.0,0.0,0.0,0.0,0.0,0.0,0.0,0.0,0.0,0.0,0.0,0.0,0.0,0.0,0.0,0.0,0.0,0.0,2.144431
LAIR1,0.0,0.0,0.0,0.53087413,0.0,0.0,0.0,0.0,0.0,0.0,0.0,0.5367148,0.0,0.0,0.0,0.0,0.5547431,0.0,0.0,0.0,0.0,0.0,0.58966017,0.0,0.0,0.0,0.0,0.29609555,0.0,0.0,0.0,0.0,0.0,0.0,0.0,0.0,0.0,0.0,0.0,0.0,0.0,0.8913647
LENG8,0.0,0.0,0.0,0.0,0.0,0.0,0.0,0.0,0.0,0.0,0.392094,0.4254868,0.0,0.0,0.0,0.0,0.0,0.0,0.0,0.0,0.0,0.0,0.0,0.0,0.0,0.0,0.0,0.16523883,0.0721409,0.0,0.0,0.0,0.0,0.0,0.0,0.0,0.0,0.0,0.0,0.0,0.0,0.0
LILRA2,0.0,0.0,0.0,0.0,0.0,0.0,0.38106546,0.0,0.0,0.0,0.0,0.5046885,0.0,0.0,0.0,0.0,0.0,0.0,0.0,0.0,0.0,0.0,0.97798145,0.0,0.0,0.0,0.0,0.0,0.0,0.0,0.0,0.0,0.0,0.0,0.0,0.0,0.0,0.0,0.0,0.0,0.0,0.0
LILRA1,0.0,0.0,0.0,0.0,0.0,0.0,0.0,0.0,0.0,0.0,0.0,0.0,0.0,0.0,0.0,0.0,0.0,0.0,0.0,0.0,0.0,0.0,0.9995781,0.0,0.0,0.0,0.0,0.0,0.0,0.0,0.0,0.0,0.0,0.0,0.0,0.0,0.0,0.0,0.0,0.0,0.0,0.0
LILRB1,0.0,0.0,0.0,0.0,0.0,0.0,0.0,0.0,0.0,0.0,0.0,1.0883627,0.0,0.0,0.0,0.0,0.0,0.0,0.0,0.0,0.0,0.0,1.5583181,0.0,0.0,0.0,0.0,0.0,0.0,0.0,0.0,0.0,0.0,0.0,0.0,0.0,0.0,0.0,0.0,0.0,0.0,0.0
LILRB4,0.0,0.0,0.0,0.0,0.0,0.0,0.701911,0.0,0.0,0.0,0.0,0.5104259,0.7257168,0.0,0.0,0.0,0.0,0.0,0.0,0.0,0.0,0.0,0.0,0.0,0.0,0.0,0.0,0.0,0.0,0.0,0.0,0.0,0.0,0.0,0.0,0.0,0.0,0.0,0.0,0.0,0.0,1.5412258
FCAR,0.0,0.0,0.0,0.0,0.0,0.0,0.0,0.0,0.0,0.0,0.0,1.0393877,0.0,0.0,0.0,0.0,0.0,0.0,0.0,0.0,0.0,0.0,0.0,0.0,0.0,0.0,0.0,0.0,0.0,0.0,0.0,0.0,0.0,0.0,0.0,0.0,0.0,0.0,0.0,0.0,0.0,0.0
GP6,0.0,0.0,0.0,0.0,0.0,0.0,0.0,0.0,0.0,0.0,0.0,0.0,0.0,0.0,0.0,0.0,0.0,0.34853995,0.0,0.0,0.0,0.0,0.0,0.0,0.0,0.0,0.0,0.0,0.0,0.0,0.0,0.0,0.0,0.0,0.0,0.0,0.0,0.0,0.0,0.0,0.0,0.0
PPP6R1,0.0,0.0,0.0,0.0,0.614117,0.38905048,0.3606974,0.21756232,0.0,0.0,0.0,0.0,0.91374826,0.0,0.0,0.0,0.0,0.0,0.0,0.0,0.0,0.0,0.0,0.0,0.16899817,0.0,0.0,0.33525956,0.0,0.0,0.0,0.0,0.0,0.0,0.0,0.0,0.0,0.0,0.0,0.0,0.0,0.61369693
HSPBP1,0.0,0.0,0.0,0.0,0.0,0.0,0.0,0.40277502,0.0,0.18083665,0.0,0.0,0.0,0.0,0.0,0.0,0.0,0.0,0.0,0.0,0.0,0.0,0.0,0.0,0.17029929,0.0,0.0,0.0,0.0,0.0,0.0,0.0,0.0,0.0,0.0,0.0,0.0,0.0,0.0,0.0,0.0,0.0
TMEM238,0.0,0.0,0.0,0.0,0.0,0.0,0.0,0.0,0.0,0.0,0.0,0.0,0.0,0.0,0.0,0.0,0.0,0.0,0.0,0.0,0.0,0.0,0.0,0.0,0.18984015,0.0,0.0,0.0,0.0,0.0,0.0,0.0,0.0,0.0,0.0,0.0,0.0,0.0,0.0,0.0,0.0,0.0
RPL28,4.1275983,3.5718865,3.6458526,3.664266,3.4100933,4.126024,3.8972414,3.841846,3.3667321,3.9411335,3.7712152,3.5342357,3.6966937,3.9926872,3.9657502,3.9293778,3.6703942,2.911788,4.018118,3.3759165,3.6556225,4.0163093,3.8302095,2.6806471,3.6595032,3.450145,3.6622958,3.9845905,3.9290605,2.1021698,4.2134004,3.6871424,4.056583,3.7506783,4.2621574,4.2501874,4.2589607,4.1177835,3.8296201,3.9716663,3.9587266,3.7553349
UBE2S,0.0,0.0,0.0,0.8472826,1.5311568,0.3431283,0.36097383,0.6373407,0.0,0.44057786,0.0,0.0,0.0,0.0,0.0,0.0,0.0,0.0,0.0,0.0,0.60809195,0.0,0.0,0.0,1.0831999,0.0,0.0,0.43499047,0.0,0.0,0.0,0.0,0.0,0.0,0.0,0.0,0.0,0.0,0.0,0.0,0.0,0.5639859
ISOC2,0.0,0.0,0.0,0.0,0.0,0.0,0.0,0.958349,0.0,0.18083665,0.0,0.0,0.7458428,0.0,0.0,0.0,0.0,0.0,0.0,0.0,0.0,0.0,0.0,0.21425852,0.74204737,0.0,0.0,0.22794527,0.0,0.0,0.0,0.0,0.0,0.0,0.0,0.0,0.0,0.0,0.0,0.0,0.0,0.0
ZNF580,0.0,0.0,0.0,0.0,0.0,0.0,0.0,0.0,0.0,0.0,0.0,0.0,0.0,0.0,0.0,0.0,0.0,0.0,0.0,0.0,0.0,0.0,0.0,0.0,0.17878182,0.0,0.0,0.0,0.0,0.0,0.0,0.0,0.0,0.0,0.0,0.0,0.0,0.0,0.0,0.0,0.0,0.0
ZNF581,0.0,0.0,0.0,0.0,0.0,0.0,0.0,0.17040983,0.0,0.3953033,0.0,0.0,0.0,0.0,0.0,0.0,0.0,0.0,0.0,0.0,0.0,0.0,0.0,0.0,0.0,0.0,0.0,0.0,0.0,0.0,0.0,0.0,0.0,0.0,0.0,0.0,0.0,0.0,0.0,0.0,0.0,0.0
U2AF2,0.0,0.0,0.0,0.0,0.0,0.0,0.0,0.5257802,0.0,0.18155362,0.0,0.0,0.0,0.0,0.0,0.0,0.0,0.0,0.0,0.0,0.0,0.0,0.0,0.0,0.30694038,0.0,0.0,0.0,0.0,0.0,0.0,0.0,0.0,0.0,0.0,0.0,0.0,0.0,0.0,0.0,0.0,0.0
EPN1,0.0,0.0,0.0,0.0,0.0,0.38905048,0.4026517,0.18297052,0.0,0.21446666,0.0,0.0,0.44090223,0.0,0.0,0.0,0.0,0.0,0.0,0.0,0.0,0.0,0.5545057,0.0,0.20875011,0.0,0.0,0.0,0.0,0.0,0.0,0.0,0.0,0.0,0.0,0.0,0.0,0.0,0.0,0.0,0.0,0.0
ERVK3-1,0.0,0.0,0.0,0.0,0.41890264,0.0,0.0,0.2775542,0.0,0.18155362,0.0,0.0,0.0,0.0,0.0,0.0,0.0,0.0,0.0,0.0,0.0,0.0,0.0,0.0,0.22572826,0.0,0.0,0.0,0.33005965,0.0,0.0,0.0,0.0,0.0,0.0,0.0,0.0,0.0,0.0,0.0,0.0,0.0
ENSG00000283103,0.0,0.0,0.0,0.0,0.0,0.0,0.0,0.0,0.0,0.18083665,0.0,0.0,0.0,0.0,0.0,0.0,0.0,0.0,0.0,0.0,0.0,0.0,0.0,0.0,0.0,0.0,0.0,0.0,0.0,0.0,0.0,0.0,0.0,0.0,0.0,0.0,0.0,0.0,0.0,0.0,0.0,0.0
A1BG,0.0,0.0,0.0,0.0,0.0,0.0,0.0,0.0,0.0,0.0,0.0,0.0,0.0,0.0,0.0,0.0,0.0,0.0,0.0,0.0,0.0,0.0,0.0,0.21110761,0.0,0.0,1.0024796,0.0,0.0,0.0,0.0,0.0,0.0,0.0,0.0,0.0,0.0,0.0,0.0,0.0,0.0,0.78606856
RPS5,3.157438,1.9687096,1.9808936,2.3600507,2.5146227,2.9689949,3.021511,3.5728643,2.2494903,2.8684864,3.024404,2.2139914,2.5365725,3.0289426,2.9991453,2.860907,2.6236606,2.2836661,3.26821,2.4579148,2.9531755,3.3906813,2.4121935,2.1045964,3.0452466,2.5811338,2.7540352,3.199544,2.9357538,0.0,3.3593354,2.5537221,3.191702,2.6210942,3.6537309,3.3565698,3.4930232,3.0796905,2.6537032,2.965017,3.1003335,3.1406107
TRIM28,0.0,0.0,0.0,0.5479714,0.75899833,0.34146005,0.42200556,1.0359278,0.0,0.49282485,0.0,0.0,0.0,0.0,0.0,0.0,0.0,0.0,0.0,0.0,0.0,0.0,0.0,0.0,0.6459526,0.0,0.0,0.86712074,0.26866388,0.0,0.0,0.0,0.0,0.0,0.0,0.0,0.0,0.0,0.0,0.0,0.0,0.0
CHMP2A,0.0,0.0,0.74453443,0.78407896,0.72878414,0.40235615,0.83359367,0.3514894,0.0,0.18083665,0.0,0.79289067,0.0,0.0,0.0,0.0,0.0,0.0,0.0,0.0,0.0,0.0,0.687557,0.27354294,0.58686376,0.0,0.0,0.43893063,0.0,0.0,0.0,0.0,0.0,0.0,0.0,0.0,0.0,0.0,0.0,0.0,0.0,0.6794112
UBE2M,0.0,0.0,0.0,0.3980137,0.7129283,0.0,0.50117546,0.3023484,0.0,0.49282485,0.0,0.0,0.0,0.0,0.0,0.0,0.0,0.0,0.0,0.0,0.0,0.0,0.0,0.0,0.6967541,0.0,0.0,0.44361004,0.0,0.0,0.0,0.0,0.0,0.0,0.0,0.0,0.0,0.0,0.0,0.0,0.0,0.52763665
RBCK1,0.0,0.0,0.0,0.0,0.566874,0.4165121,0.43891594,0.3251022,0.0,0.36239028,0.0,0.0,0.0,0.0,0.0,0.0,0.0,0.0,0.0,0.0,0.0,0.0,0.0,0.0,0.1409382,0.0,0.0,0.0,0.0,0.0,0.0,0.0,0.0,0.0,0.0,0.0,0.0,0.0,0.0,0.0,0.0,0.0
CSNK2A1,0.0,0.0,0.0,0.0,0.0,0.34115425,0.38319385,0.49457142,0.0,0.23875955,0.0,0.0,0.0,0.0,0.0,0.0,0.0,0.0,0.0,0.0,0.0,0.0,0.0,0.0,0.37302485,0.0,0.0,0.32812405,0.0,0.0,0.0,0.0,0.0,0.0,0.0,0.0,0.0,0.0,0.0,0.0,0.0,0.0
PSMF1,0.0,0.0,0.0,0.0,0.5306957,0.50819945,0.49004585,0.85912097,0.0,0.0,0.0,0.5104259,0.44090223,0.0,0.0,0.0,0.0,0.0,0.0,0.0,0.0,0.0,0.43484658,0.0,0.34932685,0.0,0.0,0.21164806,0.0,0.0,0.0,0.0,0.0,0.0,0.0,0.0,0.0,0.0,0.0,0.0,0.0,0.0
FKBP1A,0.74198973,1.7795953,1.3608384,1.2828988,0.7763087,0.9360883,1.3913783,1.3422521,1.92592,0.44057786,0.0,1.7100043,1.967121,0.0,0.0,0.0,0.57552946,1.517102,0.0,0.0,0.0,0.0,1.5724128,0.18363768,0.944811,0.0,1.4101219,1.0377109,0.0,0.0,0.0,0.0,0.0,0.0,0.0,0.0,0.0,0.0,0.0,0.0,0.0,0.97233045
NSFL1C,0.0,0.0,0.0,0.0,0.0,0.37521976,0.367315,0.3484845,0.0,0.49282485,0.0,0.0,0.0,0.0,0.0,0.0,0.0,0.0,0.0,0.0,0.0,0.0,0.0,0.0,0.27654222,0.0,0.0,0.2111709,0.0,0.0,0.0,0.0,0.0,0.0,0.0,0.0,0.0,0.0,0.0,0.0,0.0,0.0
SIRPB1,0.0,0.0,0.0,0.0,0.0,0.0,0.0,0.0,0.0,0.0,0.0,0.5046885,0.0,0.0,0.0,0.0,0.0,0.0,0.0,0.0,0.0,0.0,0.5490376,0.0,0.0,0.0,0.0,0.0,0.0,0.0,0.0,0.0,0.0,0.0,0.0,0.0,0.0,0.0,0.0,0.0,0.0,0.0
SIRPA,0.0,0.0,0.0,0.0,0.0,0.0,0.3689735,0.0,0.0,0.0,0.0,0.5073828,0.5578004,0.0,0.0,0.0,0.0,0.0,0.0,0.0,0.0,0.0,0.0,0.0,0.0,0.0,0.0,0.0,0.0,0.0,0.0,0.0,0.0,0.0,0.0,0.0,0.0,0.0,0.0,0.0,0.0,0.0
SNRPB,0.99629664,0.0,0.57411283,1.3862023,1.7679948,0.8968226,1.1974732,1.7375307,0.0,1.6592816,0.96516603,0.64906085,0.0,1.010965,0.8421502,0.49112624,0.54733765,0.5970048,0.88109183,1.1722982,1.0831285,0.0,0.91430795,0.22109266,1.4913815,0.0,0.0,1.3225359,1.0025449,0.0,0.8856259,1.0772766,0.7738456,1.0833181,0.8792721,0.33094135,0.8117644,0.9722649,1.0248479,0.9864893,0.0,1.1541843
NOP56,0.0,0.0,0.0,0.0,0.7297846,0.0,0.0,0.7127449,0.0,0.9078726,0.0,0.0,0.0,0.0,0.0,0.0,0.0,0.0,0.0,0.0,0.0,0.0,0.0,0.0,0.8477324,0.0,0.0,0.72590435,0.0,0.0,0.0,0.0,0.0,0.0,0.0,0.0,0.0,0.0,0.0,0.0,0.0,0.55658674
IDH3B,0.0,0.0,0.0,0.0,0.5119773,0.0,0.40982887,0.40724805,0.0,0.36239028,0.0,0.0,0.0,0.0,0.0,0.0,0.0,0.0,0.0,0.0,0.0,0.0,0.0,0.0,0.30694038,0.0,0.0,0.2362566,0.0,0.0,0.0,0.0,0.0,0.0,0.0,0.0,0.0,0.0,0.0,0.0,0.0,0.0
PTPRA,0.0,0.0,0.0,0.0,0.679891,0.0,0.0,0.24261232,0.0,0.0,0.0,0.0,0.0,0.0,0.0,0.0,0.0,0.0,0.0,0.0,0.0,0.0,0.0,0.0,0.17029929,0.0,0.0,0.16138063,0.0,0.0,0.0,0.0,0.0,0.0,0.0,0.0,0.0,0.0,0.0,0.0,0.0,0.0
MRPS26,0.0,0.0,0.0,0.0,0.31798154,0.0,0.0,0.6034461,0.0,0.0,0.0,0.0,0.5578004,0.0,0.0,0.0,0.0,0.0,0.0,0.0,0.0,0.0,0.0,0.0,0.43104085,0.0,0.0,0.25950062,0.0,0.0,0.0,0.0,0.0,0.0,0.0,0.0,0.0,0.0,0.0,0.0,0.0,0.0
DDRGK1,0.0,0.0,0.0,0.0,0.0,0.3431283,0.2934634,0.0,0.0,0.21446666,0.0,0.0,0.0,0.0,0.0,0.0,0.0,0.0,0.0,0.0,0.0,0.0,0.0,0.14303318,0.39136866,0.0,0.0,0.0,0.0,0.0,0.0,0.0,0.0,0.0,0.0,0.0,0.0,0.0,0.0,0.0,0.0,0.0
ITPA,0.0,0.0,0.0,0.0,0.0,0.27226898,0.38839248,0.44569615,0.0,0.21446666,0.0,0.0,0.0,0.0,0.0,0.0,0.0,0.0,0.0,0.0,0.0,0.0,0.0,0.0,0.31360656,0.0,0.0,0.28452376,0.0,0.0,0.0,0.0,0.0,0.0,0.0,0.0,0.0,0.0,0.0,0.0,0.0,0.0
ADISSP,0.0,0.0,0.0,0.8994034,0.0,1.2360533,0.50117546,0.9850151,0.0,0.0,0.0,0.4963503,0.0,0.0,0.0,0.0,0.0,0.0,0.0,0.0,0.0,0.0,0.61726606,0.0,0.16632998,0.0,0.0,0.6295074,0.0,0.0,0.0,0.0,0.0,0.0,0.0,0.0,0.0,0.0,0.0,0.0,0.0,0.0
CENPB,0.0,0.0,0.0,0.0,0.0,0.0,0.0,0.0,0.0,0.23380059,0.0,0.0,0.0,0.0,0.0,0.0,0.0,0.0,0.0,0.0,0.0,0.0,0.0,0.0,0.0,0.0,0.0,0.0,0.0,0.0,0.0,0.0,0.0,0.0,0.0,0.0,0.0,0.0,0.0,0.0,0.0,0.0
CDC25B,0.0,0.0,0.0,0.0,0.8422636,0.0,0.0,0.0,0.0,0.0,0.0,0.0,0.0,0.0,0.0,0.0,0.0,0.0,0.0,0.0,0.0,0.0,0.0,0.0,0.23452023,2.2568183,0.0,0.0,0.0,0.0,0.0,0.0,0.0,0.0,0.0,0.0,0.0,0.0,0.0,0.0,0.0,0.0
MAVS,0.0,0.0,0.0,0.0,0.0,0.0,0.0,0.0,0.0,0.18155362,0.0,0.0,0.0,0.0,0.0,0.0,0.0,0.0,0.0,0.0,0.0,0.0,0.0,0.0,0.0,0.0,0.0,0.0,0.0,0.0,0.0,0.0,0.0,0.0,0.0,0.0,0.0,0.0,0.0,0.0,0.0,0.0
PANK2,0.0,0.0,0.0,0.0,0.0,0.0,0.0,0.22105831,0.0,0.4153542,0.0,0.0,0.44090223,0.0,0.0,0.0,0.0,0.0,0.0,0.0,0.0,0.0,0.0,0.0,0.18766053,0.0,0.0,0.0,0.0,0.0,0.0,0.0,0.0,0.0,0.0,0.0,0.0,0.0,0.0,0.0,0.0,0.0
RNF24,0.0,0.0,0.0,0.0,0.0,0.0,0.0,0.18988355,0.0,0.0,0.0,0.0,0.0,0.0,0.0,0.0,0.0,0.0,0.0,0.0,0.0,0.0,0.0,0.0,0.0,0.0,0.0,0.1706563,0.0,0.0,0.0,0.0,0.0,0.0,0.0,0.0,0.0,0.0,0.0,0.0,0.0,0.0
PRNP,0.0,0.0,0.6380248,0.44742224,0.0,0.0,0.42581785,0.1495519,0.0,0.0,0.59476876,0.5950968,1.3831153,0.0,0.0,0.0,0.31010425,0.0,0.0,0.0,0.0,0.0,0.43078348,0.0,0.0,0.0,0.0,0.0,0.0,0.0,0.0,0.0,0.0,0.0,0.0,0.0,0.0,0.0,0.0,0.0,0.0,0.0
RASSF2,0.0,0.0,0.73045456,0.48991114,0.0,0.3828968,0.50284827,0.0,0.0,0.18155362,0.0,0.4963503,0.0,0.0,0.0,0.0,0.0,0.0,0.0,0.0,0.0,0.0,0.0,0.0,0.0,0.0,0.0,0.0,0.0,0.0,0.0,0.0,0.0,0.0,0.0,0.0,0.0,0.0,0.0,0.0,0.0,0.7256759
TMEM230,0.0,0.0,0.0,0.0,0.6092402,0.5137493,0.5200598,0.49778783,0.0,0.0,0.0,0.0,0.0,0.0,0.0,0.0,0.0,0.0,0.0,0.0,0.0,0.0,0.39731973,0.32185125,0.58235437,0.0,0.0,0.34060913,0.0,0.0,0.0,0.0,0.0,0.0,0.0,0.0,0.0,0.0,0.0,0.0,0.0,0.69679344
PCNA,0.0,0.0,0.0,0.77968246,1.5810279,0.0,0.0,1.0275187,0.0,0.23380059,0.0,0.0,0.0,0.0,0.0,0.0,0.0,0.0,0.0,0.0,0.0,0.0,0.0,0.0,0.65820134,0.0,0.0,0.65399295,0.0,0.0,0.0,0.0,0.0,0.0,0.0,0.0,0.0,0.0,0.0,0.0,0.0,0.0
CDS2,0.0,0.0,0.0,0.0,0.0,0.0,0.0,0.0,0.0,0.0,0.0,0.0,0.0,0.0,0.0,0.0,0.0,0.0,0.0,0.0,0.0,0.0,0.0,0.0,0.09044729,0.0,0.0,0.0,0.0,0.0,0.0,0.0,0.0,0.0,0.0,0.0,0.0,0.0,0.0,0.0,0.0,0.0
GPCPD1,0.0,0.0,0.9651661,0.4825041,0.0,0.0,0.4363086,0.0,0.0,0.18155362,0.0,0.7784047,0.7257168,0.0,0.0,0.0,0.0,0.0,0.0,0.0,0.0,0.0,0.5896064,0.0,0.0,0.0,0.0,0.0,0.0,0.0,0.0,0.0,0.0,0.0,0.0,0.0,0.0,0.0,0.0,0.0,0.0,0.0
TRMT6,0.0,0.0,0.0,0.0,0.0,0.0,0.43932745,0.0,0.0,0.0,0.0,0.0,0.0,0.0,0.0,0.0,0.0,0.0,0.0,0.0,0.0,0.0,0.0,0.0,0.0,0.0,0.0,0.0,0.0,0.0,0.0,0.0,0.0,0.0,0.0,0.0,0.0,0.0,0.0,0.0,0.0,0.0
CRLS1,0.0,0.0,0.0,0.0,0.0,0.0,0.0,0.5516525,0.0,0.18083665,0.0,0.0,0.0,0.0,0.0,0.0,0.0,0.0,0.0,0.0,0.0,0.0,0.0,0.0,0.0,0.0,0.0,0.0,0.0,0.0,0.0,0.0,0.0,0.0,0.0,0.0,0.0,0.0,0.0,0.0,0.0,0.0
TMX4,0.0,0.0,0.0,0.5646548,0.6447342,0.0,0.38106546,0.15539156,0.0,0.36239028,1.0021521,0.0,0.0,0.0,0.0,0.0,0.0,0.0,0.0,0.0,0.0,0.0,0.0,0.0,0.0,0.0,0.0,0.23229149,0.0,0.0,0.0,0.0,0.0,0.0,0.0,0.0,0.0,0.0,0.0,0.0,0.0,0.0
LAMP5,0.0,0.0,0.0,0.0,0.0,0.0,0.0,0.0,0.0,0.0,0.0,0.0,0.0,0.0,0.0,0.0,0.0,0.0,0.0,0.0,0.0,0.0,0.0,0.0,0.0,0.0,0.0,0.0,0.0,0.0,0.0,0.0,0.0,0.0,0.0,0.0,0.0,0.0,0.0,0.0,0.0,0.87468284
MKKS,0.0,0.0,0.0,0.0,0.0,0.0,0.0,0.12812422,0.0,0.0,0.0,0.0,0.0,0.0,0.0,0.0,0.0,0.0,0.0,0.0,0.0,0.0,0.0,0.0,0.0,0.0,0.0,0.0,0.0,0.0,0.0,0.0,0.0,0.0,0.0,0.0,0.0,0.0,0.0,0.0,0.0,0.0
BTBD3,0.0,0.0,0.0,0.0,0.0,0.0,0.0,0.0,0.0,0.0,0.0,0.0,0.0,0.0,0.0,0.0,0.0,0.0,0.0,0.0,0.0,0.0,0.0,0.0,0.0,0.54810905,0.9045438,0.0,0.0,0.0,0.0,0.0,0.0,0.0,0.0,0.0,0.0,0.0,0.0,0.0,0.0,0.0
ESF1,0.0,0.0,0.0,0.0,0.0,0.0,0.0,0.27877295,0.0,0.0,0.0,0.0,0.0,0.0,0.0,0.0,0.0,0.0,0.0,0.0,0.0,0.0,0.0,0.0,0.13101205,0.0,0.0,0.0,0.0,0.0,0.0,0.0,0.0,0.0,0.0,0.0,0.0,0.0,0.0,0.0,0.0,0.0
KIF16B,0.0,0.0,0.0,0.0,0.0,0.38395348,0.0,0.0,0.0,0.0,0.0,0.0,0.0,0.0,0.0,0.0,0.0,0.0,0.0,0.0,0.0,0.0,0.0,0.0,0.0,0.0,0.0,0.0,0.0,0.0,0.0,0.0,0.0,0.0,0.0,0.0,0.0,0.0,0.0,0.0,0.0,0.0
SNRPB2,0.0,0.0,0.0,0.6136225,0.80592513,0.48598903,0.6290406,0.8003936,0.0,0.4532262,0.0,0.64906085,0.44090223,0.0,0.6868571,0.0,0.0,0.0,0.0,0.0,0.0,0.0,0.56290984,0.0,0.7441767,0.0,0.0,0.71195006,0.0,0.0,0.0,0.0,0.0,0.0,0.0,0.0,0.0,0.0,0.0,0.0,0.0,0.793095
DSTN,0.0,0.0,0.0,0.0,1.0268869,0.66842306,0.36097383,0.936663,0.0,0.0,0.0,0.0,0.0,0.0,0.0,0.0,0.0,0.8740115,0.0,0.91036206,0.0,0.0,0.0,0.3757476,0.460218,0.0,0.0,0.53844833,0.0,0.0,0.0,0.0,0.0,0.0,0.0,0.0,0.0,0.0,0.0,0.0,0.0,1.3310515
RRBP1,0.0,0.0,0.0,0.6666595,0.0,0.41900888,0.49489614,0.0,0.0,0.18083665,0.0,0.6602513,1.3831153,0.0,0.0,0.0,0.0,0.0,0.0,0.0,0.0,0.0,0.61875176,1.0591956,1.1660888,0.0,0.0,0.4396717,0.0,0.0,0.0,0.0,0.0,0.0,0.0,0.0,0.0,0.0,0.0,0.0,0.0,1.4716561
SNX5,0.4650107,0.0,0.0,0.0,0.55109906,0.4580726,0.40982887,0.6357128,0.0,0.8468152,0.0,0.0,0.7257168,0.0,0.6868571,0.0,0.0,0.0,0.0,0.0,0.0,0.0,0.57924485,0.0,0.7312999,0.0,0.0,0.42178065,0.0,0.0,0.0,0.0,0.0,0.0,0.0,0.0,0.0,0.0,0.0,0.0,0.0,0.0
SEC23B,0.0,0.0,0.0,0.0,0.0,0.0,0.0,0.0,0.0,0.18155362,0.0,0.0,0.0,0.0,0.0,0.0,0.0,0.0,0.0,0.0,0.0,0.0,0.0,0.0,0.2355887,0.0,0.0,0.0,0.0,0.0,0.0,0.0,0.0,0.0,0.0,0.0,0.0,0.0,0.0,0.0,0.0,0.0
SMIM26,0.0,0.0,0.0,0.0,0.0,0.57750386,0.82644564,0.45744354,0.0,0.6587094,0.0,0.5046885,0.0,0.0,0.0,0.0,0.0,0.0,0.0,0.0,0.0,0.0,0.0,0.2366023,0.45104513,0.0,1.0257652,0.5004436,0.0,0.0,0.0,0.0,0.0,0.0,0.8253269,0.0,0.7832142,0.0,0.0,0.0,0.0,0.62210774
DTD1,0.0,0.0,0.0,0.0,0.0,0.0,0.3007177,0.14484286,0.0,0.25902426,0.0,0.0,0.0,0.0,0.0,0.0,0.0,0.23400488,0.0,0.0,0.0,0.0,0.0,0.0,0.0,0.0,0.0,0.0,0.0,0.0,0.0,0.0,0.0,0.0,0.0,0.0,0.0,0.0,0.0,0.0,0.0,0.0
NAA20,0.0,0.0,0.0,0.0,0.0,0.0,0.3606974,0.49431562,0.0,0.18083665,0.0,0.0,0.0,0.0,0.0,0.0,0.0,0.0,0.0,0.0,0.0,0.0,0.0,0.0,0.3220604,0.0,0.0,0.0,0.0,0.0,0.0,0.0,0.0,0.0,0.0,0.0,0.0,0.0,0.0,0.0,0.0,0.0
CRNKL1,0.0,0.0,0.0,0.0,0.0,0.0,0.0,0.0,0.0,0.4195962,0.0,0.0,0.0,0.0,0.0,0.0,0.0,0.0,0.0,0.0,0.0,0.0,0.0,0.0,0.16472894,0.0,0.0,0.0,0.0,0.0,0.0,0.0,0.0,0.0,0.0,0.0,0.0,0.0,0.0,0.0,0.0,0.0
XRN2,0.0,0.0,0.94707537,0.9257697,0.68924534,0.64742905,0.98002267,0.5427533,0.0,0.31335935,0.0,0.6449004,0.0,0.0,0.9916867,0.0,0.0,0.0,0.0,0.0,0.0,0.0,0.58697015,0.14519256,0.64444435,0.0,0.9045438,0.8235854,0.0,0.0,0.0,0.0,0.0,0.0,0.7447412,0.0,0.0,0.8190001,0.0,0.0,0.0,0.74006677
THBD,0.0,0.0,0.0,0.0,0.0,0.77582276,0.0,0.0,0.0,0.0,0.0,0.5367148,0.0,0.0,0.0,0.0,0.0,0.0,0.0,0.0,0.0,0.0,0.0,0.0,0.0,0.0,0.0,0.0,0.0,0.0,0.0,0.0,0.0,0.0,0.0,0.0,0.0,0.0,0.0,0.0,0.0,0.0
CD93,0.0,0.0,1.1081356,0.6275362,0.0,0.52941227,0.0,0.0,0.0,0.0,0.0,0.0,0.5578004,0.0,0.0,0.0,0.0,0.0,0.0,0.0,0.0,0.0,0.0,0.0,0.0,0.0,0.0,0.0,0.0,0.0,0.0,0.0,0.0,0.0,0.0,0.0,0.0,0.0,0.0,0.0,0.0,0.0
NXT1,0.0,0.0,0.0,0.0,0.42695487,0.0,0.4004618,0.39161706,0.0,0.0,0.9341768,0.0,0.0,0.0,0.0,0.0,0.0,0.0,0.0,0.0,0.0,0.0,0.0,0.0,0.20406052,0.0,0.0,0.17870754,0.0,0.0,0.7063539,0.0,0.0,0.0,0.90533257,0.0,0.0,0.0,0.0,0.0,0.0,0.0
CST3,0.0,2.8315418,2.9097366,2.2575693,0.0,5.000807,3.6285536,0.82802445,3.2172916,0.0,0.0,3.564976,4.1794767,0.0,1.1810663,2.181034,0.59308225,1.6137897,0.0,0.0,0.0,0.0,3.584943,0.0,0.0,0.0,0.0,0.8265481,0.0,0.0,0.0,0.0,0.0,0.0,0.0,0.0,0.0,0.0,0.0,0.0,0.0,2.840784
CST7,0.0,0.0,0.0,0.0,2.31981,0.0,0.63789797,0.0,0.0,0.0,0.0,0.0,0.0,1.9380656,0.0,0.78057736,0.0,0.0,0.0,2.9659333,2.1717687,0.0,0.0,0.0,0.0,0.0,0.0,0.9105618,0.43726647,0.0,0.0,2.4650664,0.0,2.5539212,0.0,0.0,0.0,0.0,2.4161453,1.1442078,1.2398783,0.0
APMAP,0.0,0.0,0.0,0.0,1.0103823,0.0,0.3832682,0.0,0.0,0.0,0.0,0.0,0.0,0.0,0.0,0.0,0.0,0.0,0.0,1.302297,1.076001,0.0,0.0,0.0,0.16245984,0.0,0.0,0.0,0.0,0.0,0.0,0.0,0.0,1.0491726,0.0,0.0,0.0,0.0,0.0,0.0,0.0,0.0
ACSS1,0.0,0.0,0.0,0.0,0.0,0.0,0.0,0.5215579,0.0,0.0,0.0,0.0,0.0,0.0,0.0,0.0,0.0,0.0,0.0,0.0,0.0,0.0,0.0,0.0,0.17058174,0.0,0.0,0.0,0.0,0.0,0.0,0.0,0.0,0.0,0.0,0.0,0.0,0.0,0.0,0.0,0.0,0.0
ABHD12,0.0,0.0,0.0,0.0,0.0,0.0,0.0,0.0,0.0,0.0,0.0,0.0,0.0,0.0,0.0,0.0,0.0,0.0,0.0,0.0,0.0,0.0,0.0,0.0,0.12207285,0.0,0.0,0.0,0.0,0.0,0.0,0.0,0.0,0.0,0.0,0.0,0.0,0.0,0.0,0.0,0.0,0.0
HM13,0.0,0.0,0.5880537,0.66446,0.0,0.8435441,0.6489082,0.41530126,0.0,0.18083665,0.8185749,0.8840804,1.141807,0.0,0.0,0.0,0.559886,0.0,0.0,0.0,0.0,0.0,0.7303334,1.169229,1.2504463,0.0,0.0,0.5313705,0.0,0.0,0.0,0.0,0.0,0.0,0.0,0.0,0.0,0.0,0.0,0.0,0.0,1.1488619
BCL2L1,0.0,0.0,0.0,0.0,0.0,0.0,0.0,0.16742976,0.0,0.0,0.0,0.0,0.44090223,0.0,0.0,0.0,0.0,0.6886834,0.0,0.0,0.0,0.0,0.0,0.0,0.0,0.0,0.0,0.0,0.0,0.0,0.0,0.0,0.0,0.0,0.0,0.0,0.0,0.0,0.0,0.0,0.0,0.0
TPX2,0.0,0.0,0.0,0.49512902,1.1856842,0.0,0.0,0.5468501,0.0,0.25902426,0.0,0.0,0.0,0.0,0.0,0.0,0.0,0.0,0.0,0.0,0.0,0.0,0.0,0.0,0.33039644,0.0,0.0,0.0,0.0,0.0,0.0,0.0,0.0,0.0,0.0,0.0,0.0,0.0,0.0,0.0,0.0,0.0
PDRG1,0.0,0.0,0.0,0.0,0.0,0.0,0.0,0.12644519,0.0,0.0,0.0,0.0,0.0,0.0,0.0,0.0,0.0,0.0,0.0,0.0,0.0,0.0,0.0,0.0,0.0,0.0,0.0,0.0,0.0,0.0,0.0,0.0,0.0,0.0,0.0,0.0,0.0,0.0,0.0,0.0,0.0,0.0
HCK,0.53828317,0.0,1.0439571,0.75570774,0.0,1.0283258,0.93621397,0.0,0.0,0.0,0.0,1.1161138,1.1682736,0.0,0.0,0.0,0.0,0.0,0.0,0.0,0.0,0.0,1.434751,0.0,0.0,0.0,0.0,0.0,0.0,0.0,0.0,0.0,0.0,0.0,0.0,0.0,0.0,0.0,0.0,0.0,0.0,0.0
POFUT1,0.0,0.0,0.0,0.0,0.0,0.0,0.0,0.0,0.0,0.21446666,0.0,0.0,0.0,0.0,0.0,0.0,0.0,0.0,0.0,0.0,0.0,0.0,0.0,0.0,0.0,0.0,0.0,0.0,0.0,0.0,0.0,0.0,0.0,0.0,0.0,0.0,0.0,0.0,0.0,0.0,0.0,0.0
ASXL1,0.6262727,0.0,0.0,0.0,0.54933155,0.0,0.0,0.1812183,0.0,0.4977838,0.0,0.0,0.0,0.0,0.0,0.0,0.0,0.0,0.0,0.0,0.0,0.0,0.0,0.17477192,0.65940875,0.0,0.0,0.0,0.0,0.0,0.0,0.0,0.0,0.0,0.0,0.0,0.0,0.0,0.0,0.0,0.0,0.0
COMMD7,0.0,0.0,0.0,0.42194498,0.7022117,0.0,0.4004618,0.2734338,0.0,0.0,0.0,0.0,0.0,0.0,0.0,0.0,0.0,1.1368589,0.0,0.0,0.0,0.0,0.0,0.0,0.14813367,0.0,0.0,0.55907935,0.0,0.0,0.0,0.0,0.0,0.0,0.0,0.0,0.0,0.0,0.0,0.0,0.0,0.0
MAPRE1,0.0,0.0,0.0,0.41314572,0.6906082,0.0,0.42593443,0.32494235,0.0,0.49282485,0.0,0.47305363,0.0,0.0,0.0,0.0,0.0,0.43636423,0.0,0.0,0.0,0.0,0.43583572,0.0,0.45040458,0.0,0.0,0.24740203,0.0,0.0,0.0,0.0,0.0,0.0,0.0,0.0,0.0,0.0,0.0,0.0,0.0,0.533713
CHMP4B,0.0,0.0,0.0,0.32635516,0.0,0.5035982,0.4739445,0.22834241,0.0,0.6432668,0.0,0.8635058,0.0,0.0,0.0,0.0,0.0,0.0,0.0,0.0,0.0,0.0,0.6040611,0.0,0.25929803,0.0,0.0,0.0,0.0,0.0,0.0,0.0,0.0,0.0,0.0,0.0,0.0,0.0,0.0,0.0,0.0,0.3949767
RALY,0.565376,0.0,0.0,0.7240076,1.4461553,0.82469076,0.694751,0.69267255,0.0,0.44826725,1.0021521,0.0,0.0,0.0,0.0,0.0,0.0,1.1056395,0.0,0.0,0.85421443,0.0,0.687557,0.53035116,0.9779633,0.0,0.0,0.6291023,0.57136756,0.0,0.0,0.0,0.0,0.0,0.0,0.0,0.0,0.0,0.0,0.0,0.0,0.72265327
EIF2S2,0.6126078,0.0,0.6062684,1.0497757,0.8278216,0.6838616,0.7923612,1.1962508,0.0,0.9041966,0.6301467,0.5073828,0.44090223,0.0,0.0,0.0,0.0,0.27963656,0.0,0.0,0.0,0.0,0.6316077,0.6463459,1.4266787,0.0,0.935398,0.9022955,0.0,0.0,0.0,0.0,0.0,0.0,0.0,0.0,0.0,0.5936779,0.0,0.0,0.0,0.73549473
AHCY,0.0,0.0,0.0,0.0,0.0,0.0,0.0,1.1085968,0.0,0.23875955,0.0,0.0,0.0,0.0,0.0,0.0,0.0,0.0,0.0,0.0,0.0,0.0,0.0,0.0,0.56514627,0.0,0.0,0.39931566,0.0,0.0,0.0,0.0,0.0,0.0,0.0,0.0,0.0,0.0,0.0,0.0,0.0,0.55306864
ITCH,0.0,0.0,0.0,0.0,0.0,0.0,0.0,0.0,0.0,0.0,0.0,0.0,0.44090223,0.0,0.0,0.0,0.0,0.0,0.0,0.0,0.0,0.0,0.0,0.0,0.17043604,0.0,0.0,0.0,0.0,0.0,0.0,0.0,0.0,0.0,0.0,0.0,0.0,0.0,0.0,0.0,0.0,0.16717437
DYNLRB1,0.0,0.0,0.0,0.33698076,0.70643264,0.0,0.4089112,0.0,0.0,0.0,0.0,0.0,0.0,0.0,0.0,0.0,0.0,0.6718845,0.0,0.0,0.0,0.0,0.0,0.0,0.5168439,0.0,0.0,0.0,0.0,0.0,0.0,0.0,0.0,0.0,0.0,0.0,0.0,0.0,0.0,0.0,0.0,0.65934885
GSS,0.0,0.0,0.0,0.0,0.0,0.0,0.0,0.19160235,0.0,0.0,0.0,0.0,0.0,0.0,0.0,0.0,0.0,0.0,0.0,0.0,0.0,0.0,0.0,0.0,0.0,0.0,0.0,0.0,0.0,0.0,0.0,0.0,0.0,0.0,0.0,0.0,0.0,0.0,0.0,0.0,0.0,0.0
TRPC4AP,0.0,0.0,0.0,0.0,0.0,0.0,0.0,0.0,0.0,0.0,0.0,0.0,0.0,0.0,0.0,0.0,0.0,0.0,0.0,0.0,0.0,0.0,0.0,0.0,0.13528816,0.0,0.0,0.0,0.0,0.0,0.0,0.0,0.0,0.0,0.0,0.0,0.0,0.0,0.0,0.0,0.0,0.0
EDEM2,0.0,0.0,0.0,0.0,0.0,0.0,0.0,0.0,0.0,0.0,0.0,0.0,0.0,0.0,0.0,0.0,0.0,0.0,0.0,0.0,0.0,0.0,0.0,0.29947463,0.26444438,0.0,0.0,0.0,0.0,0.0,0.0,0.0,0.0,0.0,0.0,0.0,0.0,0.0,0.0,0.0,0.0,0.0
MMP24OS,0.0,0.0,0.0,0.31457394,0.29493195,0.4580726,0.41870624,0.1235589,0.0,0.0,0.0,0.5221987,0.0,0.0,0.0,0.0,0.0,0.0,0.0,0.0,0.0,0.0,0.8756225,0.0,0.19805485,0.0,0.0,0.21574308,0.0,0.0,0.0,0.0,0.0,0.0,0.0,0.0,0.0,0.0,0.0,0.0,0.0,0.0
EIF6,0.0,0.0,0.0,0.3456548,0.6081939,0.7979581,0.6699801,0.62770003,0.0,0.0,0.0,0.0,0.0,0.0,0.0,0.0,0.0,0.0,0.0,0.0,0.0,0.0,0.4921133,0.0,0.43481812,0.0,0.0,0.51428974,0.0,0.0,0.0,0.0,0.0,0.0,0.0,0.0,0.0,0.0,0.0,0.0,0.0,0.6566161
ERGIC3,0.0,0.0,0.0,0.6267302,0.0,0.66842306,0.65458435,1.0512264,0.0,0.5521189,1.049655,0.4254868,0.44090223,0.0,0.0,0.0,0.81104946,0.0,0.0,0.0,0.0,0.0,0.6603193,1.0641581,0.72134984,0.0,0.0,0.78887224,0.0,0.0,0.0,0.0,0.0,0.0,0.0,0.0,0.0,0.0,0.0,0.0,0.0,0.8034687
SPAG4,0.0,0.0,0.0,0.0,0.0,0.0,0.0,0.0,0.0,0.0,0.0,0.0,0.0,0.0,0.0,0.0,0.0,0.0,0.0,0.0,0.0,0.0,0.0,0.77510643,0.0,0.0,0.0,0.0,0.0,0.0,0.0,0.0,0.0,0.0,0.0,0.0,0.0,0.0,0.0,0.0,0.0,0.0
CPNE1,0.0,0.0,0.0,0.0,0.58729184,0.54746395,0.42777815,0.18934622,0.0,0.31335935,0.0,0.47305363,0.0,0.0,0.0,0.0,0.0,0.0,0.0,0.0,0.0,0.0,0.0,0.0,0.37698022,0.0,0.0,0.37409884,0.0,0.0,0.0,0.0,0.0,0.0,0.0,0.0,0.0,0.0,0.0,0.0,0.0,0.40361583
ROMO1,0.0,0.0,0.6663548,0.90380025,0.7537653,1.0891035,0.5683462,0.9844781,1.267622,0.98358387,0.0,0.84672683,1.141807,0.0,0.0,0.0,0.1692653,0.39916435,0.0,0.0,0.0,0.0,0.8008533,0.68421835,1.1864134,0.0,0.0,0.8146343,0.62491465,0.0,0.0,0.0,0.0,0.0,0.0,0.0,0.0,0.0,0.0,0.0,0.0,0.6661594
RBM39,1.7631744,0.0,1.5877426,1.6163778,1.9410298,1.2762874,1.7269341,1.1202188,0.0,1.8620067,1.992839,1.1161138,0.97920024,1.7593824,1.7421771,1.5286756,1.8130856,0.0,1.7749467,2.2832298,2.2031846,1.7493031,1.3894575,0.8800676,1.4245294,1.963697,1.9724295,1.474268,1.8533912,2.3719406,1.6879162,1.9576588,1.8315952,2.1404414,1.6630415,1.7194674,1.6219273,1.8251647,1.9865896,1.7485186,1.8151942,1.7146211
PHF20,0.886296,0.0,0.0,0.0,0.71837234,0.0,0.5467275,0.2293312,0.0,0.36239028,0.81207776,0.5950968,0.44090223,0.0,0.0,0.0,0.0,0.0,0.7197789,1.0466475,0.91036236,0.0,0.61289835,0.0,0.13101205,0.0,0.0,0.21040273,0.0,0.0,0.68966544,0.0,0.0,0.9695644,0.0,0.0,0.81427807,0.0,0.0,0.8403492,0.99532795,0.0
SCAND1,0.78854465,0.0,1.0563383,1.0983019,0.93134856,0.65338784,0.83815897,0.7701356,0.0,1.1278161,0.6301467,0.7784047,0.0,0.88646376,0.0,0.46277606,1.1739175,0.9217661,0.6831987,1.0689187,0.98307544,0.0,0.8608187,0.50517035,0.781283,1.3768531,1.5184323,0.9417646,0.7785859,0.0,0.8637835,1.059653,0.90550804,1.1381192,0.9055519,0.640079,0.8657725,1.0183632,1.0393877,0.86841303,1.0495343,1.0470976
NORAD,0.0,0.0,0.6652395,0.5701274,0.0,0.38395348,0.47691563,0.21609913,0.0,0.63124,0.72809076,0.5367148,0.91374826,0.0,0.0,0.0,0.0,0.68252707,0.0,0.0,0.0,0.0,0.48457727,0.21866085,0.1720261,0.0,0.0,0.49389625,0.0,0.0,0.0,0.0,0.0,0.0,0.0,0.0,0.0,0.0,0.0,0.0,0.0,0.5162507
MYL9,0.0,0.0,0.0,0.0,0.0,0.0,0.0,0.0,0.0,0.0,0.0,0.0,0.0,0.0,0.0,0.0,0.0,1.4305098,0.0,0.0,0.0,0.0,0.0,0.0,0.0,0.0,0.0,0.0,0.0,0.0,0.0,0.0,0.0,0.0,0.0,0.0,0.0,0.0,0.0,0.0,0.0,0.0
RAB5IF,0.0,0.0,1.2072436,1.2474126,1.0335009,0.66842306,0.84653664,0.6392689,0.0,0.82128066,0.0,0.79289067,0.5578004,0.0,0.7355936,0.0,0.0,0.0,0.0,1.0963508,0.8079216,0.0,0.8347182,0.3474632,1.0071439,0.0,0.0,0.6945266,0.0,0.0,0.0,1.1026285,0.0,1.1035032,0.0,0.0,0.0,0.0,0.0,0.0,0.0,0.72517073
SLA2,0.0,0.0,0.0,0.0,0.0,0.0,0.0,0.0,0.0,0.0,0.0,0.0,0.0,0.0,0.0,0.0,0.0,0.7533591,0.0,0.0,0.0,0.0,0.0,0.0,0.0,0.0,0.0,0.0,0.0,0.0,0.0,0.0,0.0,0.0,0.0,0.0,0.0,0.0,0.0,0.0,0.0,0.0
DSN1,0.0,0.0,0.0,0.0,0.0,0.0,0.0,0.13638774,0.0,0.0,0.0,0.0,0.0,0.0,0.0,0.0,0.0,0.0,0.0,0.0,0.0,0.0,0.0,0.0,0.0,0.0,0.0,0.0,0.0,0.0,0.0,0.0,0.0,0.0,0.0,0.0,0.0,0.0,0.0,0.0,0.0,0.0
SAMHD1,0.0,1.0205148,1.6698668,1.8080907,0.7105663,1.6233416,2.1324217,0.0,1.4195268,0.0,0.0,1.054872,1.7012795,0.0,0.0,0.0,0.0,0.0,0.0,0.9794252,0.0,0.0,1.3367944,0.0,0.08575259,0.0,0.0,0.0,0.0,0.0,0.76971537,0.0,0.0,0.0,0.9023606,0.9951098,0.87034416,1.1689996,0.0,0.0,0.0,1.5853009
RPN2,0.0,0.0,0.78951156,1.2494481,0.7563354,0.7475655,0.8604636,0.8185159,0.0,0.55321854,0.81207776,0.8840804,0.91374826,0.0,0.7355936,0.0,1.124785,0.0,0.0,0.0,0.0,0.0,0.4979903,1.2095563,1.5608807,0.0,0.0,1.2405852,0.17714557,0.0,0.0,0.0,0.0,0.0,0.0,0.0,0.0,0.0,0.0,0.0,0.0,1.3151784
CTNNBL1,0.0,0.0,0.0,0.0,0.0,0.34115425,0.41870624,0.17570476,0.0,0.18155362,0.0,0.0,0.0,0.0,0.0,0.0,0.0,0.0,0.0,0.0,0.0,0.0,0.0,0.0,0.14598884,0.0,0.0,0.0,0.0,0.0,0.0,0.0,0.0,0.0,0.0,0.0,0.0,0.0,0.0,0.0,0.0,0.0
TGM2,0.0,0.0,0.0,0.0,0.0,0.0,0.0,0.21756232,0.0,0.0,0.0,0.0,0.0,0.0,0.0,0.0,0.0,0.0,0.0,0.0,0.0,0.0,0.0,0.0,0.0,0.0,0.0,0.0,0.0,0.0,0.0,0.0,0.0,0.0,0.0,0.0,0.0,0.0,0.0,0.0,0.0,0.0
SNHG17,0.0,0.0,0.0,0.0,0.0,0.0,0.0,0.20464721,0.0,0.0,0.0,0.0,0.0,0.0,0.0,0.0,0.0,0.0,0.0,0.0,0.0,0.0,0.0,0.0,0.0,0.0,0.0,0.1519711,0.0,0.0,0.0,0.0,0.0,0.0,0.0,0.0,0.0,0.0,0.0,0.0,0.0,0.0
FAM83D,0.0,0.0,0.0,0.0,0.0,0.0,0.0,0.17862493,0.0,0.0,0.0,0.0,0.0,0.0,0.0,0.0,0.0,0.0,0.0,0.0,0.0,0.0,0.0,0.0,0.0,0.0,0.0,0.0,0.0,0.0,0.0,0.0,0.0,0.0,0.0,0.0,0.0,0.0,0.0,0.0,0.0,0.0
MAFB,0.0,0.0,1.431802,0.0,0.0,0.0,0.0,0.0,0.0,0.0,0.0,1.3961244,2.298769,0.0,0.0,0.0,0.0,0.0,0.0,0.0,0.0,0.0,1.4993291,0.0,0.0,0.0,0.0,0.0,0.0,0.0,0.0,0.0,0.0,0.0,0.0,0.0,0.0,0.0,0.0,0.0,0.0,0.0
TOP1,0.6126078,0.0,0.6214092,0.7938358,0.57979393,0.6174085,0.80836934,1.0442381,0.0,0.3640731,0.0,0.838519,1.4048783,0.0,0.0,0.0,0.0,0.54968095,0.0,0.0,0.0,0.0,0.6161345,0.7306622,1.333629,1.3510351,0.0,0.653543,0.0,0.0,0.0,0.0,0.0,0.0,0.0,0.0,0.0,0.0,0.0,0.0,0.0,0.72856283
SRSF6,0.0,0.0,0.0,0.46034166,0.0,0.28412688,0.47396737,0.32679036,0.0,0.6785321,0.7733425,0.0,0.0,0.0,0.0,0.0,0.0,0.0,0.0,0.0,0.0,0.0,0.0,0.0,0.27712843,0.0,0.0,0.5411331,0.0,0.0,0.0,0.0,0.0,0.0,0.0,0.0,0.0,0.0,0.0,0.0,0.0,0.66060346
IFT52,0.0,0.0,0.0,0.0,0.0,0.0,0.0,0.15667476,0.0,0.0,0.0,0.0,0.0,0.0,0.0,0.0,0.0,0.0,0.0,0.0,0.0,0.0,0.0,0.0,0.0,0.0,0.0,0.0,0.0,0.0,0.0,0.0,0.0,0.0,0.0,0.0,0.0,0.0,0.0,0.0,0.0,0.0
MYBL2,0.0,0.0,0.0,0.0,0.0,0.0,0.0,0.5378798,0.0,0.4153542,0.0,0.0,0.0,0.0,0.0,0.0,0.0,0.0,0.0,0.0,0.0,0.0,0.0,0.0,1.3749212,0.0,0.0,0.0,0.0,0.0,0.0,0.0,0.0,0.0,0.0,0.0,0.0,0.0,0.0,0.0,0.0,0.0
OSER1,0.510213,0.0,0.0,0.5088297,0.0,0.28951037,0.45373747,0.0,0.0,0.0,0.0,0.3987304,0.0,0.0,0.77814996,0.0,0.0,0.0,0.0,0.0,0.0,0.0,0.4478022,0.0,0.0,0.0,0.0,0.0,0.0,0.0,0.0,0.0,0.0,0.0,0.0,0.0,0.0,0.0,0.0,0.0,0.0,0.0
SERINC3,0.0,0.0,0.0,0.0,0.0,0.34146005,0.40476632,0.36662728,0.0,0.18155362,0.0,0.0,0.0,0.0,0.0,0.0,0.0,0.0,0.0,0.0,0.0,0.0,0.0,0.0,0.1146783,0.0,0.0,0.2937954,0.0,0.0,0.0,0.0,0.0,0.0,0.0,0.0,0.0,0.0,0.0,0.0,0.0,0.57207114
PKIG,0.0,0.0,0.0,0.0,0.0,0.0,0.0,0.4083581,0.0,0.21446666,0.0,0.0,0.0,0.0,0.0,0.0,0.0,0.0,0.0,0.0,0.0,0.0,0.0,0.0,0.0,0.0,0.0,0.0,0.0,0.0,0.0,0.0,0.0,0.0,0.0,0.0,0.0,0.0,0.0,0.0,0.0,0.0
ADA,0.0,0.0,0.0,0.0,0.0,0.0,0.0,0.0,0.0,0.0,0.0,0.0,0.0,0.0,0.0,0.0,0.0,0.0,0.0,0.0,0.0,0.0,0.0,0.0,0.15349633,0.0,0.0,0.0,0.0,0.0,0.0,0.0,0.0,0.0,0.0,0.0,0.0,0.0,0.0,0.0,0.0,0.6765244
YWHAB,1.5452952,0.8459288,1.7367593,1.8604252,1.807179,1.510134,1.7750812,1.3499032,1.7832625,1.5909178,0.5784484,1.4880948,1.5203841,1.3365357,1.2927269,1.3916972,1.2401078,1.3380635,1.3468666,1.504207,1.4056331,1.2933023,1.7860398,0.4320575,1.4236302,0.0,1.3830035,1.5320792,1.4261367,0.0,1.4332343,1.5482774,1.3946395,1.6673002,1.3141158,1.4273351,1.2364,1.8040874,1.6102384,1.5434114,1.4482683,1.4766567
STK4,1.3546724,0.0,0.8595593,0.64510506,1.1379023,0.67467314,0.9072667,0.0,0.0,1.1278161,0.48630244,0.4254868,0.0,1.1964655,1.3148127,0.0,0.3865813,0.3486314,1.2968643,1.5916514,1.2609944,1.3732378,0.65101075,0.29905057,0.58686376,0.36588305,0.0,0.3227062,1.069743,1.8789018,1.2255855,1.5925345,1.2103336,1.6133697,1.0110207,1.0781738,1.2689787,1.3689605,1.5693922,1.1254485,1.2266064,0.6943525
DBNDD2,0.0,0.0,0.0,0.0,0.0,0.53241324,0.0,0.0,0.0,0.0,0.0,0.0,0.0,0.0,0.0,0.0,0.0,0.0,0.0,0.0,0.0,0.0,0.0,0.0,0.0,0.0,0.0,0.0,0.0,0.0,0.0,0.0,0.0,0.0,0.0,0.0,0.0,0.0,0.0,0.0,0.0,0.0
PIGT,0.0,0.0,0.0,0.0,0.0,0.0,0.0,0.13736913,0.0,0.0,0.0,0.0,0.0,0.0,0.0,0.0,0.0,0.0,0.0,0.0,0.0,0.0,0.0,0.14266728,0.24775629,0.0,0.0,0.0,0.0,0.0,0.0,0.0,0.0,0.0,0.0,0.0,0.0,0.0,0.0,0.0,0.0,0.0
DNTTIP1,0.0,0.0,0.0,0.0,0.0,0.0,0.367315,0.0,0.0,0.0,0.0,0.0,0.0,0.0,0.0,0.0,0.0,0.0,0.0,0.0,0.0,0.0,0.0,0.0,0.0,0.0,0.0,0.0,0.0,0.0,0.0,0.0,0.0,0.0,0.0,0.0,0.0,0.0,0.0,0.0,0.0,0.0
UBE2C,0.0,0.0,0.0,0.0,1.2380581,0.0,0.0,0.46561325,0.0,0.5725053,0.0,0.0,0.0,0.0,0.0,0.0,0.0,1.407685,0.0,0.0,0.0,0.0,0.0,0.0,0.44463843,0.0,0.0,0.0,0.0,0.0,0.0,0.0,0.0,0.0,0.0,0.0,0.0,0.0,0.0,0.0,0.0,0.0
CTSA,0.0,0.4832946,0.92627585,0.8676516,0.0,0.0,0.40606603,0.0,0.0,0.36239028,0.0,1.0209692,1.141807,0.0,0.0,0.0,0.0,0.4989978,0.0,0.0,0.0,0.0,0.63588595,0.0,0.0,0.0,0.0,0.24828829,0.0,0.0,0.0,0.0,0.0,0.0,0.0,0.0,0.0,0.0,0.0,0.0,0.0,0.0
PLTP,0.0,0.0,0.0,0.0,0.0,0.0,0.0,0.0,0.5369518,0.0,0.0,0.0,1.5547979,0.0,0.0,0.0,0.0,0.0,0.0,0.0,0.0,0.0,0.0,0.0,0.0,0.0,0.0,0.0,0.0,0.0,0.0,0.0,0.0,0.0,0.0,0.0,0.0,0.0,0.0,0.0,0.0,0.0
PCIF1,0.0,0.0,0.0,0.0,0.0,0.0,0.0,0.08676134,0.0,0.23875955,0.0,0.0,0.0,0.0,0.0,0.0,0.0,0.0,0.0,0.0,0.0,0.0,0.0,0.0,0.124119386,0.0,0.0,0.0,0.0,0.0,0.0,0.0,0.0,0.0,0.0,0.0,0.0,0.0,0.0,0.0,0.0,0.0
CD40,0.57448566,0.0,0.0,0.0,0.0,0.0,0.0,0.0,0.0,0.23380059,0.0,0.0,0.0,0.0,0.6868571,0.0,0.0,0.0,0.70306206,0.0,0.0,0.0,0.0,0.0,0.0,0.0,0.0,0.0,0.0,0.0,0.0,0.0,0.0,0.0,0.0,0.0,0.0,0.0,0.0,0.0,0.0,0.0
SLC35C2,0.0,0.0,0.0,0.0,0.0,0.0,0.0,0.0,0.0,0.0,0.0,0.0,0.0,0.0,0.0,0.0,0.0,0.0,0.0,0.0,0.0,0.0,0.0,0.0,0.0,0.0,0.0,0.0,0.0,0.0,0.0,0.0,0.0,0.0,0.0,0.0,0.0,0.0,0.0,0.0,0.0,0.48310354
TP53RK,0.0,0.0,0.0,0.0,0.0,0.0,0.0,0.27055314,0.0,0.0,0.0,0.0,0.0,0.0,0.0,0.0,0.0,0.0,0.0,0.0,0.0,0.0,0.0,0.0,0.0,0.0,0.0,0.0,0.0,0.0,0.0,0.0,0.0,0.0,0.0,0.0,0.0,0.0,0.0,0.0,0.0,0.0
ZMYND8,0.0,0.0,0.0,0.0,0.0,0.0,0.0,0.22421369,0.0,0.4977838,0.0,0.0,0.0,0.0,0.0,0.0,0.0,0.0,0.0,0.0,0.0,0.0,0.0,0.0,0.0,0.0,0.0,0.0,0.0,0.0,0.0,0.0,0.0,0.0,0.0,0.0,0.0,0.0,0.0,0.0,0.0,0.0
NCOA3,0.9578313,0.0,0.0,0.0,0.0,0.0,0.3869165,0.0,0.0,0.0,0.0,0.0,0.0,0.0,0.9916867,0.0,0.0,0.0,0.8607007,0.0,0.0,0.0,0.0,0.4081666,0.58732486,0.0,0.0,0.0,0.0,0.0,0.0,0.0,0.0,0.0,0.0,0.0,0.0,0.0,0.0,0.0,0.0,0.0
SULF2,0.0,0.0,0.0,0.0,0.0,0.6936225,0.8242114,0.0,0.0,0.0,0.0,0.0,0.0,0.0,0.0,0.0,0.0,0.0,0.0,0.0,0.0,0.0,0.0,0.0,0.0,0.0,0.0,0.0,0.0,0.0,0.0,0.0,0.0,0.0,0.0,0.0,0.0,0.0,0.0,0.0,0.0,0.7466993
PREX1,0.0,0.0,0.666067,0.39204025,0.46371025,0.3828968,0.69209886,0.0,0.0,0.0,1.2041712,0.5950968,0.7257168,0.0,0.0,0.0,0.0,0.0,0.0,0.0,0.0,0.0,0.624334,0.0,0.15884948,0.0,0.0,0.0,0.0,0.0,0.0,0.0,0.0,0.0,0.0,0.0,0.0,0.0,0.0,0.0,0.0,0.6687738
CSE1L,0.0,0.0,0.0,0.0,0.0,0.0,0.0,0.41633618,0.0,0.18155362,0.0,0.0,0.0,0.0,0.0,0.0,0.0,0.0,0.0,0.0,0.0,0.0,0.0,0.0,0.16634938,0.0,0.0,0.0,0.0,0.0,0.0,0.0,0.0,0.0,0.0,0.0,0.0,0.0,0.0,0.0,0.0,0.0
STAU1,0.0,0.0,0.0,0.0,0.0,0.0,0.3404857,0.66157997,0.0,0.3960203,0.0,0.5104259,0.0,0.0,0.0,0.0,0.0,0.0,0.0,0.0,0.0,0.0,0.0,0.16501774,0.21471341,0.0,0.0,0.0,0.0,0.0,0.0,0.0,0.0,0.0,0.0,0.0,0.0,0.0,0.0,0.0,0.0,0.0
DDX27,0.57448566,0.0,0.0,0.0,0.1437411,0.34146005,0.49472123,0.17712447,0.0,0.0,0.0,0.0,0.0,0.0,0.0,0.0,0.0,0.0,0.0,0.0,0.0,0.0,0.0,0.0,0.37066114,0.0,0.0,0.21698919,0.0,0.0,0.0,0.0,0.0,0.0,0.0,0.0,0.0,0.0,0.0,0.0,0.0,0.55297554
ZNFX1,0.0,0.0,0.0,0.0,0.0,0.0,0.0,0.0,0.0,0.36239028,0.0,0.0,0.0,0.0,0.0,0.0,0.0,0.0,0.0,0.0,0.0,0.0,0.0,0.0,0.0,0.0,0.0,0.0,0.0,0.0,0.0,0.0,0.0,0.0,0.0,0.0,0.0,0.0,0.0,0.0,0.0,0.0
ZFAS1,1.8456022,1.0205148,1.4358164,1.2857716,1.3904631,1.54337,1.600673,1.1823545,0.0,1.6203704,1.7172766,1.1278445,0.44090223,1.6904961,1.9251993,1.6059271,1.7569335,0.0,1.9462404,1.2881444,1.4945245,1.8485265,1.5574545,0.20344815,0.8648962,1.733859,1.7345462,1.8685043,1.7205899,0.0,1.79531,1.4255288,1.8831432,1.6603655,1.9080894,1.6165481,1.7870529,1.6871979,1.5857068,1.5864792,1.9289606,1.558764
B4GALT5,0.0,0.0,0.0,0.0,0.0,0.0,0.0,0.0,0.0,0.0,0.0,0.5073828,0.0,0.0,0.0,0.0,0.0,0.0,0.0,0.0,0.0,0.0,0.0,0.0,0.0,0.0,0.0,0.0,0.0,0.0,0.0,0.0,0.0,0.0,0.0,0.0,0.0,0.0,0.0,0.0,0.0,0.0
RNF114,0.0,0.0,0.0,0.0,0.0,0.41900888,0.40772784,0.33012676,0.0,0.18155362,0.0,0.0,0.7257168,0.0,0.0,0.0,0.0,0.0,0.0,0.0,0.0,0.0,0.5823473,0.0,0.23792577,0.0,0.0,0.073161334,0.0,0.0,0.0,0.0,0.0,0.0,0.0,0.0,0.0,0.0,0.0,0.0,0.0,0.4370476
UBE2V1,0.0,0.0,0.4996274,0.6182898,0.76804173,0.68602407,0.8347239,0.9689677,0.0,0.6770393,0.0,0.47305363,0.5578004,0.0,0.0,0.0,0.0,0.88810825,0.0,0.0,0.76223177,0.0,0.5617404,0.27620402,0.7286118,0.0,0.0,0.5846533,0.0721409,0.0,0.7606194,0.92210495,0.0,0.0,0.72563434,0.0,0.7474484,0.8641805,0.0,0.0,0.0,0.82379377
CEBPB,0.0,1.4551139,1.920512,1.1998048,0.6364505,0.0,1.1499763,0.15755783,1.2213664,0.0,0.0,1.8521417,1.4347595,0.0,0.0,1.1343846,0.93849856,0.0,0.0,1.2043346,0.0,0.0,1.8704534,0.0,0.13101205,0.0,0.0,0.17352557,0.0,0.0,0.0,0.9513954,0.0,0.9221841,0.0,0.0,0.0,0.0,0.0,0.0,0.0,0.0
PELATON,0.0,0.8459288,0.0,0.0,0.0,0.0,0.0,0.0,0.0,0.0,0.0,1.0545062,0.0,0.0,0.0,0.0,0.0,0.0,0.0,0.0,0.0,0.0,1.6410552,0.0,0.0,0.0,0.0,0.0,0.0,0.0,0.0,0.0,0.0,0.0,0.0,0.0,0.0,0.0,0.0,0.0,0.0,0.0
PTPN1,1.1567551,0.0,0.0,0.0,0.46618116,0.4224942,0.79799163,0.14053446,0.0,0.3924805,0.0,0.72303134,0.0,0.0,0.9916867,0.0,0.0,0.0,0.9811944,0.0,0.0,0.0,0.5795574,0.54731035,0.62551045,0.0,0.0,0.0,0.0,0.0,0.0,0.0,0.0,0.0,0.0,0.0,0.0,0.0,0.0,0.0,0.0,0.80058604
BCAS4,0.51613474,0.0,0.0,0.0,0.0,0.0,0.0,0.0,0.0,0.0,0.0,0.0,0.0,0.0,0.0,0.0,0.0,0.0,0.0,0.0,0.0,0.0,0.0,0.0,0.0,0.0,0.0,0.0,0.0,0.0,0.0,0.0,0.0,0.0,0.0,0.0,0.0,0.0,0.0,0.0,0.0,0.0
DPM1,0.0,0.0,0.0,0.0,0.0,0.0,0.0,0.1595173,0.0,0.36239028,0.0,0.0,0.0,0.0,0.0,0.0,0.0,0.0,0.0,0.0,0.0,0.0,0.0,0.0,0.2261846,0.0,0.0,0.0,0.0,0.0,0.0,0.0,0.0,0.0,0.0,0.0,0.0,0.0,0.0,0.0,0.0,0.0
NFATC2,0.0,0.0,0.0,0.0,0.0,0.40578204,0.0,0.0,0.0,0.0,0.0,0.0,0.0,0.0,0.0,0.0,0.0,0.0,0.0,0.0,0.0,0.0,0.0,0.0,0.0,0.0,0.0,0.0,0.0,0.0,0.0,0.0,0.0,0.0,0.0,0.0,0.0,0.0,0.0,0.0,0.0,0.0
TSHZ2,0.0,0.0,0.0,0.0,0.0,0.0,0.0,0.0,0.0,0.0,0.0,0.0,0.0,0.0,0.0,0.0,0.0,0.0,0.0,0.0,0.0,0.0,0.0,0.0,0.0,0.0,0.0,0.0,0.0,0.0,0.0,0.0,0.0,0.0,0.8703038,0.0,0.0,0.0,0.0,0.0,0.0,0.0
ZNF217,0.0,0.0,0.0,0.0,0.0,0.0,0.0,0.0,0.0,0.47349092,0.0,0.0,0.5578004,0.0,0.0,0.0,0.0,0.0,0.0,0.0,0.0,0.0,0.0,0.0,0.0,0.0,0.0,0.0,0.0,0.0,0.0,0.0,0.0,0.0,0.0,0.0,0.0,0.0,0.0,0.0,0.0,0.0
PFDN4,0.0,0.0,0.0,0.0,0.0,0.28305006,0.3865379,0.5341896,0.0,0.36239028,0.0,0.0,0.0,0.0,0.0,0.0,0.0,0.0,0.0,0.0,0.0,0.0,0.0,0.0,0.22705108,0.0,0.0,0.20204471,0.0,0.0,0.0,0.0,0.0,0.0,0.0,0.0,0.0,0.0,0.0,0.0,0.0,0.0
FAM210B,0.0,0.0,0.0,0.0,0.0,0.0,0.0,0.8361783,0.0,0.0,0.0,0.0,0.0,0.0,0.0,0.0,0.0,0.0,0.0,0.0,0.0,0.0,0.0,0.0,0.0,0.0,0.0,0.0,0.0,0.0,0.0,0.0,0.0,0.0,0.0,0.0,0.0,0.0,0.0,0.0,0.0,0.0
RTF2,0.0,0.0,0.0,0.39616817,0.63691044,0.4165121,0.72522205,0.4413076,0.0,0.18083665,0.0,0.0,0.0,0.0,0.0,0.0,0.0,0.0,0.0,0.0,0.0,0.0,0.4684771,0.0,0.37066114,0.0,0.0,0.41552997,0.0,0.0,0.0,0.0,0.0,0.0,0.0,0.0,0.0,0.0,0.0,0.0,0.0,0.7047396
RAE1,0.0,0.0,0.0,0.0,0.0,0.0,0.0,0.21364279,0.0,0.0,0.0,0.0,0.0,0.0,0.0,0.0,0.0,0.0,0.0,0.0,0.0,0.0,0.0,0.0,0.0,0.0,0.0,0.0,0.0,0.0,0.0,0.0,0.0,0.0,0.0,0.0,0.0,0.0,0.0,0.0,0.0,0.0
RBM38,0.7278692,0.0,0.0,0.0,0.69470084,0.0,0.0,0.3399948,0.0,0.0,0.72809076,0.0,0.0,0.0,1.3148127,0.0,0.0,0.0,0.0,0.8473745,1.0179114,1.3812159,0.0,0.0,0.13101205,1.8031131,1.3541749,0.0,0.51813483,0.0,0.0,0.0,0.0,0.0,0.0,0.0,0.7551974,0.0,0.0,0.0,0.0,0.0
ZBP1,0.0,0.0,0.0,0.0,0.0,0.0,0.0,0.0,0.0,0.0,0.0,0.0,0.0,0.0,0.0,0.0,0.0,0.0,0.0,0.0,0.0,0.0,0.0,0.37242055,0.37302485,0.0,0.0,0.0,0.0,0.0,0.0,0.0,0.0,0.0,0.0,0.0,0.0,0.0,0.0,0.0,0.0,0.0
RAB22A,0.0,0.0,0.0,0.0,0.0,0.27226898,0.0,0.0,0.0,0.0,0.0,0.0,0.0,0.0,0.0,0.0,0.0,0.0,0.0,0.0,0.0,0.0,0.0,0.0,0.0,0.0,0.0,0.0,0.0,0.0,0.0,0.0,0.0,0.0,0.0,0.0,0.0,0.0,0.0,0.0,0.0,0.0
VAPB,0.0,0.0,0.0,0.0,0.0,0.0,0.0,0.0,0.0,0.18083665,0.0,0.0,0.0,0.0,0.0,0.0,0.0,0.0,0.0,0.0,0.0,0.0,0.0,0.0,0.0,0.0,0.0,0.0,0.0,0.0,0.0,0.0,0.0,0.0,0.0,0.0,0.0,0.0,0.0,0.0,0.0,0.0
STX16,0.0,0.0,0.0,0.0,0.0,0.0,0.4023233,0.0,0.0,0.0,0.0,0.0,0.5578004,0.0,0.0,0.0,0.0,0.0,0.0,0.0,0.0,0.0,0.0,0.0,0.0,0.0,0.0,0.0,0.0,0.0,0.0,0.0,0.0,0.0,0.0,0.0,0.0,0.0,0.0,0.0,0.0,0.45427144
GNAS,1.5379356,2.0230935,1.4618659,1.6027253,1.9221641,1.5905099,1.9608871,1.4526424,1.6824713,1.887008,2.0986044,1.7009133,1.8454674,1.6728129,1.9351028,1.7458775,1.9524611,1.7144427,1.5698944,1.5020778,1.7133515,1.5948784,1.6321554,1.3922033,2.1436698,1.935072,1.5883365,1.8355544,1.7899475,1.5627993,1.5692416,1.5585642,1.6478796,1.8604951,1.5951133,1.4480735,1.638876,1.6200824,1.7461705,1.717314,1.6282605,2.417875
NELFCD,0.0,0.0,0.0,0.0,0.0,0.0,0.0,0.4616669,0.0,0.31335935,0.0,0.0,0.0,0.0,0.0,0.0,0.0,0.0,0.0,0.0,0.0,0.0,0.0,0.0,0.27992752,0.0,0.0,0.0,0.0,0.0,0.0,0.0,0.0,0.0,0.0,0.0,0.0,0.0,0.0,0.0,0.0,0.0
CTSZ,0.88428897,2.0230935,1.4513896,1.4573338,0.0,1.8808781,1.7273914,0.0,0.0,0.18155362,0.0,1.3923851,0.0,0.0,1.449307,0.0,0.0,0.0,0.80668306,0.0,0.0,0.0,1.1933742,0.4345558,0.6790195,0.0,0.0,0.0,0.0,0.0,0.0,0.0,0.0,0.0,0.0,0.0,0.0,0.0,0.0,0.0,0.0,1.6488464
TUBB1,0.0,0.0,0.0,0.0,0.0,0.0,0.0,0.0,0.0,0.0,0.0,0.0,0.0,0.0,0.0,0.0,0.0,1.7858018,0.0,0.0,0.0,0.0,0.0,0.0,0.0,0.0,0.0,0.0,0.0,0.0,0.0,0.0,0.0,0.0,0.0,0.0,0.0,0.0,0.0,0.0,0.0,0.0
ATP5F1E,2.3870568,2.7784677,2.7971015,2.641146,2.2579393,2.8915532,2.413927,2.3848875,3.235041,2.634262,2.0024955,2.7674475,3.0152311,2.174096,2.223767,2.5018034,2.215036,2.6017113,2.1680775,2.263221,2.1937478,1.9135356,2.7221014,1.597702,2.4845066,2.1369147,2.124558,2.2424629,2.19569,0.0,2.1657355,2.5750785,2.0722706,2.5888166,1.9479487,2.0221019,2.1351733,2.2076027,2.5972505,2.2517765,1.9845119,2.5711298
PRELID3B,0.0,0.0,0.0,0.0,0.0,0.0,0.0,0.41147065,0.0,0.18083665,0.0,0.0,0.0,0.0,0.0,0.0,0.0,0.0,0.0,0.0,0.0,0.0,0.0,0.0,0.29982746,0.0,0.0,0.0,0.0,0.0,0.0,0.0,0.0,0.0,0.0,0.0,0.0,0.0,0.0,0.0,0.0,0.0
PSMA7,1.1567551,1.7755289,1.5263107,1.8421209,1.6777515,1.285748,1.4975004,1.6749754,1.7541358,1.7618923,1.0573997,1.2930145,1.661052,1.0661017,0.77814996,1.4044144,1.1091766,1.8760961,1.0106317,1.2729452,1.0947607,0.0,1.4211637,0.44286695,1.6603673,1.2258217,1.0764471,1.6157082,1.0304544,0.0,1.0988791,1.2845421,1.0259948,1.191498,0.98654205,0.91952384,0.94251037,1.2485824,1.2093427,1.0795168,1.1232038,1.3112078
ADRM1,0.0,0.0,0.0,0.40761343,0.74722946,0.37913528,0.5586959,0.71602374,0.0,0.36239028,0.0,0.5367148,0.5578004,0.0,0.0,0.0,0.0,0.0,0.0,0.0,0.0,0.0,0.5239655,0.30662262,0.8748451,0.0,0.0,0.20389813,0.0,0.0,0.0,0.0,0.0,0.0,0.0,0.0,0.0,0.0,0.0,0.0,0.0,0.5201159
RPS21,3.5926962,3.1558044,2.6132534,2.894876,2.7692137,3.6329913,3.025423,3.5270984,2.7501674,3.455412,3.1072018,2.696282,2.9404216,3.4139411,3.4901505,3.2268646,2.8195,2.2597136,3.690823,2.7723544,3.0116248,3.5091069,2.7909698,1.9072628,3.0734034,2.8090286,3.1816595,3.3204288,3.2380872,1.853502,3.7138016,3.4286494,3.600513,3.3701878,3.7418756,3.6216884,3.9190722,3.3295612,3.4328268,3.396741,3.473751,3.1011548
OGFR,0.0,0.0,0.0,0.0,0.0,0.40235615,0.44408643,0.0,0.0,0.0,0.0,0.0,0.5578004,0.0,0.0,0.0,0.0,0.0,0.0,0.0,0.0,0.0,0.5687135,0.0,0.23462802,0.0,0.0,0.0,0.0,0.0,0.0,0.0,0.0,0.0,0.0,0.0,0.0,0.0,0.0,0.0,0.0,0.0
GID8,0.0,0.0,0.0,0.0,0.0,0.0,0.0,0.16923325,0.0,0.527826,0.0,0.0,0.0,0.0,0.0,0.0,0.0,0.0,0.0,0.0,0.0,0.0,0.0,0.0,0.1759403,0.0,0.0,0.0,0.0,0.0,0.0,0.0,0.0,0.0,0.0,0.0,0.0,0.0,0.0,0.0,0.0,0.0
SLC17A9,0.0,0.0,0.0,0.0,0.0,0.0,0.0,0.0,0.0,0.0,0.0,0.0,0.0,0.0,0.0,0.0,0.0,0.0,0.0,0.0,0.0,0.0,0.0,0.23831886,0.13167544,0.0,0.0,0.0,0.0,0.0,0.0,0.0,0.0,0.0,0.0,0.0,0.0,0.0,0.0,0.0,0.0,0.0
PPDPF,1.6759837,1.3716987,0.7386059,1.1356204,2.0160565,1.0828639,1.3177292,1.7833312,2.306531,1.2251834,1.3712598,1.3365357,0.97920024,1.603544,1.80621,1.3616834,1.0413587,2.1734881,1.522307,1.3758854,1.3474979,1.4116452,1.5870321,0.616688,0.90058744,0.0,1.1965461,1.1540728,1.3638585,0.0,1.6403263,1.2803061,1.6000642,1.5567892,1.8355696,1.2843062,1.3890758,1.7253836,1.4361826,1.5752919,1.8232756,1.1469618
ARFRP1,0.0,0.0,0.0,0.0,0.0,0.0,0.0,0.19115049,0.0,0.0,0.0,0.0,0.0,0.0,0.0,0.0,0.0,0.0,0.0,0.0,0.0,0.0,0.0,0.0,0.08575259,0.0,0.0,0.0,0.0,0.0,0.0,0.0,0.0,0.0,0.0,0.0,0.0,0.0,0.0,0.0,0.0,0.0
ZGPAT,0.0,0.0,0.0,0.0,0.0,0.0,0.0,0.0,0.0,0.0,0.0,0.0,0.0,0.0,0.0,0.0,0.0,0.0,0.0,0.0,0.0,0.0,0.0,0.0,0.1802879,0.0,0.0,0.0,0.0,0.0,0.0,0.0,0.0,0.0,0.0,0.0,0.0,0.0,0.0,0.0,0.0,0.0
LIME1,0.0,0.0,0.0,0.0,1.142706,0.0,0.0,0.0,0.0,0.0,0.0,0.0,0.0,0.8757838,0.0,0.0,0.0,0.0,0.0,0.0,0.0,0.0,0.0,0.77143687,1.3117654,0.0,0.0,0.0,0.0,0.0,1.3232428,1.2040079,1.2710968,0.911964,1.1026956,0.8441656,1.0476079,1.5224819,1.1886308,0.99511296,1.1232038,1.7051526
SLC2A4RG,0.0,0.0,0.0,0.0,0.62160844,0.0,0.0,0.16354091,0.0,0.0,0.0,0.0,0.0,0.0,0.0,0.0,0.0,0.0,0.0,0.0,0.0,0.0,0.0,0.0,0.12564816,0.0,0.0,0.0,0.0,0.0,0.0,0.0,0.0,0.0,0.0,0.0,0.0,0.0,0.0,0.0,0.0,0.0
TPD52L2,0.0,0.0,0.0,0.0,0.0,0.0,0.3479272,0.3876835,0.0,0.23875955,0.0,0.0,0.91374826,0.0,0.0,0.0,0.0,0.0,0.0,0.0,0.0,0.0,0.0,0.0,0.0,0.0,0.0,0.0,0.0,0.0,0.0,0.0,0.0,0.0,0.0,0.0,0.0,0.0,0.0,0.0,0.0,0.0
PRPF6,0.0,0.0,0.0,0.0,0.0,0.0,0.37992248,0.34889594,0.0,0.0,0.81207776,0.5073828,1.1757209,0.0,0.6868571,0.0,0.0,0.0,0.0,0.0,0.0,0.0,0.0,0.0,0.29749107,0.0,0.0,0.33355254,0.0,0.0,0.0,0.0,0.0,0.0,0.0,0.0,0.0,0.0,0.0,0.0,0.0,0.0
RGS19,0.79675174,0.0,0.0,0.63038707,0.5155637,0.5035982,0.82669866,0.0,0.0,0.21446666,0.61280143,0.0,0.0,0.0,0.7355936,0.0,0.0,0.0,0.0,0.0,0.0,0.0,1.039477,0.0,0.113108404,1.0824742,0.0,0.0,0.0,0.0,0.0,0.0,0.0,0.0,0.0,0.0,0.0,0.0,0.0,0.0,0.0,0.6586734
HSPA13,0.0,0.0,0.0,0.0,0.0,0.0,0.0,0.0,0.0,0.0,0.0,0.0,0.0,0.0,0.0,0.0,0.0,0.0,0.0,0.0,0.0,0.0,0.0,0.20044874,0.16632998,0.0,0.0,0.0,0.0,0.0,0.0,0.0,0.0,0.0,0.0,0.0,0.0,0.0,0.0,0.0,0.0,0.0
SAMSN1,0.0,0.0,1.1330154,0.46862778,0.0,0.0,0.61058205,0.0,0.0,0.0,0.0,1.074369,0.7458428,0.0,0.0,0.0,0.54733765,0.0,0.0,0.0,0.0,0.0,1.1349971,0.0,0.0,0.0,0.0,0.0,0.0,0.0,0.0,0.0,0.0,0.0,0.0,0.0,0.0,0.7344353,0.0,0.9960812,0.8953636,0.0
NRIP1,0.0,0.0,0.0,0.0,0.0,0.0,0.3259039,0.0,0.0,0.0,0.48630244,0.47305363,0.0,0.0,0.0,0.0,0.0,0.0,0.0,0.0,0.0,0.0,0.0,0.0,0.0,0.0,0.0,0.3210522,0.0,0.0,0.0,0.0,0.0,0.0,0.0,0.0,0.0,0.0,0.0,0.0,0.0,0.0
USP25,0.0,0.0,0.0,0.0,0.0,0.0,0.0,0.0,0.0,0.18083665,0.0,0.0,0.0,0.0,0.0,0.0,0.0,0.0,0.0,0.0,0.0,0.0,0.0,0.0,0.0,0.0,0.0,0.0,0.0,0.0,0.0,0.0,0.0,0.0,0.0,0.0,0.0,0.0,0.0,0.0,0.0,0.0
BTG3,0.0,0.0,0.0,0.0,0.0,0.0,0.0,0.19677243,0.0,0.41463724,0.0,0.0,0.0,0.0,0.0,0.0,0.0,0.0,0.0,0.0,0.0,0.0,0.0,0.0,0.14598884,0.0,0.0,0.0,0.0,0.0,0.0,0.0,0.0,0.0,0.0,0.0,0.0,0.0,0.0,0.0,0.0,0.0
MRPL39,0.0,0.0,0.0,0.0,0.0,0.0,0.0,0.2293312,0.0,0.4153542,0.0,0.0,0.0,0.0,0.0,0.0,0.0,0.0,0.0,0.0,0.0,0.0,0.0,0.0,0.23118974,0.0,0.0,0.0,0.0,0.0,0.0,0.0,0.0,0.0,0.0,0.0,0.0,0.0,0.0,0.0,0.0,0.0
ATP5PF,0.0,0.0,0.80372417,1.184554,1.2492476,0.8300034,1.1889484,1.473931,0.0,1.2631049,0.9341768,0.5073828,0.5578004,0.0,0.0,0.7878905,0.60266006,1.5098851,0.0,0.9862787,0.8821256,0.0,0.93877375,0.75960916,1.7724565,0.0,1.2824671,1.2201116,0.6874635,0.0,0.8058254,0.9406978,0.84222543,0.0,0.8463086,0.0,0.81336844,0.92508,0.0,0.7013468,0.0,1.076709
APP,0.0,0.0,0.0,0.268032,0.0,0.34146005,0.36097383,0.0,0.0,0.3960203,0.0,0.0,0.0,0.0,0.7355936,0.0,0.0,0.0,0.0,0.0,0.0,0.0,0.0,0.0,0.0,0.0,0.0,0.0,0.0,0.0,0.0,0.0,0.0,0.0,0.0,0.0,0.0,0.0,0.0,0.0,0.0,2.033749
LTN1,0.0,0.0,0.0,0.0,0.0,0.0,0.0,0.0,0.0,0.0,0.0,0.0,0.0,0.0,0.0,0.0,0.0,0.0,0.0,0.0,0.0,0.0,0.0,0.0,0.15349633,0.0,0.0,0.0,0.0,0.0,0.0,0.0,0.0,0.0,0.0,0.0,0.0,0.0,0.0,0.0,0.0,0.0
USP16,0.6535427,0.0,0.0,0.42385298,0.6246161,0.0,0.52855307,0.19736072,0.0,0.21446666,0.0,0.0,0.0,0.0,0.8421502,0.0,0.0,0.0,0.0,0.0,0.0,0.0,0.0,0.19645442,0.57067865,0.0,0.0,0.2877074,0.0,0.0,0.0,0.0,0.0,0.0,0.0,0.0,0.0,0.0,0.0,0.0,0.0,0.54018974
CCT8,0.0,0.0,0.0,0.5807804,0.74988514,0.7185833,0.79421765,1.359587,0.0,0.9078726,0.0,0.5367148,0.44090223,0.0,0.0,0.0,0.0,0.0,0.0,0.0,0.0,0.0,0.44412673,0.28604156,1.2520005,0.0,0.0,0.87011445,0.0,0.0,0.0,0.0,0.0,0.0,0.0,0.0,0.6873972,0.0,0.0,0.0,0.0,0.8441148
BACH1,0.6760944,0.0,0.7126787,0.0,0.0,0.5137493,0.47396737,0.0,0.0,0.0,0.0,0.72981226,0.7257168,0.0,0.6868571,0.0,0.0,0.0,0.0,0.0,0.0,0.0,0.66288376,0.0,0.13167544,0.0,0.0,0.0,0.0,0.0,0.0,0.0,0.0,0.0,0.0,0.0,0.0,0.0,0.0,0.0,0.0,0.0
SOD1,0.9881799,0.0,0.0,0.69837546,1.1637621,0.86117274,0.68434,1.7691927,0.5369518,1.0770167,0.6301467,0.47305363,0.7458428,1.0982125,0.8421502,0.7465717,0.8841705,1.765184,1.0058227,1.0206,0.82384825,0.0,1.0510876,0.33669525,1.0878997,0.0,0.0,1.0901948,0.93765336,0.0,1.3387117,1.1399233,1.2281411,1.1452298,1.4559749,2.0598392,1.2867194,1.5441836,1.2121546,1.1319579,1.3136184,0.7597407
SCAF4,0.0,0.0,0.0,0.0,0.0,0.0,0.0,0.0,0.0,0.3960203,0.0,0.0,0.0,0.0,0.0,0.0,0.0,0.0,0.0,0.0,0.0,0.0,0.0,0.0,0.0,0.0,0.0,0.0,0.0,0.0,0.0,0.0,0.0,0.0,0.0,0.0,0.0,0.0,0.0,0.0,0.0,0.0
MIS18A,0.0,0.0,0.0,0.0,0.0,0.0,0.0,0.20543616,0.0,0.0,0.0,0.0,0.0,0.0,0.0,0.0,0.0,0.0,0.0,0.0,0.0,0.0,0.0,0.0,0.14972688,0.0,0.0,0.0,0.0,0.0,0.0,0.0,0.0,0.0,0.0,0.0,0.0,0.0,0.0,0.0,0.0,0.0
CFAP298,0.0,0.0,0.0,0.0,0.0,0.0,0.0,0.4801834,0.0,0.0,0.0,0.0,0.0,0.0,0.0,0.0,0.0,0.0,0.0,0.0,0.0,0.0,0.0,0.0,0.22759601,0.0,0.0,0.0,0.0,0.0,0.0,0.0,0.0,0.0,0.0,0.0,0.0,0.0,0.0,0.0,0.0,0.0
PAXBP1,0.0,0.0,0.0,0.0,0.0,0.0,0.0,0.0,0.0,0.62781835,0.0,0.0,0.0,0.0,0.0,0.0,0.0,0.0,0.0,0.0,0.0,0.0,0.0,0.0,0.12226113,0.0,0.0,0.0,0.0,0.0,0.0,0.0,0.0,0.0,0.0,0.0,0.0,0.0,0.0,0.0,0.0,0.0
IFNAR2,0.0,0.0,0.0,0.0,0.0,0.40235615,0.42269358,0.0,0.0,0.0,0.0,0.4963503,1.1757209,0.0,0.0,0.0,0.0,0.0,0.0,0.0,0.0,0.0,0.57299733,0.53929424,0.6549557,0.0,0.0,0.0,0.0,0.0,0.0,0.0,0.0,0.0,0.0,0.0,0.0,0.0,0.0,0.0,0.0,0.7370697
IL10RB,0.0,0.0,0.6745314,0.44895184,0.0,0.0,0.41870624,0.0,0.0,0.0,0.0,0.4254868,0.0,0.0,0.0,0.0,0.0,0.0,0.0,0.0,0.0,0.0,0.548318,0.0,0.16462293,0.0,0.0,0.0,0.0,0.0,0.0,0.0,0.0,0.0,0.0,0.0,0.0,0.0,0.0,0.0,0.0,0.0
IFNAR1,0.0,0.0,0.0,0.23238432,0.0,0.0,0.40476632,0.0,0.0,0.18155362,0.0,0.3987304,0.7458428,0.0,0.0,0.0,0.0,0.0,0.0,0.0,0.0,0.0,0.45021772,0.4065765,0.5860969,0.0,0.0,0.0,0.0,0.0,0.0,0.0,0.0,0.0,0.0,0.0,0.0,0.0,0.0,0.0,0.0,0.47766483
IFNGR2,0.0,0.0,0.9345838,0.21116003,0.0,0.38905048,0.41449797,0.12812422,0.0,0.18083665,0.0,1.6025404,0.91374826,0.0,0.0,0.0,0.0,0.0,0.0,0.0,0.0,0.0,0.9947401,0.12528247,0.18095525,0.0,0.0,0.0,0.0,0.0,0.0,0.0,0.0,0.0,0.0,0.0,0.0,0.0,0.0,0.0,0.0,0.0
TMEM50B,0.0,0.0,0.0,0.0,0.0,0.5944774,0.0,0.0,0.0,0.0,0.0,0.0,0.0,0.0,0.0,0.0,0.0,0.0,0.0,0.0,0.0,0.0,0.0,0.0,0.0,0.0,0.0,0.0,0.0,0.0,0.0,0.0,0.0,0.0,0.0,0.0,0.0,0.0,0.0,0.0,0.0,0.0
GART,0.0,0.0,0.0,0.0,0.0,0.0,0.0,0.60168487,0.0,0.0,0.0,0.0,0.0,0.0,0.0,0.0,0.0,0.0,0.0,0.0,0.0,0.0,0.0,0.0,0.1759403,0.0,0.0,0.0,0.0,0.0,0.0,0.0,0.0,0.0,0.0,0.0,0.0,0.0,0.0,0.0,0.0,0.0
SON,1.5581446,0.0,1.4082232,1.4401443,1.5831442,1.1602029,1.47385,1.2299466,0.0,1.2528393,1.9220545,1.1413958,1.7895869,1.5400915,1.3768444,1.263559,1.3880792,0.6999144,1.5747602,1.7440249,1.7057421,1.6257966,1.334713,0.7984283,1.173081,1.890514,1.9091167,1.3567839,1.510934,1.9255747,1.4027935,1.7200938,1.4993699,1.7881229,1.4358164,1.501132,1.5100423,1.6313118,1.7362776,1.4415796,1.5651891,1.7672122
ATP5PO,0.94838136,0.0,0.9852518,1.2490256,1.2212121,1.2414505,1.2617942,1.5621474,0.0,0.9978609,1.049655,0.8423759,0.91374826,0.96406066,0.0,0.81871665,0.7048136,0.9969244,1.0146495,0.0,0.877012,1.1126741,1.1303937,0.58912313,1.2866246,1.3719516,0.9181548,1.3314726,1.0694208,0.0,0.97534174,0.0,0.9572873,0.0,1.1918547,1.000364,1.0189285,1.1391283,0.0,0.9607607,1.019268,1.1859987
MRPS6,0.0,0.0,0.0,0.0,0.629171,0.34146005,0.3689735,0.5848419,0.0,0.4532262,0.0,0.0,0.0,0.0,0.0,0.0,0.0,0.0,0.0,0.0,0.0,0.0,0.0,0.0,0.42435497,0.0,0.0,0.0,0.0,0.0,0.0,0.0,0.0,0.0,0.0,0.0,0.0,0.0,0.0,0.0,0.0,0.2999792
RUNX1,0.0,0.0,0.6395016,0.7954094,0.0,0.40235615,0.3520353,0.0,0.0,0.0,0.0,0.7063019,0.0,0.0,0.0,0.0,1.8387003,0.0,0.0,0.0,0.0,0.0,0.0,0.0,0.0,0.0,0.0,0.6572161,0.0,0.0,0.0,0.0,0.0,0.0,0.0,0.0,0.0,0.0,0.0,0.0,0.0,0.45850825
CBR1,0.0,0.0,0.0,0.0,0.0,0.0,0.0,0.3536518,0.0,0.0,0.0,0.0,0.0,0.0,0.0,0.0,0.0,0.0,0.0,0.0,0.0,0.0,0.0,0.0,0.25443545,0.0,0.0,0.0,0.0,0.0,0.0,0.0,0.0,0.0,0.0,0.0,0.0,0.0,0.0,0.0,0.0,0.0
MORC3,0.0,0.0,0.0,0.0,0.0,0.0,0.0,0.121775165,0.0,0.18083665,0.0,0.0,0.44090223,0.0,0.0,0.0,0.0,0.0,0.0,0.0,0.0,0.0,0.0,0.0,0.0,0.0,0.0,0.0,0.0,0.0,0.0,0.0,0.0,0.0,0.0,0.0,0.0,0.0,0.0,0.0,0.0,0.0
PIGP,0.0,0.0,0.0,0.0,0.0,0.0,0.0,0.0,0.0,0.0,0.0,0.0,0.44090223,0.0,0.0,0.0,0.0,0.0,0.0,0.0,0.0,0.0,0.0,0.0,0.0,0.0,0.0,0.0,0.0,0.0,0.0,0.0,0.0,0.0,0.0,0.0,0.0,0.0,0.0,0.0,0.0,0.0
TTC3,0.8401995,0.0,0.0,0.0,0.0,0.41900888,0.528968,0.5260066,0.0,0.25902426,0.0,0.0,0.44090223,0.0,0.0,0.0,0.0,0.0,0.0,0.0,0.0,0.0,0.0,0.3760049,0.42140996,0.0,0.0,0.81614745,0.55776846,0.0,0.5452302,0.0,0.86346614,0.0,0.8360301,0.0,0.8079556,0.0,0.0,0.0,0.0,1.12566
DYRK1A,0.0,0.0,0.0,0.0,0.0,0.0,0.0,0.0,0.0,0.18155362,0.0,0.0,0.0,0.0,0.0,0.0,0.0,0.0,0.0,0.0,0.0,0.0,0.0,0.0,0.0,0.0,0.0,0.0,0.0,0.0,0.0,0.0,0.0,0.0,0.0,0.0,0.0,0.0,0.0,0.0,0.0,0.0
ETS2,0.0,0.0,0.6824225,0.44393915,0.0,0.0,0.7923612,0.0,0.0,0.0,0.0,1.5501859,0.5578004,0.0,0.0,0.0,0.0,0.0,0.0,0.0,0.0,0.0,1.0433016,0.0,0.0,0.0,1.0910696,0.070158586,0.0,0.0,0.0,0.0,0.0,0.0,0.0,0.0,0.0,0.0,0.0,0.0,0.0,0.0
PSMG1,0.0,0.0,0.0,0.0,0.0,0.0,0.0,0.8185159,0.0,0.0,0.0,0.0,0.0,0.0,0.0,0.0,0.0,0.0,0.0,0.0,0.0,0.0,0.0,0.0,0.23757933,0.0,0.0,0.2496675,0.0,0.0,0.0,0.0,0.0,0.0,0.0,0.0,0.0,0.0,0.0,0.0,0.0,0.0
BRWD1,0.0,0.0,0.0,0.0,0.0,0.0,0.0,0.0,0.0,0.18083665,0.5784484,0.0,0.7257168,0.0,0.0,0.0,0.0,0.0,0.0,0.0,0.0,0.0,0.0,0.0,0.0,0.0,0.0,0.0,0.0,0.0,0.0,0.0,0.0,0.0,0.0,0.0,0.0,0.0,0.0,0.0,0.0,0.0
HMGN1,1.2532096,0.0,0.0,1.543992,1.8564587,1.5017793,1.4231329,1.8684344,0.0,2.0666218,1.553327,0.0,1.1682736,1.1202723,1.3148127,0.65674514,1.2463701,2.3416548,1.3404359,1.1984825,1.2652732,1.3373637,0.45313364,0.5285416,1.5784907,1.0360997,1.5437008,1.7240894,1.1745661,0.0,1.2221966,1.0722575,1.3507739,1.1593764,1.3624935,1.1119368,1.210003,1.1697649,1.1254485,1.0188154,1.2078601,1.6527512
BACE2,0.0,0.0,0.0,0.0,0.0,0.0,0.0,0.0,0.0,0.0,0.0,0.0,0.0,0.0,0.0,0.0,0.85989726,0.0,0.0,0.0,0.0,0.0,0.0,0.0,0.0,0.0,0.0,0.0,0.0,0.0,0.0,0.0,0.0,0.0,0.0,0.0,0.0,0.0,0.0,0.0,0.0,0.0
MX2,0.0,0.0,0.0,0.0,0.0,0.0,0.47656822,0.0,0.0,0.0,0.0,0.0,0.0,0.0,0.0,0.0,0.0,0.0,0.0,0.0,0.0,0.0,0.46202794,0.0,0.0,0.0,0.0,0.0,0.0,0.0,0.0,0.0,0.0,0.0,0.0,0.0,0.0,0.0,0.0,0.0,0.0,0.0
MX1,0.0,0.0,0.0,0.0,0.0,0.0,0.0,0.0,0.0,0.5740341,0.0,0.0,0.0,0.0,0.0,0.0,0.0,0.0,0.0,0.0,0.0,0.0,0.0,0.0,0.0,0.0,0.0,0.0,0.0,0.0,0.0,0.0,0.0,0.0,0.0,0.0,0.0,0.0,0.0,0.0,0.0,0.0
NDUFV3,0.0,0.0,0.0,0.0,0.0,0.3139043,0.4363086,0.51583534,0.0,0.0,0.0,0.0,0.0,0.0,0.0,0.0,0.0,0.0,0.0,0.0,0.0,0.0,0.0,0.2323661,0.29749107,0.0,0.0,0.0,0.0,0.0,0.0,0.0,0.0,0.0,0.0,0.0,0.0,0.0,0.0,0.0,0.0,0.0
RRP1B,0.0,0.0,0.0,0.0,0.0,0.0,0.0,0.16716605,0.0,0.0,0.0,0.0,0.0,0.0,0.0,0.0,0.0,0.0,0.0,0.0,0.0,0.0,0.0,0.0,0.30367142,0.0,0.0,0.0,0.0,0.0,0.0,0.0,0.0,0.0,0.0,0.0,0.0,0.0,0.0,0.0,0.0,0.0
PDXK,0.0,0.0,0.0,0.42551023,0.0,0.0,0.0,0.0,0.0,0.0,0.0,0.0,0.5578004,0.0,0.0,0.0,0.0,0.0,0.0,0.0,0.0,0.0,0.0,0.37402704,0.8801281,0.0,0.0,0.0,0.0,0.0,0.0,0.0,0.0,0.0,0.0,0.0,0.0,0.0,0.0,0.0,0.0,0.0
CSTB,0.0,2.5255206,1.2105815,1.1249247,1.0071257,1.2861032,1.587132,0.57164115,2.5680802,0.6785321,0.0,1.3961244,1.8454674,0.0,0.77814996,1.1266451,0.0,0.0,0.0,0.0,0.0,0.0,1.6328242,0.37873325,0.68494916,0.0,0.0,0.6624603,0.19488612,0.0,0.8911868,0.0,0.85258985,0.0,0.8994528,0.8601109,0.7342943,0.96849865,0.0,0.7768153,0.9984566,0.53523946
RRP1,0.0,0.0,0.0,0.0,0.0,0.0,0.0,0.22423387,0.0,0.0,0.0,0.0,0.0,0.0,0.0,0.0,0.0,0.0,0.0,0.0,0.0,0.0,0.0,0.0,0.1802879,0.0,0.0,0.0,0.0,0.0,0.0,0.0,0.0,0.0,0.0,0.0,0.0,0.0,0.0,0.0,0.0,0.0
TRAPPC10,0.0,0.0,0.0,0.0,0.37144977,0.0,0.0,0.0,0.0,0.49491298,0.0,0.0,0.0,0.0,0.0,0.0,0.0,0.0,0.0,0.0,0.0,0.0,0.0,0.0,0.14557157,0.0,0.0,0.0,0.0,0.0,0.0,0.0,0.0,0.0,0.0,0.0,0.0,0.0,0.0,0.0,0.0,0.0
PFKL,0.0,0.0,0.0,0.53456545,0.0,0.3431283,0.44636363,0.45140406,0.0,0.4153542,0.0,0.3987304,0.0,0.0,0.77814996,0.0,0.0,0.0,0.0,0.0,0.0,0.0,0.4921133,0.0,0.27334732,0.0,0.99275464,0.34751856,0.0,0.0,0.0,0.0,0.0,0.0,0.0,0.0,0.0,0.0,0.0,0.0,0.0,0.0
CFAP410,0.0,0.0,0.0,0.0,0.0,0.0,0.0,0.0,0.0,0.0,0.0,0.0,0.44090223,0.0,0.0,0.0,0.0,0.0,0.0,0.0,0.0,0.0,0.0,0.0,0.0,0.0,0.0,0.0,0.0,0.0,0.0,0.0,0.0,0.0,0.0,0.0,0.0,0.0,0.0,0.0,0.0,0.0
UBE2G2,0.0,0.0,0.0,0.0,0.0,0.0,0.4004618,0.43522826,0.0,0.18155362,0.0,0.0,0.0,0.0,0.0,0.0,0.0,0.0,0.0,0.0,0.0,0.0,0.0,0.0,0.37458456,0.0,0.0,0.43864202,0.0,0.0,0.0,0.0,0.0,0.0,0.0,0.0,0.0,0.0,0.0,0.0,0.0,0.47282088
SUMO3,0.0,0.0,0.0,0.9494646,0.81106913,0.5955348,0.7148044,0.9100219,0.0,0.0,0.0,0.7063019,0.0,0.0,0.0,0.0,0.0,1.0574276,0.0,0.0,0.0,0.0,0.62167144,0.0,0.3394277,0.0,0.0,0.7237729,0.0,0.0,0.0,0.0,0.0,0.0,0.0,0.0,0.0,0.0,0.0,0.0,0.0,0.77611816
PTTG1IP,0.0,0.0,0.0,0.67206013,0.0,0.82469076,0.49004585,0.0,0.0,0.0,0.0,0.91348,0.7458428,0.0,0.0,0.0,0.0,0.6265517,0.0,0.0,0.0,0.0,0.54818726,0.0,0.0,0.0,0.0,0.23146468,0.0,0.0,0.0,0.0,0.0,0.0,0.0,0.0,0.0,0.0,0.0,0.0,0.0,0.0
ITGB2,0.94838136,0.90542024,1.8660148,1.6916995,1.8462093,1.8035609,1.9610329,0.0,0.0,0.18083665,0.0,2.0142245,1.3272191,0.9727762,0.0,1.0959527,0.0,0.0,0.0,1.9534912,1.5964485,0.0,1.9409533,0.0,0.0,0.0,0.0,0.18982589,0.79646397,0.0,0.82673484,1.2255006,0.0,1.1454489,0.71032935,0.9162224,0.0,0.95817786,1.1366792,0.95976555,0.0,0.6533436
ITGB2-AS1,0.0,0.0,0.0,0.0,0.0,0.442071,0.0,0.0,0.0,0.0,0.0,0.0,0.0,0.0,0.0,0.0,0.0,0.0,0.0,0.0,0.0,0.0,0.0,0.0,0.0,0.0,0.0,0.0,0.0,0.0,0.0,0.0,0.0,0.0,0.0,0.0,0.0,0.0,0.0,0.0,0.0,0.0
SLX9,0.0,0.0,0.0,0.0,0.0,0.0,0.0,0.35570475,0.0,0.31335935,0.0,0.0,0.0,0.0,0.0,0.0,0.0,0.0,0.0,0.0,0.0,0.0,0.0,0.0,0.44637376,0.0,0.0,0.0,0.0,0.0,0.0,0.0,0.0,0.0,0.0,0.0,0.0,0.0,0.0,0.0,0.0,0.0
C21orf58,0.0,0.0,0.0,0.0,0.6777369,0.0,0.0,0.0,0.0,0.0,0.0,0.0,0.0,0.0,0.0,0.0,0.0,0.0,0.0,0.0,0.0,0.0,0.0,0.0,0.0,0.0,0.0,0.0,0.0,0.0,0.0,0.0,0.0,0.0,0.0,0.0,0.0,0.0,0.0,0.0,0.0,0.0
PCNT,0.0,0.0,0.0,0.0,0.53555894,0.0,0.0,0.0,0.0,0.23875955,0.0,0.0,0.0,0.0,0.0,0.0,0.0,0.0,0.0,0.0,0.0,0.0,0.0,0.0,0.0,0.0,0.0,0.0,0.0,0.0,0.0,0.0,0.0,0.0,0.0,0.0,0.0,0.0,0.0,0.0,0.0,0.0
DIP2A,0.0,0.0,0.0,0.0,0.88912237,0.0,0.0,0.0,0.0,0.0,0.0,0.0,0.0,0.0,0.0,0.0,0.0,0.0,0.0,1.3743395,0.98967856,0.0,0.0,0.0,0.0,0.0,0.0,0.0,0.0,0.0,0.0,0.0,0.0,0.0,0.0,0.0,0.0,0.0,0.0,0.0,0.0,0.0
S100B,0.0,0.0,0.0,0.0,0.0,0.40020192,0.0,0.0,0.0,0.0,0.0,0.0,0.0,0.0,0.0,0.0,0.0,0.0,0.0,0.0,0.0,0.0,0.0,0.0,0.0,0.0,0.0,0.0,0.0,0.0,0.0,0.0,0.0,0.0,0.0,0.0,0.0,0.0,0.0,0.0,0.0,0.0
PRMT2,0.0,0.0,0.0,0.0,1.1301936,0.7979581,0.62292796,0.13309887,0.0,0.18083665,0.61280143,0.0,0.0,0.77390856,0.0,0.0,0.0,0.30568692,0.0,1.4212232,1.1998594,0.0,0.0,0.0,0.14103276,0.0,0.0,0.0,0.0,0.0,0.7771327,1.1010181,0.0,0.0,0.9539879,0.76317143,1.0842869,0.0,0.8331523,0.0,0.0,0.3676901
IL17RA,0.0,0.0,1.062247,1.0536741,0.0,0.0,0.4739445,0.0,0.0,0.0,0.0,0.0,0.0,0.0,0.0,0.0,0.14267562,0.0,0.0,0.0,0.0,0.0,0.0,0.0,0.0,0.0,0.0,0.0,0.0,0.0,0.0,0.0,0.0,0.0,0.0,0.0,0.0,0.0,0.0,0.0,0.0,0.0
ADA2,0.0,0.0,0.8179026,0.47567043,0.0,0.81162524,0.65451777,0.0,0.0,0.0,0.0,0.3987304,0.7257168,0.0,0.0,0.0,0.0,0.0,0.0,0.0,0.0,0.0,0.8338698,0.2323661,0.12957723,0.0,0.0,0.0,0.0,0.0,0.0,0.0,0.0,0.0,0.0,0.0,0.0,0.0,0.0,0.0,0.0,0.0
ATP6V1E1,0.0,0.0,0.0,0.33446926,0.0,0.0,0.42475292,0.0,0.0,0.0,0.0,0.0,0.44090223,0.0,0.0,0.0,0.0,0.0,0.0,0.0,0.0,0.0,0.0,0.0,0.23452023,0.0,0.0,0.0,0.0,0.0,0.0,0.0,0.0,0.0,0.0,0.0,0.0,0.0,0.0,0.0,0.0,0.0
BID,0.0,0.0,0.0,0.0,0.0,0.86937743,0.79799163,0.53983116,0.0,0.42031318,0.0,0.82655406,0.7458428,0.0,0.0,0.0,0.0,0.0,0.0,0.0,0.0,0.0,1.1233441,0.0,0.27712843,0.0,0.0,0.0,0.0,0.0,0.0,0.0,0.0,0.0,0.0,0.0,0.0,0.0,0.0,0.0,0.0,0.72355115
MICAL3,0.0,0.0,0.0,0.0,0.0,0.0,0.0,0.0,0.0,0.18083665,0.0,0.0,0.0,0.0,0.7355936,0.0,0.0,0.0,0.0,0.0,0.0,0.0,0.0,0.0,0.0,0.0,0.0,0.0,0.0,0.0,0.0,0.0,0.0,0.0,0.0,0.0,0.0,0.0,0.0,0.0,0.0,0.0
TUBA8,0.0,0.0,0.0,0.0,0.0,0.0,0.0,0.0,0.0,0.0,0.0,0.0,0.0,0.0,0.0,0.0,0.0,0.5807015,0.0,0.0,0.0,0.0,0.0,0.0,0.0,0.0,0.0,0.0,0.0,0.0,0.0,0.0,0.0,0.0,0.0,0.0,0.0,0.0,0.0,0.0,0.0,0.0
SLC25A1,0.0,0.0,0.0,0.0,0.0,0.0,0.0,0.17024116,0.0,0.23380059,0.0,0.0,0.0,0.0,0.0,0.0,0.0,0.0,0.0,0.0,0.0,0.0,0.0,0.0,0.17900646,0.0,0.0,0.0,0.0,0.0,0.0,0.0,0.0,0.0,0.0,0.0,0.0,0.0,0.0,0.0,0.0,0.0
C22orf39,0.0,0.0,0.0,0.0,0.0,0.0,0.0,0.0,0.0,0.0,0.0,0.0,0.0,0.0,0.0,0.0,0.0,0.0,0.0,0.0,0.0,0.0,0.0,0.0,0.21754807,0.0,0.0,0.0,0.0,0.0,0.0,0.0,0.0,0.0,0.0,0.0,0.0,0.0,0.0,0.0,0.0,0.0
MRPL40,0.0,0.0,0.0,0.0,0.0,0.0,0.0,0.34364825,0.0,0.0,0.0,0.0,0.44090223,0.0,0.0,0.0,0.0,0.0,0.0,0.0,0.0,0.0,0.0,0.19078834,0.7710713,0.0,0.0,0.0,0.0,0.0,0.0,0.0,0.0,0.0,0.0,0.0,0.0,0.0,0.0,0.0,0.0,0.0
UFD1,0.0,0.0,0.0,0.31014222,0.7372116,0.0,0.33851904,0.31666055,0.0,0.23380059,0.0,0.0,0.0,0.0,0.0,0.0,0.0,0.0,0.0,0.0,0.0,0.0,0.0,0.0,0.8348931,0.0,0.0,0.0,0.0,0.0,0.0,0.0,0.0,0.0,0.0,0.0,0.0,0.0,0.0,0.0,0.0,0.0
CDC45,0.0,0.0,0.0,0.0,0.0,0.0,0.0,0.13319653,0.0,0.18083665,0.0,0.0,0.0,0.0,0.0,0.0,0.0,0.0,0.0,0.0,0.0,0.0,0.0,0.0,0.0,0.0,0.0,0.0,0.0,0.0,0.0,0.0,0.0,0.0,0.0,0.0,0.0,0.0,0.0,0.0,0.0,0.0
SEPTIN5,0.0,0.0,0.0,0.0,0.0,0.0,0.0,0.0,0.0,0.0,0.0,0.0,0.0,0.0,0.0,0.0,0.0,0.9792167,0.0,0.0,0.0,0.0,0.0,0.0,0.0,0.0,0.0,0.0,0.0,0.0,0.0,0.0,0.0,0.0,0.0,0.0,0.0,0.0,0.0,0.0,0.0,0.0
GP1BB,0.0,0.0,0.0,0.0,0.0,0.0,0.0,0.0,0.0,0.0,0.0,0.0,0.0,0.0,0.0,0.0,0.0,1.8679159,0.0,0.0,0.0,0.0,0.0,0.0,0.0,0.0,0.0,0.0,0.0,0.0,0.0,0.0,0.0,0.0,0.0,0.0,0.0,0.0,0.0,0.0,0.0,0.0
COMT,0.0,0.0,0.0,0.59806985,0.0,0.8300034,0.7961055,0.22030284,0.0,0.0,0.0,0.8840804,0.0,0.0,0.0,0.0,0.0,0.0,0.0,0.0,0.0,0.0,0.5954161,0.0,0.23856735,0.0,0.935398,0.897748,0.0,0.0,0.0,0.0,0.0,0.0,0.0,0.0,0.0,0.0,0.0,0.0,0.0,1.0523856
TANGO2,0.0,0.0,0.0,0.0,0.0,0.0,0.0,0.28962013,0.0,0.0,0.0,0.0,0.0,0.0,0.0,0.0,0.0,0.0,0.0,0.0,0.0,0.0,0.0,0.0,0.0,0.0,0.0,0.0,0.0,0.0,0.0,0.0,0.0,0.0,0.0,0.0,0.0,0.0,0.0,0.0,0.0,0.0
TRMT2A,0.0,0.0,0.0,0.0,0.0,0.0,0.0,0.0,0.0,0.0,0.0,0.0,0.0,0.0,0.0,0.0,0.0,0.0,0.0,0.0,0.0,0.0,0.0,0.0,0.13167544,0.0,0.0,0.0,0.0,0.0,0.0,0.0,0.0,0.0,0.0,0.0,0.0,0.0,0.0,0.0,0.0,0.0
RANBP1,0.0,0.0,0.0,0.8433557,1.1394658,0.442071,0.528968,1.7262691,0.0,1.0272458,0.0,0.0,0.44090223,0.0,0.0,0.0,0.0,0.7814779,0.0,0.0,0.0,0.0,0.0,0.0,1.2749323,0.0,0.0,1.1040947,0.0,0.0,0.0,0.0,0.0,0.0,0.0,0.0,0.0,0.0,0.0,0.0,0.0,0.6114893
DGCR6L,0.0,0.0,0.0,0.0,0.43334222,0.0,0.0,0.37510586,0.0,0.36239028,0.0,0.0,0.0,0.0,0.0,0.0,0.0,0.0,0.0,0.0,0.0,0.0,0.0,0.0,0.0,0.0,0.0,0.0,0.0,0.0,0.0,0.0,0.0,0.0,0.0,0.0,0.0,0.0,0.0,0.0,0.0,0.0
MED15,0.0,0.0,0.0,0.0,0.36012474,0.0,0.29905957,0.0,0.0,0.18155362,0.0,0.0,0.44090223,0.0,0.0,0.0,0.0,0.0,0.0,0.0,0.0,0.0,0.0,0.0,0.0,0.0,0.0,0.0,0.0,0.0,0.0,0.0,0.0,0.0,0.0,0.0,0.0,0.0,0.0,0.0,0.0,0.0
SNAP29,0.0,0.0,0.0,0.0,0.0,0.0,0.0,0.12864082,0.0,0.0,0.0,0.0,0.0,0.0,0.0,0.0,0.0,0.30678406,0.0,0.0,0.0,0.0,0.0,0.0,0.21471341,0.0,0.0,0.0,0.0,0.0,0.0,0.0,0.0,0.0,0.0,0.0,0.0,0.0,0.0,0.0,0.0,0.0
THAP7,0.0,0.0,0.0,0.0,0.0,0.0,0.0,0.1445576,0.0,0.0,0.0,0.0,0.0,0.0,0.0,0.0,0.0,0.0,0.0,0.0,0.0,0.0,0.0,0.0,0.16634938,0.0,0.0,0.0,0.0,0.0,0.0,0.0,0.0,0.0,0.0,0.0,0.0,0.0,0.0,0.0,0.0,0.0
UBE2L3,0.0,0.0,0.0,0.8785932,0.983546,0.64742905,0.88656855,0.8092118,0.0,0.21446666,0.48630244,0.6602513,0.5578004,0.0,0.0,0.0,0.0,1.204892,0.0,0.0,0.0,0.0,0.60228187,0.2457521,0.98242927,0.0,0.0,0.7758966,0.0,0.0,0.0,0.0,0.0,0.0,0.0,0.0,0.0,0.0,0.0,0.0,0.0,0.77824825
YDJC,0.0,0.0,0.0,0.0,0.0,0.0,0.0,0.2581269,0.0,0.0,0.0,0.0,0.0,0.0,0.0,0.0,0.0,0.0,0.0,0.0,0.0,0.0,0.0,0.0,0.14780025,0.0,0.0,0.0,0.0,0.0,0.0,0.0,0.0,0.0,0.0,0.0,0.0,0.0,0.0,0.0,0.0,0.0
SDF2L1,0.0,0.0,0.0,0.49104086,0.6274259,0.38905048,0.3007177,0.2509594,0.0,0.0,0.0,0.8423759,1.1757209,0.0,0.0,0.0,0.0,0.0,0.0,0.0,0.0,0.0,0.0,1.4801381,1.8890392,0.0,0.0,0.35303932,0.0,0.0,0.0,0.0,0.0,0.0,0.0,0.0,0.0,0.0,0.0,0.0,0.0,0.6228498
YPEL1,0.0,0.0,0.0,0.0,0.34032327,0.0,0.0,0.0,0.0,0.0,0.0,0.0,0.0,0.0,0.0,0.0,0.0,0.0,0.0,0.0,0.0,0.0,0.0,0.0,0.0,0.0,0.0,0.0,0.0,0.0,0.0,0.0,0.0,0.0,0.0,0.0,0.0,0.0,0.0,0.0,0.0,0.0
MAPK1,0.0,0.0,0.0,0.41305104,0.7696376,0.0,0.42818734,0.14544432,0.0,0.0,0.0,0.4254868,0.0,0.0,0.0,0.0,0.0,0.0,0.0,1.0582383,0.91107273,0.0,0.57968974,0.0,0.0,0.0,0.0,0.0,0.0,0.0,0.0,0.0,0.0,0.0,0.0,0.0,0.0,0.0,0.0,0.0,0.0,0.0
VPREB1,0.0,0.0,0.0,0.0,0.0,0.0,0.0,0.0,0.0,0.0,0.0,0.0,0.0,0.0,0.0,0.0,0.0,0.0,0.0,0.0,0.0,0.0,0.0,0.0,0.0,1.1237371,2.7371583,0.0,0.0,0.0,0.0,0.0,0.0,0.0,0.0,0.0,0.0,0.0,0.0,0.0,0.0,0.0
ENSG00000274422,0.0,0.0,0.0,0.0,0.0,0.0,0.0,0.0,0.0,0.18155362,0.0,0.0,0.0,0.0,0.0,0.0,0.0,0.0,0.0,0.0,0.0,0.0,0.0,0.0,0.0,0.0,0.0,0.0,0.0,0.0,0.0,0.0,0.0,0.0,0.0,0.0,0.0,0.0,0.0,0.0,0.0,0.0
ENSG00000211675,0.0,0.0,0.0,0.0,0.0,0.0,0.0,0.0,0.0,0.0,0.0,0.0,0.0,0.0,0.0,0.0,0.0,0.0,0.0,0.0,0.0,0.0,0.0,1.0276052,1.8447496,2.484343,0.0,0.0,0.0,0.0,0.0,0.0,0.0,0.0,0.0,0.0,0.0,0.0,0.0,0.0,0.0,0.0
ENSG00000211677,0.470424,0.0,0.0,0.0,0.0,0.0,0.0,0.0,0.0,0.0,0.0,0.0,0.0,0.0,0.0,0.0,0.0,0.0,0.0,0.0,0.0,0.0,0.0,0.2810799,0.27654222,0.0,0.0,0.0,0.0,0.0,0.0,0.0,0.0,0.0,0.0,0.0,0.0,0.0,0.0,0.0,0.0,0.0
IGLL1,0.0,0.0,0.0,0.0,0.0,0.0,0.0,0.0,0.0,0.0,0.0,0.0,0.0,0.0,0.0,0.0,0.0,0.0,0.0,0.0,0.0,0.0,0.0,0.0,0.0,1.6331128,3.3417723,0.0,0.0,0.0,0.0,0.0,0.0,0.0,0.0,0.0,0.0,0.0,0.0,0.0,0.0,0.0
VPREB3,0.0,0.0,0.0,0.0,0.0,0.0,0.0,0.0,0.0,0.0,0.0,0.0,0.0,0.0,0.0,0.0,0.0,0.0,0.7781873,0.0,0.0,1.1325278,0.0,0.0,0.0,2.2337565,2.7421818,0.0,0.0,0.0,0.0,0.0,0.0,0.0,0.0,0.0,0.0,0.0,0.0,0.0,0.0,0.0
CHCHD10,1.1222945,0.0,0.0,0.0,0.0,0.7133947,0.37992248,0.40072608,1.7237847,0.47907245,0.0,0.965619,0.97920024,0.0,0.77814996,0.0,0.0,0.0,1.11076,0.0,0.0,0.0,1.2930149,0.8062139,1.367811,0.0,0.0,0.3197753,0.0,0.0,0.6190656,0.0,0.0,0.0,0.8668507,0.0,0.83743984,0.0,0.0,0.0,0.0,0.57899237
SMARCB1,0.565376,0.0,0.0,0.0,0.3945485,0.40235615,0.0,0.6287545,0.0,1.1316864,0.0,0.0,0.0,0.0,0.0,0.0,0.0,0.4460132,0.93277603,0.0,0.0,0.0,0.0,0.21146607,0.75641245,0.0,0.0,0.224877,0.0,0.0,0.0,0.0,0.0,0.0,0.0,0.0,0.0,0.0,0.0,0.0,0.0,0.8229263
DERL3,0.0,0.0,0.0,0.0,0.0,0.0,0.0,0.0,0.0,0.0,0.0,0.0,0.0,0.0,0.0,0.0,0.0,0.0,0.0,0.0,0.0,0.0,0.0,1.9171559,1.0955882,0.0,0.0,0.0,0.0,0.0,0.0,0.0,0.0,0.0,0.0,0.0,0.0,0.0,0.0,0.0,0.0,1.3960929
MIF,1.4854282,2.1226137,1.1887102,1.9373662,2.019402,2.0579202,1.6083721,2.5027754,1.8825113,2.1869864,1.9431723,1.9146309,1.661052,1.7651784,1.5993547,1.9880383,1.8179148,2.1447906,1.6488137,1.7394631,1.984602,1.4086025,1.41349,1.8042138,2.807987,0.5162929,1.409537,2.6918874,1.7875019,0.0,1.9760339,1.658638,1.8966573,1.8041584,1.9515369,1.7919681,1.7856745,1.8196386,1.7407218,1.8388243,1.8120441,1.6458893
DDT,0.0,0.0,0.4886538,1.1362138,0.8394186,1.0739036,0.8759746,1.1202376,0.0,1.0105228,0.0,0.82655406,0.0,0.0,0.8421502,0.0,0.5529655,0.0,0.0,0.0,0.0,0.0,0.57968974,0.0,0.86833274,0.0,0.0,1.1021042,0.0,0.0,0.713607,0.0,0.0,0.0,0.81663203,0.0,0.8178672,0.0,0.0,0.0,0.0,0.87744224
GUCD1,0.0,0.0,0.0,0.0,0.0,0.0,0.0,0.5524965,0.0,0.5471599,0.0,0.0,0.0,0.0,0.0,0.0,0.0,0.0,0.0,0.0,0.0,0.0,0.0,0.0,0.14780025,0.0,0.0,0.0,0.0,0.0,0.0,0.0,0.0,0.0,0.0,0.0,0.0,0.0,0.0,0.0,0.0,0.0
SNRPD3,0.0,0.0,0.0,0.61697936,0.83145034,0.0,0.5132103,0.25214896,0.0,0.0,0.0,0.0,0.0,0.0,0.0,0.0,0.0,0.0,0.0,0.0,0.0,0.0,0.0,0.0,0.6276942,0.0,0.0,0.58147526,0.0,0.0,0.0,0.0,0.0,0.0,0.0,0.0,0.0,0.0,0.0,0.0,0.0,0.65161884
GRK3,0.0,0.0,0.0,0.0,0.0,0.0,0.37619096,0.0,0.0,0.0,0.0,0.0,0.5578004,0.0,0.0,0.0,0.0,0.0,0.0,0.0,0.0,0.0,0.45440012,0.0,0.0,0.0,0.0,0.0,0.0,0.0,0.0,0.0,0.0,0.0,0.0,0.0,0.0,0.0,0.0,0.0,0.0,0.0
HPS4,0.0,0.0,0.0,0.0,0.0,0.0,0.0,0.3895954,0.0,0.18083665,0.0,0.0,0.0,0.0,0.0,0.0,0.0,0.0,0.0,0.0,0.0,0.0,0.0,0.0,0.0,0.0,1.1985635,0.0,0.0,0.0,0.0,0.0,0.0,0.0,0.0,0.0,0.0,0.0,0.0,0.0,0.0,0.0
SRRD,0.0,0.0,0.0,0.0,0.0,0.0,0.0,0.22423387,0.0,0.0,0.0,0.0,0.0,0.0,0.0,0.0,0.0,0.0,0.0,0.0,0.0,0.0,0.0,0.0,0.0,0.0,0.0,0.0,0.0,0.0,0.0,0.0,0.0,0.0,0.0,0.0,0.0,0.0,0.0,0.0,0.0,0.0
TPST2,0.0,0.0,0.0,0.0,0.7131293,0.0,0.0,0.0,0.0,0.0,0.0,0.0,0.0,0.0,0.0,0.0,0.0,1.1597912,0.0,0.9523719,0.75290513,0.0,0.0,0.0,0.2975178,0.0,0.0,0.0,0.0,0.0,0.0,0.0,0.0,0.0,0.0,0.0,0.0,0.0,0.0,0.0,0.0,0.0
PITPNB,0.0,0.0,0.0,0.0,0.0,0.0,0.0,0.0,0.0,0.0,0.0,0.0,0.0,0.0,0.0,0.0,0.0,0.0,0.0,0.0,0.0,0.0,0.0,0.0,0.18095525,0.0,0.0,0.0,0.0,0.0,0.0,0.0,0.0,0.0,0.0,0.0,0.0,0.0,0.0,0.0,0.0,0.0
HSCB,0.0,0.0,0.0,0.0,0.0,0.0,0.0,0.0,0.0,0.0,0.0,0.0,0.0,0.0,0.0,0.0,0.0,0.0,0.0,0.0,0.0,0.0,0.0,0.0,0.13528816,0.0,0.0,0.0,0.0,0.0,0.0,0.0,0.0,0.0,0.0,0.0,0.0,0.0,0.0,0.0,0.0,0.0
XBP1,0.0,0.0,0.0,0.75477934,0.6479966,0.5035982,0.56046355,0.34270316,0.0,0.6785321,0.48630244,1.1521438,0.7257168,1.0434207,0.0,0.0,1.0634961,0.0,0.0,1.0184197,1.0700502,0.0,0.54970145,2.6301842,2.4687953,1.353756,2.0325463,0.9857035,0.6984744,0.0,0.8404989,0.0,0.0,0.0,0.91996646,0.9754963,0.7832142,0.0,0.0,0.94203264,1.019268,1.1436324
ENSG00000226471,0.0,0.0,0.0,0.0,0.0,0.0,0.0,0.0,0.0,0.0,0.0,0.0,0.7257168,0.0,0.0,0.0,0.0,0.0,0.0,0.0,0.0,0.0,0.0,0.0,0.0,0.0,0.0,0.0,0.0,0.0,0.0,0.0,0.0,0.0,0.0,0.0,0.0,0.0,0.0,0.0,0.0,0.0
EWSR1,0.7233591,0.0,0.6226679,0.87395227,0.9233999,0.55245733,0.68434,1.0402863,0.0,0.70693946,1.049655,0.72303134,0.0,0.0,0.7355936,0.0,0.59308225,0.41868928,0.0,0.0,0.0,0.0,0.62359047,0.2810799,0.85146415,1.1221257,1.1540726,0.86035866,0.6410706,0.0,0.0,0.0,0.0,0.0,0.0,0.77364445,0.0,0.0,0.0,0.0,0.0,0.81978804
GAS2L1,0.0,0.0,0.0,0.0,0.0,0.0,0.0,0.0,0.0,0.0,0.0,0.0,0.0,0.0,0.0,0.0,0.0,0.49239206,0.0,0.0,0.0,0.0,0.0,0.0,0.0,0.0,0.0,0.0,0.0,0.0,0.0,0.0,0.0,0.0,0.0,0.0,0.0,0.0,0.0,0.0,0.0,0.0
AP1B1,0.0,0.0,0.0,0.0,0.0,0.0,0.3044914,0.2921423,0.0,0.49529564,0.0,0.0,0.0,0.0,0.0,0.0,0.0,0.0,0.0,0.0,0.0,0.0,0.0,0.0,0.19805485,0.0,0.0,0.0,0.0,0.0,0.0,0.0,0.0,0.0,0.0,0.0,0.0,0.0,0.0,0.0,0.0,0.0
UQCR10,0.8425265,1.3726877,0.99667394,1.1900814,1.2242993,1.083187,1.1819668,1.5157927,1.903582,1.3728575,0.0,1.1382626,0.97920024,0.8893249,0.0,0.88362205,0.16742863,1.041101,0.7950866,1.0757463,0.8243426,0.0,1.2138872,0.54645187,1.4719462,0.0,1.0581769,1.1826118,0.5143909,0.0,0.8463846,1.104986,0.8409486,1.0639226,0.86422026,0.8710723,0.8604636,0.96556866,1.0925163,0.76612365,0.0,1.0906931
ASCC2,0.0,0.0,0.0,0.0,0.0,0.0,0.0,0.1166251,0.0,0.0,0.0,0.0,0.0,0.0,0.0,0.0,0.0,0.0,0.0,0.0,0.0,0.0,0.0,0.0,0.116415784,0.0,0.0,0.0,0.0,0.0,0.0,0.0,0.0,0.0,0.0,0.0,0.0,0.0,0.0,0.0,0.0,0.0
SF3A1,0.0,0.0,0.0,0.0,0.0,0.3556153,0.3520353,0.5673196,0.0,0.18083665,0.0,0.47305363,0.0,0.0,0.0,0.0,0.0,0.0,0.0,0.0,0.0,0.0,0.0,0.0,0.21339111,0.0,0.0,0.0,0.0,0.0,0.0,0.0,0.0,0.0,0.0,0.8312274,0.0,0.0,0.0,0.0,0.0,0.0
MTFP1,0.0,0.0,0.0,0.0,0.0,0.0,0.0,0.23174405,0.0,0.0,0.0,0.0,0.0,0.0,0.0,0.0,0.0,0.0,0.0,0.0,0.0,0.0,0.0,0.0,0.28227392,0.0,0.0,0.0,0.0,0.0,0.0,0.0,0.0,0.0,0.0,0.0,0.0,0.0,0.0,0.0,0.0,0.0
PES1,0.0,0.0,0.0,0.0,0.0,0.0,0.0,0.51911646,0.0,0.0,0.0,0.0,0.0,0.0,0.0,0.0,0.0,0.0,0.0,0.0,0.0,0.0,0.0,0.0,0.0,0.0,0.0,0.0,0.0,0.0,0.0,0.0,0.0,0.0,0.0,0.0,0.0,0.0,0.0,0.0,0.0,0.0
TCN2,0.0,0.0,0.0,0.0,0.0,0.0,0.0,0.0,0.0,0.0,0.0,0.5367148,0.0,0.0,0.0,0.0,0.0,0.0,0.0,0.0,0.0,0.0,0.0,0.0,0.0,0.0,0.0,0.0,0.0,0.0,0.0,0.0,0.0,0.0,0.0,0.0,0.0,0.0,0.0,0.0,0.0,0.0
SELENOM,0.0,0.0,0.0,0.0,0.0,0.0,0.0,0.0,0.0,0.0,0.0,0.0,0.0,0.0,0.0,0.0,0.0,0.0,0.0,0.0,0.0,0.0,0.0,0.71758765,0.0,0.0,0.0,0.0,0.0,0.0,0.0,0.0,0.0,0.0,0.0,0.0,0.0,0.0,0.0,0.0,0.0,0.0
PIK3IP1,0.0,0.0,0.0,0.0,0.0,0.0,0.0,0.0,0.0,0.0,0.9013167,0.0,0.0,1.0764471,0.0,0.0,0.0,0.0,0.0,1.0091891,0.9537429,0.0,0.0,0.0,0.0,0.0,0.0,0.0,0.3942191,0.0,1.1624637,0.85054916,1.423133,1.0247627,1.4343941,1.033006,1.4824396,1.3541749,1.0587914,1.1260114,0.99532795,0.0
DRG1,0.0,0.0,0.0,0.0,0.0,0.0,0.0,0.45258856,0.0,0.0,0.0,0.0,0.0,0.0,0.0,0.0,0.0,0.0,0.0,0.0,0.0,0.0,0.0,0.0,0.24767917,0.0,0.0,0.0,0.0,0.0,0.0,0.0,0.0,0.0,0.0,0.0,0.0,0.0,0.0,0.0,0.0,0.0
PISD,0.0,0.0,0.0,0.0,0.0,0.0,0.0,0.19453365,0.0,0.0,0.0,0.0,0.0,0.0,0.0,0.0,0.0,0.0,0.0,0.0,0.0,0.0,0.0,0.0,0.0,0.0,0.0,0.0,0.0,0.0,0.0,0.0,0.0,0.0,0.0,0.0,0.0,0.0,0.0,0.0,0.0,0.0
PRR14L,0.0,0.0,0.0,0.0,0.0,0.0,0.0,0.0,0.0,0.18083665,0.0,0.0,0.0,0.0,0.0,0.0,0.0,0.0,0.0,0.0,0.0,0.0,0.0,0.0,0.0,0.0,0.0,0.0,0.0,0.0,0.0,0.0,0.0,0.0,0.0,0.0,0.0,0.0,0.0,0.0,0.0,0.0
YWHAH,0.565376,0.0,0.0,1.131591,0.8503572,0.38905048,0.6267796,1.1815118,0.0,1.0618126,0.0,0.0,1.3831153,0.0,1.1548164,0.0,0.0,2.108962,0.0,0.0,0.0,0.0,0.50132537,0.0,0.5301881,0.0,0.0,0.6906637,0.0,0.0,0.0,0.0,0.0,0.0,0.0,0.0,0.0,0.0,0.0,0.0,0.0,0.0
RTCB,0.0,0.0,0.0,0.0,0.0,0.0,0.38319385,0.4832767,0.0,0.18083665,0.0,0.0,0.7257168,0.0,0.0,0.0,0.0,0.0,0.0,0.0,0.0,0.0,0.0,0.0,0.31626165,0.0,0.0,0.24384518,0.0,0.0,0.0,0.0,0.0,0.0,0.0,0.0,0.0,0.0,0.0,0.0,0.0,0.0
FBXO7,0.0,0.0,0.0,0.31852078,0.5788274,0.38905048,0.53033197,1.4620569,0.0,0.23380059,0.0,0.0,0.0,0.0,0.6868571,0.0,0.85989726,0.4266678,0.0,0.0,0.0,0.0,0.0,0.0,0.23725653,0.0,0.0,0.46903244,0.0,0.0,0.0,0.0,0.0,0.0,0.0,0.0,0.0,0.0,0.0,0.0,0.0,0.0
HMGXB4,0.0,0.0,0.0,0.0,0.48043814,0.0,0.0,0.15539156,0.0,0.0,0.0,0.0,0.0,0.0,0.0,0.0,0.0,0.0,0.0,0.0,0.0,0.0,0.0,0.0,0.16899817,0.0,0.0,0.0,0.0,0.0,0.0,0.0,0.0,0.0,0.0,0.0,0.0,0.0,0.0,0.0,0.0,0.0
TOM1,0.0,0.0,0.0,0.0,0.0,0.0,0.0,0.0,0.0,0.0,0.0,0.7784047,0.0,0.0,0.0,0.0,0.0,0.0,0.0,0.0,0.0,0.0,0.0,0.0,0.0,0.0,0.0,0.0,0.0,0.0,0.0,0.0,0.0,0.0,0.0,0.0,0.0,0.0,0.0,0.0,0.0,0.0
HMOX1,0.0,0.6586133,0.0,0.0,0.0,0.7064579,0.0,0.0,3.4388158,0.0,0.0,1.2880964,2.3248446,0.0,1.1810663,0.0,0.0,0.0,0.0,0.0,0.0,0.0,1.4321368,0.0,0.0,0.0,0.0,0.0,0.0,0.0,0.0,0.0,0.0,0.0,0.0,0.0,0.0,0.0,0.0,0.0,0.0,0.0
MCM5,0.0,0.0,0.0,0.22837058,0.73006344,0.47506863,0.3869771,0.8301493,0.0,0.47256014,0.0,0.0,0.0,0.0,0.0,0.0,0.0,0.0,0.0,0.0,0.0,0.0,0.0,0.0,0.6292043,0.0,0.0,0.3566633,0.0,0.0,0.0,0.0,0.0,0.0,0.0,0.0,0.0,0.0,0.0,0.0,0.0,0.0
APOL6,0.0,0.0,0.0,0.0,0.7222951,0.0,0.0,0.0,0.0,0.0,0.0,0.0,0.7257168,0.0,0.0,0.0,0.0,0.0,0.0,0.9615586,0.0,0.0,0.0,0.0,0.13528816,0.0,0.0,0.0,0.0,0.0,0.0,0.0,0.0,0.0,0.0,0.0,0.0,0.0,0.0,0.0,0.0,0.0
APOL3,0.0,0.0,0.0,0.0,0.0,0.5137493,0.0,0.0,0.0,0.0,0.0,0.0,0.0,0.0,0.0,0.0,0.0,0.0,0.0,0.0,0.0,0.0,0.0,0.0,0.0,0.0,0.0,0.0,0.0,0.0,0.0,0.0,0.0,0.0,0.0,0.0,0.0,0.0,0.0,0.0,0.0,0.0
MYH9,0.74198973,0.0,1.2619455,1.1645579,1.1880782,1.0283258,1.0131052,0.27569824,0.0,0.66755974,0.0,0.8423759,0.7257168,1.1963044,0.77814996,0.0,0.8841705,1.5724518,0.82428586,1.0883193,0.96698225,0.0,1.0373619,0.0,0.5089924,0.5193988,1.1254485,0.382367,0.76363426,0.0,0.9732882,1.217906,0.9714478,1.1785699,0.6417953,1.3600929,0.9608604,1.1306778,1.2035997,1.3232428,1.2259256,0.71411216
TXN2,0.0,0.0,0.0,0.55743337,0.65374565,0.59331524,0.69968575,1.0458089,0.0,0.42031318,0.0,0.47305363,0.0,0.0,0.0,0.0,0.0,0.0,0.0,0.0,0.0,0.0,0.49577087,0.0,0.5321695,0.0,0.0,0.59823155,0.0,0.0,0.0,0.0,0.0,0.0,0.0,0.0,0.0,0.0,0.0,0.0,0.0,0.5914619
EIF3D,0.886296,0.0,0.0,0.5625887,0.7901611,0.89923656,0.8378116,1.1865399,0.0,0.8970875,0.0,0.4254868,0.0,0.0,0.0,0.0,0.5673169,0.0,0.8635104,0.0,0.79462504,0.0,0.6298358,0.14963485,0.6890426,1.1237371,1.0764471,0.88473564,0.26702702,0.0,0.8445644,0.0,0.0,0.0,0.8923334,0.3500597,0.9133905,0.928307,0.0,0.0,0.0,0.86087745
NCF4,0.0,0.0,0.0,0.19515876,0.0,0.2875488,0.0,0.0,0.0,0.0,0.0,0.3987304,0.44090223,0.0,0.0,0.0,0.3923054,0.0,0.0,0.0,0.0,0.0,0.0,0.0,0.15106389,0.0,0.0,0.0,0.0,0.0,0.0,0.0,0.0,0.0,0.0,0.0,0.0,0.0,0.0,0.0,0.0,0.0
CSF2RB,0.0,0.0,0.0,0.0,0.0,0.0,0.0,0.0,0.0,0.0,0.0,0.0,0.0,0.0,0.0,0.0,1.4608443,0.0,0.0,0.0,0.0,0.0,0.0,0.0,0.0,0.0,0.0,0.0,0.0,0.0,0.0,0.0,0.0,0.0,0.0,0.0,0.0,0.0,0.0,0.0,0.0,0.6769092
TST,0.0,0.0,0.0,0.0,0.0,0.0,0.0,0.86645377,0.0,0.0,0.0,0.0,0.0,0.0,0.0,0.0,0.0,0.0,0.0,0.0,0.0,0.0,0.0,0.0,0.0,0.0,0.0,0.0,0.0,0.0,0.0,0.0,0.0,0.0,0.0,0.0,0.0,0.0,0.0,0.0,0.0,0.0
MPST,0.0,0.0,0.0,0.0,0.52868956,0.5457487,0.3404857,1.2217838,0.0,0.0,0.0,0.0,0.0,0.0,0.0,0.0,0.0,0.0,0.0,0.0,0.0,0.0,0.0,0.0,0.20090127,0.0,0.0,0.4090045,0.0,0.0,0.0,0.0,0.0,0.0,0.0,0.0,0.0,0.0,0.0,0.0,0.0,0.0
IL2RB,0.0,0.0,0.0,0.0,0.7518967,0.0,0.0,0.0,0.0,0.0,0.0,0.0,0.0,0.0,0.0,0.0,0.0,0.0,0.0,1.2837865,1.9106373,0.0,0.0,0.0,0.0,0.0,0.0,0.0,0.0,0.0,0.0,0.0,0.0,0.0,0.0,0.0,0.0,0.0,0.0,0.0,0.0,0.0
RAC2,1.9572526,0.0,1.1458877,1.3299537,2.3052573,0.0,1.3907168,0.6057699,0.0,1.3876989,1.2193325,0.64906085,0.0,1.4860011,1.8382314,1.2631721,1.2906526,1.5814155,1.6808417,1.9710989,1.822188,1.4456584,1.3459218,0.636355,1.4669219,1.0639586,0.99275464,1.1980624,1.7095904,0.0,1.5124282,1.6605341,1.4779831,1.5539899,1.3941834,1.6425657,1.5018065,1.8653995,1.6084787,1.6924223,1.5651891,1.6948075
CYTH4,0.0,0.0,0.0,0.0,0.0,0.3556153,0.4026517,0.0,0.0,0.0,0.0,0.0,0.0,0.0,0.0,0.0,0.0,0.0,0.0,0.0,0.0,0.0,0.45829844,0.0,0.0,0.0,0.0,0.0,0.0,0.0,0.0,0.0,0.0,0.0,0.0,0.0,0.0,0.0,0.0,0.0,0.0,0.96063805
MFNG,0.0,0.0,0.0,0.0,0.0,0.0,0.0,0.32661268,0.0,0.18083665,0.0,0.0,0.0,0.0,0.0,0.0,0.0,0.0,0.0,0.0,0.0,0.0,0.0,0.0,0.22759601,0.0,0.0,0.0,0.0,0.0,0.0,0.0,0.0,0.0,0.0,0.0,0.0,0.0,0.0,0.0,0.0,0.0
LGALS2,0.0,0.0,0.0,0.0,0.0,2.176171,0.50284827,0.0,0.0,0.0,0.0,0.0,0.0,0.0,0.0,0.0,0.0,0.0,0.0,0.0,0.0,0.0,0.0,0.0,0.0,0.0,0.0,0.0,0.0,0.0,0.0,0.0,0.0,0.0,0.0,0.0,0.0,0.0,0.0,0.0,0.0,0.0
GGA1,0.0,0.0,0.0,0.0,0.0,0.0,0.0,0.0,0.0,0.0,0.0,0.5367148,0.0,0.0,0.0,0.0,0.0,0.0,0.0,0.0,0.0,0.0,0.0,0.0,0.0,0.0,0.0,0.0,0.0,0.0,0.0,0.0,0.0,0.0,0.0,0.0,0.0,0.0,0.0,0.0,0.0,0.0
SH3BP1,0.0,0.0,0.0,0.0,0.0,0.65338784,0.36171302,0.0,0.0,0.0,0.0,0.0,0.7257168,0.0,0.0,0.0,0.0,0.0,0.0,0.0,0.0,0.0,0.0,0.0,0.0,0.0,0.0,0.0,0.0,0.0,0.0,0.0,0.0,0.0,0.0,0.0,0.0,0.0,0.0,0.0,0.0,0.0
PDXP,0.0,0.0,0.0,0.0,0.0,0.0,0.0,0.24811465,0.0,0.18155362,0.0,0.0,0.0,0.0,0.0,0.0,0.0,0.0,0.0,0.0,0.0,0.0,0.0,0.0,0.069928735,0.0,0.0,0.0,0.0,0.0,0.0,0.0,0.0,0.0,0.0,0.0,0.0,0.0,0.0,0.0,0.0,0.0
LGALS1,0.57448566,2.195094,2.9592204,3.5826092,1.7905471,2.0398388,2.7802298,0.0,1.7832339,0.31335935,0.0,2.233111,0.5578004,0.0,0.0,2.181034,2.1295247,0.43063802,0.0,1.1763928,0.0,0.0,2.2773728,0.9672839,1.3622909,0.0,0.0,0.28964448,0.8287834,0.0,0.0,0.0,0.0,0.0,0.0,0.0,0.0,0.0,0.0,0.0,1.032353,0.78860044
NOL12,0.0,0.0,0.0,0.0,0.0,0.0,0.0,0.121775165,0.0,0.18083665,0.0,0.0,0.0,0.0,0.0,0.0,0.0,0.0,0.0,0.0,0.0,0.0,0.0,0.0,0.0,0.0,0.0,0.0,0.0,0.0,0.0,0.0,0.0,0.0,0.0,0.0,0.0,0.0,0.0,0.0,0.0,0.0
H1-0,0.0,0.0,0.0,0.0,0.0,0.40020192,0.0,0.6820161,0.0,0.0,0.0,0.8840804,0.0,0.0,0.0,0.0,0.0,0.2600491,0.0,0.0,0.0,0.0,0.0,0.0,0.0,0.0,0.0,0.0,0.0,0.0,0.0,0.0,0.0,0.0,0.0,0.0,0.0,0.0,0.0,0.0,0.0,0.0
GCAT,0.0,0.0,0.0,0.0,0.0,0.0,0.0,0.20464721,0.0,0.0,0.0,0.0,0.0,0.0,0.0,0.0,0.0,0.0,0.0,0.0,0.0,0.0,0.0,0.0,0.0,0.0,0.0,0.0,0.0,0.0,0.0,0.0,0.0,0.0,0.0,0.0,0.0,0.0,0.0,0.0,0.0,0.0
EIF3L,1.1365354,0.0,0.9862258,1.0293752,0.8100989,1.6402146,1.305033,1.5201421,0.0,1.3746347,1.0716889,1.097946,0.5578004,0.9498371,1.3768444,0.0,0.51556206,0.0,1.0456321,0.0,0.85421443,1.191017,0.9850018,0.30019924,0.7354766,1.0549465,1.609758,1.3249639,0.58513594,0.0,1.0120785,0.0,0.9500316,0.0,1.0528028,1.0324814,1.0324694,1.0274323,0.0,0.8933126,0.0,1.3064947
POLR2F,0.0,0.0,0.0,0.0,0.47797334,0.0,0.37619096,0.9338699,0.0,0.57238364,0.0,0.0,0.0,0.0,0.0,0.0,0.0,0.0,0.0,0.0,0.0,0.0,0.0,0.0,0.528515,0.0,0.0,0.38528657,0.0,0.0,0.0,0.0,0.0,0.0,0.0,0.0,0.0,0.0,0.0,0.0,0.0,0.0
MAFF,0.0,0.0,0.0,0.0,0.0,0.0,0.4026517,0.0,0.0,0.0,0.0,0.5221987,0.0,0.0,0.0,0.0,0.0,0.0,0.0,0.0,1.0623095,0.0,0.0,0.0,0.0,0.0,0.0,0.0,0.0,0.0,0.0,0.0,0.0,0.0,0.0,0.37611002,0.0,0.0,0.0,0.0,0.0,0.0
TMEM184B,0.0,0.0,0.0,0.0,0.0,0.0,0.0,0.0,0.0,0.0,0.0,0.0,0.0,0.0,0.0,0.0,0.0,0.0,0.0,0.0,0.0,0.0,0.0,0.0,0.13803001,0.0,0.0,0.0,0.0,0.0,0.0,0.0,0.0,0.0,0.0,0.0,0.0,0.0,0.0,0.0,0.0,0.0
CSNK1E,0.0,0.0,0.0,0.0,0.0,0.0,0.0,0.0,0.0,0.0,0.0,0.0,0.0,0.0,0.0,0.0,0.0,0.0,0.0,0.0,0.0,0.0,0.0,0.26971257,0.33476672,1.0356917,0.0,0.0,0.0,0.0,0.0,0.0,0.0,0.0,0.0,0.0,0.0,0.0,0.0,0.0,0.0,0.70486486
DDX17,1.3092604,0.0,1.2998085,1.1611524,1.098305,0.8968226,1.1526253,0.5738673,0.0,1.0375587,1.3675416,0.47305363,0.0,1.0631148,1.511234,0.50346875,1.442086,0.0,1.2462409,1.2930145,1.3146135,1.1943758,0.9063865,0.51612115,0.5760618,1.3175094,1.1965461,1.0745314,0.9487612,1.7797773,0.90612274,1.1615583,1.0612571,1.158851,0.94973993,0.9254537,0.93813443,1.0603927,1.1434791,0.9864893,1.1143222,1.4527481
TOMM22,0.51613474,0.0,0.0,0.5725757,0.48390266,0.5035982,0.7647091,1.1267155,0.0,0.61415184,0.0,0.5950968,0.7257168,0.0,0.0,0.0,0.0,0.0,0.0,0.0,0.0,0.0,0.5183847,0.11845069,0.75641245,1.0372822,0.0,0.74967456,0.0,0.0,0.0,0.0,0.0,0.0,0.0,0.0,0.0,0.0,0.0,0.0,0.0,0.7339421
JOSD1,0.0,0.0,0.0,0.0,0.5497958,0.0,0.38106546,0.0,0.0,0.18155362,0.0,0.4254868,0.5578004,0.0,0.0,0.0,0.0,0.0,0.0,0.0,0.0,0.0,0.0,0.0,0.0,0.0,0.0,0.0,0.0,0.0,0.0,0.0,0.0,0.0,0.0,0.0,0.0,0.0,0.0,0.0,0.0,0.0
SUN2,0.0,0.0,0.0,0.5113195,1.2584022,0.0,0.47691563,0.0,0.0,0.36239028,0.392094,0.0,0.0,0.0,0.6868571,0.0,0.0,0.0,0.0,1.1918947,1.0812597,0.0,0.0,0.0,0.14598884,0.0,0.0,0.0,0.8520404,0.0,0.7730912,1.0542016,0.0,0.999649,0.0,0.98491347,0.86497575,0.57777834,0.9506155,0.8827068,1.1232038,0.0
CBX6,0.0,0.0,0.0,0.0,0.0,0.442071,0.47268915,0.0,0.0,0.0,0.0,0.0,0.0,0.0,0.0,0.0,0.0,0.0,0.0,0.0,0.0,0.0,0.0,0.0,0.21754807,0.0,0.0,0.0,0.0,0.0,0.0,0.0,0.0,0.0,0.0,0.0,0.0,0.0,0.0,0.0,0.0,0.7386732
APOBEC3A,0.0,0.0,0.0,0.0,0.0,0.0,0.0,0.0,0.0,0.0,0.0,0.0,0.0,0.0,0.0,0.0,0.0,0.0,0.0,0.0,0.0,0.0,0.9737232,0.0,0.0,0.0,0.0,0.0,0.0,0.0,0.0,0.0,0.0,0.0,0.0,0.0,0.0,0.0,0.0,0.0,0.0,0.0
APOBEC3B,0.0,0.0,0.0,0.0,0.0,0.0,0.0,0.0,0.0,0.0,0.0,0.0,0.0,0.0,0.0,0.0,0.0,0.0,0.0,0.0,0.0,0.0,0.0,0.0,0.12525262,0.0,0.0,0.0,0.0,0.0,0.0,0.0,0.0,0.0,0.0,0.0,0.0,0.0,0.0,0.0,0.0,0.0
APOBEC3C,0.0,0.0,0.0,0.0,0.7204749,0.0,0.0,0.39315575,0.0,0.4977838,0.0,0.0,0.0,0.0,0.0,0.0,0.0,0.0,0.0,0.0,0.0,0.0,0.0,0.0,0.58732486,0.0,0.0,0.0,0.0,0.0,0.0,0.0,0.0,0.0,0.0,0.0,0.0,0.0,0.0,0.0,0.0,0.0
APOBEC3G,0.0,0.0,0.0,0.0,1.0220792,0.0,0.0,0.0,0.0,0.42031318,0.0,0.0,0.0,0.0,0.0,0.0,0.0,0.0,0.0,1.021765,1.0179682,0.0,0.0,0.0,0.6238994,0.0,0.0,0.0,0.0,0.0,0.0,1.0166154,0.0,0.0,0.0,0.0,0.0,0.0,0.0,0.0,0.0,0.0
RPL3,3.5011735,2.6158295,2.5274343,2.8722992,2.800815,3.1628468,3.3092122,3.7497413,2.5515044,3.1526835,3.4514945,2.375694,2.9001775,3.543336,3.446525,3.1458187,2.9439015,2.5218933,3.6692057,3.047915,3.426181,3.4458127,2.565342,2.409226,3.1362822,2.8473098,3.287677,3.6124744,3.2475028,1.8453777,3.7811913,3.4099789,3.6445901,3.3717477,3.7790809,3.7802682,3.8364825,3.49737,3.4105725,3.4511366,3.4316916,3.5591927
SYNGR1,0.0,0.0,0.0,0.0,0.0,0.0,0.0,1.7114898,0.0,0.0,0.0,0.0,0.0,0.0,0.0,0.0,0.0,0.0,0.0,0.0,0.0,0.0,0.0,0.0,0.0,0.0,0.0,0.23946792,0.0,0.0,0.0,0.0,0.0,0.0,0.0,0.0,0.0,0.0,0.0,0.0,0.0,0.0
ATF4,0.470424,0.0,0.87713456,1.1964657,0.74064136,0.6884801,0.835882,0.7340407,0.0,0.7697774,1.0573997,1.0348424,0.91374826,0.0,0.0,0.0,0.92850417,0.83918595,0.0,0.0,0.883749,0.0,0.6567014,0.9027819,1.0777984,0.0,1.0910696,1.0304606,0.7366832,0.0,0.6845592,0.0,0.0,0.0,0.0,0.0,0.0,0.0,0.0,0.0,0.0,0.88803935
RPS19BP1,0.0,0.0,0.0,0.47833848,0.7458726,0.37093928,0.56046355,0.7946749,0.0,0.31335935,0.0,0.0,0.44090223,0.0,0.0,0.0,0.0,0.8490477,0.0,0.0,0.0,0.0,0.0,0.60745186,0.9857341,0.0,0.0,0.45196992,0.0,0.0,0.0,0.0,0.0,0.0,0.0,0.0,0.0,0.0,0.0,0.0,0.0,0.6576252
GRAP2,0.0,0.0,0.0,0.0,0.0,0.0,0.0,0.0,0.0,0.0,0.0,0.0,0.0,0.0,0.0,0.0,0.0,0.72853917,0.0,0.0,0.0,0.0,0.0,0.0,0.0,0.0,0.0,0.0,0.0,0.0,0.0,0.0,0.0,0.0,0.0,0.0,0.0,0.0,0.0,0.0,0.0,0.0
TNRC6B,0.57448566,0.0,0.0,0.43206728,0.71277153,0.37913528,0.61058205,0.104327425,0.0,0.23380059,1.2041712,0.0,0.0,0.0,1.1810663,0.0,0.32241887,0.0,0.9303017,0.9884447,0.90947545,0.0,0.18481782,0.0,0.22572826,0.0,0.9181548,0.37432504,0.0,0.0,0.894166,0.8924614,0.88797605,0.9863325,0.93081295,0.7382381,0.93473995,0.8609756,0.59876716,0.0,1.019268,0.9943075
ADSL,0.0,0.0,0.0,0.0,0.0,0.34115425,0.0,1.0138655,0.0,0.23380059,0.0,0.0,0.0,0.0,0.0,0.0,0.0,0.0,0.0,0.0,0.0,0.0,0.0,0.0,0.36811495,0.0,0.0,0.38129967,0.0,0.0,0.0,0.0,0.0,0.0,0.0,0.0,0.0,0.0,0.0,0.0,0.0,0.0
SGSM3,0.0,0.0,0.0,0.0,0.0,0.0,0.0,0.0,0.0,0.0,0.0,0.0,0.0,0.0,0.0,0.0,0.0,0.0,0.0,0.0,0.0,0.0,0.0,0.0,0.13153149,0.0,0.0,0.0,0.0,0.0,0.0,0.0,0.0,0.0,0.0,0.0,0.0,0.0,0.0,0.0,0.0,0.0
MRTFA,0.0,0.0,0.0,0.0,0.0,0.0,0.0,0.0,0.0,0.18155362,0.0,0.0,0.0,0.0,0.0,0.0,0.0,0.0,0.0,0.0,0.0,0.0,0.0,0.0,0.0,0.0,0.0,0.0,0.0,0.0,0.0,0.0,0.0,0.0,0.0,0.0,0.0,0.0,0.0,0.0,0.0,0.0
ST13,0.9897175,0.6834405,0.0,0.75834084,0.74997365,1.0551162,0.8155059,1.474077,1.3543139,1.1278161,0.9013167,0.6449004,1.141807,0.74575543,1.2104161,0.0,0.0,0.9379685,0.984136,0.0,0.0,1.0988791,0.8073408,0.24428296,0.7526428,1.0705817,1.4336234,1.1582859,0.85416985,0.0,0.9049818,0.0,0.93202466,0.0,1.0219927,1.2882391,1.1603533,0.9416269,0.0,0.0,0.9984566,0.80041677
RBX1,0.470424,0.0,0.68538857,1.0556704,1.1387811,0.8300034,0.9458693,1.3488694,0.0,1.133539,0.0,0.79289067,0.44090223,0.0,0.7355936,0.0,0.0,1.3609092,0.0,0.0,0.0,0.0,0.9694625,0.40746674,1.172463,0.0,0.0,0.9606682,0.0,0.0,0.0,0.0,0.0,0.0,0.0,0.0,0.0,0.0,0.0,0.0,0.0,1.0618663
EP300,0.0,0.0,0.61193097,0.56879604,0.0,0.0,0.5908609,0.0,0.0,0.23875955,0.0,0.0,0.91374826,0.0,0.0,0.0,0.0,0.0,0.0,0.0,0.0,0.0,0.5010526,0.0,0.21339111,0.0,0.0,0.11162157,0.0,0.0,0.0,0.0,0.0,0.0,0.0,0.0,0.0,0.0,0.0,0.0,0.0,0.42621693
RANGAP1,0.0,0.0,0.0,0.0,0.0,0.0,0.0,0.29363698,0.0,0.0,0.0,0.0,0.0,0.0,0.0,0.0,0.0,0.0,0.0,0.0,0.0,0.0,0.0,0.0,0.13101205,0.0,0.0,0.0,0.0,0.0,0.0,0.0,0.0,0.0,0.0,0.0,0.0,0.0,0.0,0.0,0.0,0.0
TOB2,0.0,0.0,0.0,0.0,0.0,0.0,0.0,0.0,0.0,0.42031318,0.0,0.0,0.0,0.0,0.0,0.0,0.0,0.0,0.0,0.0,0.0,0.0,0.0,0.0,0.0,0.0,0.0,0.0,0.0,0.0,0.0,0.0,0.0,0.0,0.0,0.0,0.0,0.0,0.0,0.0,0.0,0.0
PHF5A,0.0,0.0,0.0,0.0,0.0,0.0,0.0,0.5710403,0.0,0.44826725,0.0,0.0,0.0,0.0,0.0,0.0,0.0,0.0,0.0,0.0,0.0,0.0,0.0,0.0,0.14045735,0.0,0.0,0.0,0.0,0.0,0.0,0.0,0.0,0.0,0.0,0.0,0.0,0.0,0.0,0.0,0.0,0.0
ACO2,0.0,0.0,0.0,0.0,0.0,0.3431283,0.40476632,0.42969444,0.0,0.18083665,0.0,0.0,0.44090223,0.0,0.0,0.0,0.0,0.0,0.0,0.0,0.0,0.0,0.0,0.19715774,0.5501352,0.0,0.0,0.0,0.0,0.0,0.0,0.0,0.0,0.0,0.0,0.0,0.0,0.0,0.0,0.0,0.0,0.0
POLR3H,0.0,0.0,0.0,0.0,0.0,0.0,0.0,0.16460665,0.0,0.0,0.0,0.0,0.0,0.0,0.0,0.0,0.0,0.0,0.0,0.0,0.0,0.0,0.0,0.0,0.0,0.0,0.0,0.0,0.0,0.0,0.0,0.0,0.0,0.0,0.0,0.0,0.0,0.0,0.0,0.0,0.0,0.0
PMM1,0.0,0.0,0.0,0.0,0.0,0.3139043,0.0,0.0,0.0,0.0,0.0,0.0,0.0,0.0,0.0,0.0,0.0,0.0,0.0,0.0,0.0,0.0,0.0,0.0,0.0,0.0,0.0,0.0,0.0,0.0,0.0,0.0,0.0,0.0,0.0,0.0,0.0,0.0,0.0,0.0,0.0,0.0
DESI1,0.0,0.0,0.0,0.0,0.0,0.38395348,0.0,0.0,0.0,0.0,0.0,0.0,0.5578004,0.0,0.0,0.0,0.0,0.0,0.0,0.0,0.0,0.0,0.0,0.1304064,0.3683824,0.0,0.0,0.0,0.0,0.0,0.0,0.0,0.0,0.0,0.0,0.0,0.0,0.0,0.0,0.0,0.0,0.0
XRCC6,0.7734053,0.0,0.60011846,1.1600401,1.1667867,0.90679693,0.91983026,1.2971711,0.0,1.033983,0.7733425,0.91348,0.5578004,0.0,1.2927269,0.0,0.0,0.0,0.8225978,0.0,0.0,0.0,0.73631746,0.20344815,1.0876666,0.0,0.0,1.1432755,0.696363,0.0,0.76971537,0.0,0.0,0.0,0.72789896,0.9194229,0.8169492,0.8758656,0.0,0.0,0.9293262,0.83374166
SNU13,1.1453758,0.0,0.0,0.7337452,1.031425,0.89923656,0.90571284,1.3397248,0.0,1.3332019,0.392094,0.8423759,0.7257168,0.98691136,1.3148127,0.0,0.0,1.0265623,1.132611,0.78041816,0.7620492,1.0509841,0.86932695,0.63190275,1.4003209,0.0,0.0,1.0542016,0.949625,0.0,0.9351158,1.036855,0.9436592,1.0778518,0.9450995,0.942893,0.933708,1.0207419,1.0569503,0.9482845,0.9242541,1.034616
MEI1,0.0,0.0,0.0,0.0,0.0,0.0,0.0,0.0,0.0,0.0,0.0,0.0,0.0,0.0,0.0,0.0,0.0,0.0,0.0,0.0,0.0,0.0,0.0,0.3763629,0.1666439,0.0,0.0,0.0,0.0,0.0,0.0,0.0,0.0,0.0,0.0,0.0,0.0,0.0,0.0,0.0,0.0,0.0
SREBF2,0.0,0.0,0.0,0.0,0.0,0.0,0.0,0.0,0.0,0.0,0.0,0.0,0.0,0.0,0.0,0.0,0.0,0.0,0.0,0.0,0.0,0.0,0.0,0.0,0.15349633,0.0,0.0,0.0,0.0,0.0,0.0,0.0,0.0,0.0,0.0,0.0,0.0,0.0,0.0,0.0,0.0,0.0
TNFRSF13C,0.958277,0.0,0.0,0.0,0.0,0.0,0.0,0.0,0.0,0.0,0.0,0.0,0.0,0.0,1.449307,0.0,0.0,0.0,1.2389195,0.0,0.0,1.2770329,0.0,0.0,0.0,0.0,0.0,0.0,0.0,0.0,0.0,0.0,0.0,0.0,0.0,0.0,0.0,0.0,0.0,0.0,0.0,0.0
CENPM,0.0,0.0,0.0,0.0,1.0357168,0.0,0.0,0.61400485,0.0,0.65150476,0.0,0.0,0.0,0.0,0.0,0.0,0.0,0.0,0.0,0.0,0.0,0.0,0.0,0.0,0.5518554,0.0,0.0,0.0,0.0,0.0,0.0,0.0,0.0,0.0,0.0,0.0,0.0,0.0,0.0,0.0,0.0,0.0
NAGA,0.0,0.0,0.0,0.0,0.0,0.3828968,0.29905957,0.0,0.0,0.0,0.0,0.0,0.5578004,0.0,0.0,0.0,0.0,0.0,0.0,0.0,0.0,0.0,0.0,0.0,0.0,0.0,0.0,0.0,0.0,0.0,0.0,0.0,0.0,0.0,0.0,0.0,0.0,0.0,0.0,0.0,0.0,0.0
SMDT1,1.1446455,0.8188347,0.0,0.6907899,0.83720726,1.1323854,1.2776549,0.5484861,0.0,1.0508825,1.1428969,0.6602513,0.44090223,1.0485702,0.8421502,0.39839238,0.6546556,0.65173423,1.253031,0.0,1.121109,1.2384844,0.8302952,0.616688,0.8505261,1.053764,1.031539,0.721982,0.90883887,0.0,1.2840698,0.0,1.2151477,0.0,1.5008578,1.26397,1.1111681,1.1534784,0.0,1.010965,1.019268,1.1530951
NDUFA6,0.0,0.0,0.0,0.55351186,0.8500502,0.70080924,0.48373562,1.1588011,0.0,0.57238364,0.0,0.91348,0.5578004,0.0,0.0,0.0,0.0,1.0430049,0.0,0.0,0.0,0.0,0.74105257,0.36734912,1.083721,0.0,0.0,0.36146206,0.0,0.0,0.0,0.0,0.0,0.0,0.0,0.0,0.0,0.0,0.0,0.0,0.0,0.0
NFAM1,0.0,0.0,0.0,0.0,0.0,0.0,0.0,0.0,0.0,0.0,0.0,0.5367148,0.0,0.0,0.0,0.0,0.0,0.0,0.0,0.0,0.0,0.0,0.0,0.0,0.0,0.0,0.0,0.0,0.0,0.0,0.0,0.0,0.0,0.0,0.0,0.0,0.0,0.0,0.0,0.0,0.0,0.0
RRP7A,0.0,0.0,0.0,0.57802725,0.77767694,0.34549886,0.41449797,0.93829215,0.0,0.5471599,0.0,0.0,0.0,0.0,0.0,0.0,0.0,0.0,0.0,0.0,0.0,0.0,0.0,0.0,0.36811495,0.0,0.0,0.5989294,0.0,0.0,0.0,0.0,0.0,0.0,0.0,0.0,0.0,0.0,0.0,0.0,0.0,0.70858014
POLDIP3,0.0,0.0,0.0,0.0,0.0,0.0,0.0,0.1873608,0.0,0.0,0.0,0.0,0.0,0.0,0.0,0.0,0.0,0.0,0.0,0.0,0.0,0.0,0.0,0.0,0.0,0.0,0.0,0.0,0.0,0.0,0.0,0.0,0.0,0.0,0.0,0.0,0.0,0.0,0.0,0.0,0.0,0.0
ENSG00000270022,0.0,0.0,0.0,0.0,0.0,0.0,0.0,0.0,0.0,0.0,0.0,0.0,0.0,0.0,0.0,0.0,0.0,0.0,0.0,0.0,0.0,0.0,0.0,0.0,0.18095525,0.0,0.0,0.0,0.0,0.0,0.0,0.0,0.0,0.0,0.0,0.0,0.0,0.0,0.0,0.0,0.0,0.0
CYB5R3,0.0,0.0,0.0,0.0,0.27527398,1.2353032,0.49489614,0.5557012,0.0,0.18083665,0.0,0.5221987,0.7458428,0.0,0.7355936,0.0,0.0,0.8647156,0.0,0.0,0.0,0.0,0.4016111,0.0,0.0,0.0,0.0,0.25981367,0.0,0.0,0.0,0.0,0.0,0.0,0.0,0.0,0.0,0.0,0.0,0.0,0.0,0.0
A4GALT,0.0,0.0,0.0,0.0,0.0,0.0,0.0,0.66233736,0.0,0.0,0.0,0.0,0.0,0.0,0.0,0.0,0.0,0.0,0.0,0.0,0.0,0.0,0.0,0.0,0.0,0.0,0.0,0.0,0.0,0.0,0.0,0.0,0.0,0.0,0.0,0.0,0.0,0.0,0.0,0.0,0.0,0.0
ARFGAP3,0.0,0.0,0.0,0.0,0.0,0.0,0.0,0.0,0.0,0.0,0.0,0.0,0.0,0.0,0.0,0.0,0.0,0.0,0.0,0.0,0.0,0.0,0.0,0.33914495,0.3875177,0.0,0.0,0.0,0.0,0.0,0.0,0.0,0.0,0.0,0.0,0.0,0.0,0.0,0.0,0.0,0.0,0.4714797
PACSIN2,0.0,0.0,0.0,0.0,0.0,0.5072514,0.0,0.0,0.0,0.0,0.0,0.0,0.0,0.0,0.0,0.0,0.0,0.0,0.0,0.0,0.0,0.0,0.0,0.0,0.0,0.0,0.0,0.0,0.0,0.0,0.0,0.0,0.0,0.0,0.0,0.0,0.0,0.0,0.0,0.0,0.0,0.0
MCAT,0.0,0.0,0.0,0.0,0.0,0.0,0.0,0.1302975,0.0,0.0,0.0,0.0,0.0,0.0,0.0,0.0,0.0,0.0,0.0,0.0,0.0,0.0,0.0,0.0,0.0,0.0,0.0,0.0,0.0,0.0,0.0,0.0,0.0,0.0,0.0,0.0,0.0,0.0,0.0,0.0,0.0,0.0
TSPO,0.0,1.8859581,2.573151,2.5355856,0.8757467,0.77582276,1.6621758,1.4158405,0.0,0.57331717,1.049655,2.000966,0.97920024,0.0,0.0,1.7418373,1.2695346,0.0,0.0,0.91933155,0.98527867,0.0,1.8644313,0.28807428,0.12957723,0.5343652,0.0,1.467025,0.0,0.0,0.94136465,0.8747229,0.0,0.0,0.9147335,0.0,0.77359396,1.0207419,0.0,0.8565465,0.0,0.0
TTLL12,0.0,0.0,0.0,0.0,0.0,0.0,0.0,0.62596214,0.0,0.0,0.0,0.0,0.0,0.0,0.0,0.0,0.0,0.0,0.0,0.0,0.0,0.0,0.0,0.0,0.0,0.0,0.0,0.0,0.0,0.0,0.0,0.0,0.0,0.0,0.0,0.0,0.0,0.0,0.0,0.0,0.0,0.0
SAMM50,0.0,0.0,0.0,0.0,0.0,0.0,0.32769254,0.5759481,0.0,0.0,0.0,0.0,0.0,0.0,0.0,0.0,0.0,0.0,0.0,0.0,0.0,0.0,0.0,0.0,0.23757933,0.0,0.0,0.0,0.0,0.0,0.0,0.0,0.0,0.0,0.0,0.0,0.0,0.0,0.0,0.0,0.0,0.0
PARVB,0.0,0.0,0.0,0.0,0.0,0.0,0.0,1.0177704,0.0,0.0,0.0,0.0,0.0,0.0,0.8421502,0.0,0.0,1.656044,0.0,0.0,0.0,0.0,0.0,0.0,0.28064317,0.0,0.0,0.0,0.0,0.0,0.0,0.0,0.0,0.0,0.0,0.0,0.0,0.0,0.0,0.0,0.0,0.6569497
PARVG,0.0,0.0,0.5326178,0.8312181,0.3701802,0.90679693,0.83359367,0.0,0.0,0.18155362,0.0,0.79289067,0.0,0.0,0.0,0.0,0.0,0.0,0.0,0.0,0.0,0.0,0.76705754,0.0,0.0,0.0,0.0,0.26198125,0.0,0.0,0.0,0.0,0.0,0.0,0.0,0.0,0.0,0.0,0.0,0.0,0.0,0.7129726
PRR5,0.0,0.0,0.0,0.0,0.0,0.0,0.0,0.0,0.0,0.0,0.6301467,0.0,0.0,0.0,0.0,0.0,0.0,0.0,0.0,0.0,0.0,0.0,0.0,0.0,0.0,0.0,0.0,0.0,0.0,0.0,0.0,0.0,0.0,0.0,0.0,0.0,0.0,0.0,0.0,0.0,0.0,0.0
NUP50,0.0,0.0,0.0,0.37378585,0.4911123,0.0,0.0,0.24205172,0.0,0.44826725,0.0,0.0,0.0,0.0,0.0,0.0,0.0,0.0,0.0,0.0,0.0,0.0,0.0,0.0,0.30694038,0.0,0.0,0.0,0.0,0.0,0.0,0.0,0.0,0.0,0.0,0.0,0.0,0.0,0.0,0.0,0.0,0.0
KIAA0930,0.0,0.0,0.0,0.81495583,0.0,0.40578204,0.50733024,0.0,0.0,0.0,0.0,0.47305363,0.0,0.0,0.0,0.0,0.0,0.0,0.0,0.0,0.0,0.0,0.0,0.0,0.0,0.0,0.0,0.0,0.0,0.0,0.0,0.0,0.0,0.0,0.0,0.0,0.0,0.0,0.0,0.0,0.0,0.0
ATXN10,0.0,0.0,0.0,0.0,0.0,0.0,0.48666447,0.35840407,0.0,0.18083665,0.0,0.0,0.0,0.0,0.0,0.0,0.0,0.0,0.0,0.0,0.0,0.0,0.0,0.0,0.25475153,0.0,0.0,0.36603704,0.0,0.0,0.0,0.0,0.0,0.0,0.0,0.0,0.0,0.0,0.0,0.0,0.0,0.0
TTC38,0.0,0.0,0.0,0.0,0.5807111,0.0,0.0,0.0,0.0,0.0,0.0,0.0,0.0,0.0,0.0,0.0,0.0,0.0,0.0,0.9668797,0.0,0.0,0.0,0.0,0.0,0.0,0.0,0.0,0.0,0.0,0.0,0.0,0.0,0.0,0.0,0.0,0.0,0.0,0.0,0.0,0.0,0.0
GTSE1,0.0,0.0,0.0,0.0,0.8923763,0.0,0.0,0.0,0.0,0.63124,0.0,0.0,0.0,0.0,0.0,0.0,0.0,0.0,0.0,0.0,0.0,0.0,0.0,0.0,0.3699648,0.0,0.0,0.0,0.0,0.0,0.0,0.0,0.0,0.0,0.0,0.0,0.0,0.0,0.0,0.0,0.0,0.0
CERK,0.0,0.0,0.0,0.0,0.0,0.0,0.0,0.0,0.0,0.0,0.0,0.0,0.0,0.0,0.0,0.0,0.0,0.0,0.0,0.0,0.0,0.0,0.0,0.0,0.14972688,0.0,0.0,0.0,0.0,0.0,0.0,0.0,0.0,0.0,0.0,0.0,0.0,0.0,0.0,0.0,0.0,0.0
ENSG00000260708,0.0,0.0,0.0,0.0,0.0,0.0,0.0,0.0,0.0,0.18083665,0.0,0.0,0.0,0.0,0.0,0.0,0.0,0.0,0.0,0.0,0.0,0.0,0.0,0.0,0.0,0.0,0.0,0.0,0.0,0.0,0.0,0.0,0.0,0.0,0.0,0.0,0.0,0.0,0.0,0.0,0.0,0.0
TBC1D22A,0.0,0.0,0.0,0.0,0.0,0.28951037,0.0,0.0,0.0,0.0,0.0,0.0,0.7257168,0.0,0.0,0.0,0.0,0.0,0.0,0.0,0.0,0.0,0.0,0.0,0.0,0.0,0.0,0.0,0.0,0.0,0.0,0.0,0.0,0.0,0.0,0.0,0.0,0.0,0.0,0.0,0.0,0.0
CRELD2,0.0,0.0,0.0,0.0,0.0,0.3139043,0.0,0.0,0.0,0.0,0.0,0.0,0.44090223,0.0,0.0,0.0,0.0,0.0,0.0,0.0,0.0,0.0,0.0,0.96321833,1.0931358,0.0,0.0,0.0,0.0,0.0,0.0,0.0,0.0,0.0,0.0,0.0,0.0,0.0,0.0,0.0,0.0,0.0
PIM3,0.0,0.0,0.0,0.0,0.0,0.8056199,0.47555205,0.0,0.0,0.47256014,0.0,1.3827797,0.0,0.0,0.0,0.0,0.0,0.0,0.0,0.0,0.0,0.0,0.7808019,0.11111429,0.3453101,0.0,0.0,0.0,0.0,0.0,0.6782857,0.0,0.0,0.0,0.0,0.0,0.0,0.4984718,0.0,0.0,0.0,0.5003035
TRABD,0.0,0.0,0.0,0.6040735,0.6928228,0.48604932,0.8242114,0.21169974,0.0,0.18155362,0.0,0.5046885,0.0,0.0,0.0,0.0,0.0,0.0,0.0,0.0,0.0,0.0,0.0,0.38694683,0.74951214,1.5726807,1.4625027,0.35548377,0.0,0.0,0.0,0.0,0.0,0.0,0.0,0.0,0.0,0.0,0.0,0.0,0.0,1.0562171
PLXNB2,0.0,0.0,0.0,0.0,0.0,0.0,0.0,0.0,0.0,0.0,0.0,0.0,0.0,0.0,0.0,0.0,0.0,0.0,0.0,0.0,0.0,0.0,0.4540597,0.0,0.0,0.0,0.0,0.0,0.0,0.0,0.0,0.0,0.0,0.0,0.0,0.0,0.0,0.0,0.0,0.0,0.0,0.0
DENND6B,0.0,0.0,0.0,0.0,0.0,0.0,0.0,0.0,0.0,0.0,0.0,0.0,0.0,0.0,0.0,0.0,0.0,0.0,0.0,0.0,0.0,0.0,0.0,0.0,0.1409382,0.0,0.0,0.0,0.0,0.0,0.0,0.0,0.0,0.0,0.0,0.0,0.0,0.0,0.0,0.0,0.0,0.0
PPP6R2,0.0,0.0,0.0,0.0,0.0,0.0,0.0,0.0,0.0,0.18083665,0.0,0.0,0.0,0.0,0.0,0.0,0.0,0.0,0.0,0.0,0.0,0.0,0.0,0.0,0.16462293,0.0,0.0,0.0,0.0,0.0,0.0,0.0,0.0,0.0,0.0,0.0,0.0,0.0,0.0,0.0,0.0,0.0
LMF2,0.0,0.0,0.0,0.0,0.0,0.0,0.0,0.0,0.0,0.0,0.0,0.0,0.0,0.0,0.0,0.0,0.0,0.0,0.0,0.0,0.0,0.0,0.0,0.17707415,0.18132702,0.0,0.0,0.0,0.0,0.0,0.0,0.0,0.0,0.0,0.0,0.0,0.0,0.0,0.0,0.0,0.0,0.0
NCAPH2,0.0,0.0,0.0,0.0,0.0,0.0,0.0,0.0,0.0,0.0,0.0,0.0,0.0,0.0,0.0,0.0,0.0,0.0,0.0,0.0,0.0,0.0,0.0,0.0,0.17029929,0.0,0.0,0.0,0.0,0.0,0.0,0.0,0.0,0.0,0.0,0.0,0.0,0.0,0.0,0.0,0.0,0.0
SCO2,0.0,0.0,0.0,0.0,0.0,0.34146005,0.41995525,0.18037266,0.0,0.18155362,0.0,0.5073828,0.0,0.0,0.0,0.0,0.0,0.0,0.0,0.0,0.0,0.0,0.53447056,0.0,0.16899817,0.0,0.0,0.0,0.0,0.0,0.0,0.0,0.0,0.0,0.0,0.0,0.0,0.0,0.0,0.0,0.0,0.0
TYMP,0.0,0.0,2.0821166,1.6771328,0.0,1.2988952,2.035434,0.0,1.1793175,0.49529564,0.0,2.0156562,2.2312644,0.0,0.0,1.2363133,0.0,0.0,0.0,0.0,0.0,0.0,2.1403973,0.48810607,0.33412886,0.0,0.0,0.0,0.0,0.0,0.0,0.0,0.0,0.0,0.0,0.0,0.0,0.0,0.0,0.0,0.0,0.0
CIMAP1B,0.0,0.0,0.0,0.0,0.0,0.0,0.41870624,0.0,0.0,0.0,0.0,0.3987304,0.0,0.0,0.0,0.0,0.0,0.0,0.0,0.0,0.0,0.0,0.0,0.0,0.0,0.0,0.0,0.0,0.0,0.0,0.0,0.0,0.0,0.0,0.0,0.0,0.0,0.0,0.0,0.0,0.0,0.0
CHKB,0.0,0.0,0.0,0.0,0.0,0.0,0.0,0.0,0.0,0.18083665,0.0,0.0,0.0,0.0,0.0,0.0,0.0,0.0,0.0,0.0,0.0,0.0,0.0,0.0,0.0,0.0,0.0,0.0,0.0,0.0,0.0,0.0,0.0,0.0,0.0,0.0,0.0,0.0,0.0,0.0,0.0,0.0
ARSA,0.0,0.0,0.0,0.0,0.0,0.0,0.0,0.0,0.0,0.18155362,0.0,0.0,1.141807,0.0,0.0,0.0,0.0,0.0,0.0,0.0,0.0,0.0,0.0,0.504487,0.0,0.0,0.0,0.0,0.0,0.0,0.0,0.0,0.0,0.0,0.0,0.0,0.0,0.0,0.0,0.0,0.0,0.0
GTPBP6,0.0,0.0,0.0,0.0,0.0,0.38905048,0.0,0.35320687,0.0,0.0,0.0,0.0,0.0,0.0,0.0,0.0,0.0,0.0,0.0,0.0,0.0,0.0,0.0,0.0,0.17104095,0.0,0.0,0.0,0.0,0.0,0.0,0.0,0.0,0.0,0.0,0.0,0.0,0.0,0.0,0.0,0.0,0.0
CSF2RA,0.0,0.0,0.0,0.0,0.0,0.7064579,0.5179113,0.0,0.0,0.0,0.0,0.0,0.0,0.0,0.0,0.0,0.0,0.0,0.0,0.0,0.0,0.0,0.0,0.0,0.0,0.0,0.0,0.0,0.0,0.0,0.0,0.0,0.0,0.0,0.0,0.0,0.0,0.0,0.0,0.0,0.0,0.6130542
IL3RA,0.0,0.0,0.0,0.0,0.0,0.0,0.0,0.0,0.0,0.0,0.0,0.0,0.0,0.0,0.0,0.0,0.0,0.0,0.0,0.0,0.0,0.0,0.0,0.0,0.0,0.0,0.0,0.0,0.0,0.0,0.0,0.0,0.0,0.0,0.0,0.0,0.0,0.0,0.0,0.0,0.0,1.6886082
SLC25A6,1.8489773,1.2975402,1.8993902,1.767591,1.4185178,2.449453,2.2326198,2.2133865,1.0164869,1.9386115,1.6842729,1.9833398,1.661052,1.6171625,1.8615346,1.8938068,1.5286838,0.0,1.9612982,1.3418345,1.4770371,1.7641757,2.2857718,1.2203836,1.70551,2.1948981,1.9064292,1.8628596,1.7205899,0.0,1.7537651,1.4627576,1.5022135,1.3692337,1.7349629,1.7170364,1.7374985,1.6818349,1.4360605,1.4785058,1.3714793,1.9764951
AKAP17A,0.0,0.0,0.0,0.0,0.0,0.28305006,0.33851904,0.0,0.0,0.0,0.8185749,0.0,0.0,0.0,0.0,0.0,0.0,0.0,0.0,0.0,0.0,0.0,0.0,0.16501774,0.17900646,0.0,0.0,0.0,0.0,0.0,0.0,0.0,0.0,0.0,0.0,0.0,0.0,0.0,0.0,0.0,0.0,0.49432418
DHRSX,0.0,0.0,0.0,0.0,0.0,0.0,0.0,0.0,0.0,0.0,0.0,0.0,0.44090223,0.0,0.0,0.0,0.0,0.0,0.0,0.0,0.0,0.0,0.0,0.0,0.0,0.0,0.0,0.0,0.0,0.0,0.0,0.0,0.0,0.0,0.0,0.0,0.0,0.0,0.0,0.0,0.0,0.0
CD99,1.0454499,0.6126078,0.969349,1.0850141,2.081325,0.0,0.999649,0.80644274,0.0,0.6587094,0.0,1.3827797,0.5578004,1.5434114,0.0,0.9339892,0.0,0.6428833,0.9062576,1.928793,1.2611756,0.0,0.0,0.15529001,1.1607188,0.0,1.9724295,0.8398161,1.2110639,0.0,1.2896675,1.9024564,1.2151477,1.725858,0.8842056,0.0,0.7882829,1.2531202,1.6570047,1.5863246,1.5134404,1.6532383
PRKX,0.0,0.0,0.0,0.0,0.56896544,0.0,0.0,0.0,0.0,0.0,0.0,0.0,0.0,0.0,0.0,0.0,0.0,0.0,0.0,0.0,0.0,0.0,0.0,0.0,0.0,0.0,0.0,0.0,0.0,0.0,0.0,0.0,0.0,0.0,0.0,0.0,0.0,0.0,0.0,0.0,0.0,0.0
ENSG00000285756,0.0,0.0,0.0,0.0,0.0,0.0,0.0,0.0,0.0,0.18083665,0.0,0.0,0.0,0.0,0.0,0.0,0.0,0.0,0.0,0.0,0.0,0.0,0.0,0.0,0.0,0.0,0.0,0.0,0.0,0.0,0.0,0.0,0.0,0.0,0.0,0.0,0.0,0.0,0.0,0.0,0.0,0.0
HCCS,0.0,0.0,0.0,0.0,0.0,0.0,0.0,0.07640275,0.0,0.18155362,0.0,0.0,0.0,0.0,0.0,0.0,0.0,0.0,0.0,0.0,0.0,0.0,0.0,0.0,0.0,0.0,0.0,0.0,0.0,0.0,0.0,0.0,0.0,0.0,0.0,0.0,0.0,0.0,0.0,0.0,0.0,0.0
ARHGAP6,0.0,0.0,0.0,0.0,0.0,0.0,0.0,0.0,0.0,0.0,0.0,0.0,0.0,0.0,0.0,0.0,0.0,0.5641564,0.0,0.0,0.0,0.0,0.0,0.0,0.0,0.0,0.0,0.0,0.0,0.0,0.0,0.0,0.0,0.0,0.0,0.0,0.0,0.0,0.0,0.0,0.0,0.0
MSL3,0.0,0.0,0.0,0.0,0.0,0.48126704,0.0,0.0,0.0,0.0,0.0,0.0,0.44090223,0.0,0.0,0.0,0.0,0.0,0.0,0.0,0.0,0.0,0.0,0.0,0.0,0.0,0.0,0.0,0.0,0.0,0.0,0.0,0.0,0.0,0.0,0.0,0.0,0.0,0.0,0.0,0.0,0.0
PRPS2,0.0,0.0,0.0,0.0,0.0,0.0,0.0,0.3584625,0.0,0.0,0.0,0.0,0.0,0.0,0.0,0.0,0.0,0.0,0.0,0.0,0.0,0.0,0.0,0.0,0.0,0.0,0.0,0.0,0.0,0.0,0.0,0.0,0.0,0.0,0.0,0.0,0.0,0.0,0.0,0.0,0.0,0.0
TMSB4X,3.9700303,4.388149,4.1091375,4.1570826,4.3213797,5.157372,4.2502713,0.8696994,4.9273906,4.1689825,3.3740897,3.7319598,4.106073,4.039756,4.0121374,3.914601,3.42095,5.3764734,3.6310592,4.2387094,4.04072,3.4084513,4.4533253,1.1735308,2.7471774,2.6461115,3.4646273,2.8385262,3.8684134,2.1097739,4.0085278,4.336182,3.9693112,4.2616343,3.7837555,3.845544,3.7450457,4.1468067,4.270699,4.086504,4.119643,3.4047432
OFD1,0.510213,0.0,0.0,0.0,0.0,0.37521976,0.0,0.0,0.0,0.25902426,0.48630244,0.0,0.0,0.0,0.0,0.0,0.0,0.0,0.0,0.0,0.910008,0.0,0.0,0.0,0.0,0.0,0.0,0.0,0.0,0.0,0.0,0.0,0.0,1.0078622,0.0,0.0,0.0,0.0,0.0,0.0,0.0,1.198745
AP1S2,0.0,0.0,1.0677273,1.0276473,0.4668787,0.81171227,1.3474627,0.0,0.0,0.0,0.0,0.965619,1.141807,0.0,0.0,0.0,0.0,0.31977934,0.0,0.0,0.0,0.0,1.142889,0.0,0.0,0.0,0.0,0.15494943,0.0,0.0,0.0,0.0,0.0,0.0,0.0,0.0,0.0,0.0,0.0,0.0,0.0,0.99656916
SYAP1,0.0,0.0,0.0,0.0,0.77152455,0.5137493,0.7545701,0.27055314,0.0,0.6069472,0.0,0.5950968,0.5578004,0.0,0.0,0.0,0.0,0.0,0.0,1.0422904,0.84761024,0.0,0.5723569,0.1304064,0.40248197,0.0,0.0,0.0,0.0,0.0,0.0,0.0,0.0,0.99484867,0.0,0.0,0.0,0.0,0.0,0.0,0.0,0.0
TXLNG,0.0,0.0,0.0,0.0,0.0,0.0,0.0,0.0,0.0,0.21446666,0.0,0.0,0.0,0.0,0.0,0.0,0.0,0.0,0.0,0.0,0.0,0.0,0.0,0.0,0.0,0.0,0.0,0.0,0.0,0.0,0.0,0.0,0.0,0.0,0.0,0.0,0.0,0.0,0.0,0.0,0.0,0.0
RBBP7,0.0,0.0,0.0,0.5574262,1.1300528,0.0,0.38839248,0.8745016,0.0,0.6785321,0.0,0.0,0.0,0.0,0.0,0.0,0.0,0.0,0.0,0.0,0.0,0.0,0.0,0.0,0.50506175,0.0,0.0,0.60290813,0.0,0.0,0.0,0.0,0.0,0.0,0.0,0.0,0.0,0.0,0.0,0.0,0.0,0.63315785
SCML1,0.0,0.0,0.0,0.0,0.0,0.3139043,0.0,0.0,0.0,0.0,0.0,0.0,0.5578004,0.0,0.0,0.0,0.0,0.0,0.0,0.0,0.0,0.0,0.0,0.0,0.0,0.0,0.0,0.0,0.0,0.0,0.0,0.0,0.0,0.0,0.0,0.0,0.0,0.0,0.0,0.0,0.0,0.0
PDHA1,0.0,0.0,0.0,0.0,0.0,0.0,0.0,0.7290099,0.0,0.0,0.0,0.0,0.0,0.0,0.0,0.0,0.0,0.0,0.0,0.0,0.0,0.0,0.0,0.0,0.480767,0.0,0.0,0.23514709,0.0,0.0,0.0,0.0,0.0,0.0,0.0,0.0,0.0,0.0,0.0,0.0,0.0,0.0
SH3KBP1,0.0,0.0,0.8440163,0.86296624,0.89241886,0.0,0.824463,0.0,0.0,0.3953033,0.0,0.0,0.0,0.0,0.0,0.0,0.0,0.0,0.0,0.736047,0.0,0.0,0.5536985,0.0,0.18766053,0.0,0.0,0.25088203,0.43726647,0.0,0.0,1.0220497,0.78386027,1.0494137,0.0,0.0,0.0,0.7808338,0.9812461,0.0,0.0,0.90779614
EIF1AX,0.6719898,0.0,0.5710974,1.0782573,0.920898,0.8300034,0.75615543,1.1155618,0.0,0.6785321,1.2266064,0.47305363,0.7257168,0.75495833,0.0,0.0,0.5826863,0.0,0.70306206,0.0,0.9165906,0.0,0.4583764,0.2558854,1.2024583,0.0,0.0,1.2729893,0.29263666,0.0,0.82120466,0.0,0.76878303,0.0,0.936764,0.0,0.6965646,0.42329285,0.0,0.0,0.0,0.90779614
RPS6KA3,0.0,0.0,0.0,0.5198945,0.39111367,0.2875488,0.58423555,0.0,0.0,0.0,1.2076957,0.0,0.0,0.0,0.0,0.0,0.0,0.0,0.0,0.0,0.0,0.0,0.0,0.0,0.0,0.0,0.0,0.0,0.0,0.0,0.0,0.0,0.0,0.0,0.0,0.0,0.0,0.0,0.0,0.0,0.0,0.5564631
SMS,0.0,0.0,0.0,0.0,0.6744852,0.5035982,0.34136593,0.89451855,0.0,0.93210137,0.0,0.4254868,0.0,0.0,0.0,0.0,0.0,0.72429246,0.0,0.0,0.0,0.0,0.0,0.0,0.21339111,0.0,0.0,0.449522,0.0,0.0,0.0,0.0,0.0,0.0,0.0,0.0,0.0,0.0,0.0,0.0,0.0,0.0
PRDX4,0.0,0.0,0.0,0.0,0.0,0.0,0.0,0.8185159,0.0,0.0,0.0,0.0,0.0,0.0,0.0,0.0,0.0,0.0,0.0,0.0,0.0,0.0,0.0,1.9199836,1.3576362,0.0,0.0,0.50344616,0.0,0.0,0.0,0.0,0.0,0.0,0.0,0.0,0.0,0.0,0.0,0.0,0.0,0.0
SAT1,2.2591023,2.9696083,3.1488833,2.0124257,1.0910369,3.4854364,2.1460447,0.59430766,3.2773547,1.4719877,1.064357,3.688116,3.929269,1.1959825,2.051956,2.3763583,3.1168356,0.97551996,1.8436593,1.2787137,1.0670547,1.4088359,3.6922033,1.5418421,1.025857,1.143465,0.0,0.9842432,2.029127,1.6439099,1.2659537,1.1596017,1.5031642,1.4738435,1.011744,1.5033724,0.9531547,1.8450785,1.4203894,1.4996401,1.4482683,1.123906
EIF2S3,0.85592324,0.0,0.95425797,0.85440934,0.88568944,0.66070366,1.2027841,0.9006742,0.0,0.78208816,0.0,0.0,0.7257168,0.9445227,0.0,0.0,0.9528896,0.0,1.0784914,0.0,0.8305922,1.1919745,0.82985777,0.2007839,0.75357914,1.5333709,1.3830035,0.9658474,0.3860283,0.0,1.0089674,0.0,1.0307264,0.0,1.2121546,1.3480252,1.0745382,1.016109,0.0,0.0,0.0,1.1706252
GK,0.0,0.0,0.0,0.0,0.0,0.0,0.0,0.0,0.0,0.0,0.0,0.5104259,0.0,0.0,0.0,0.0,0.0,0.0,0.0,0.0,0.0,0.0,0.0,0.0,0.0,0.0,0.0,0.0,0.0,0.0,0.0,0.0,0.0,0.0,0.0,0.0,0.0,0.0,0.0,0.0,0.0,0.0
XK,0.0,0.0,0.0,0.0,0.0,0.0,0.0,0.16894667,0.0,0.0,0.0,0.0,0.0,0.0,0.0,0.0,0.0,0.0,0.0,0.0,0.0,0.0,0.0,0.0,0.0,0.0,0.0,0.0,0.0,0.0,0.0,0.0,0.0,0.0,0.0,0.0,0.0,0.0,0.0,0.0,0.0,0.0
CYBB,0.0,0.0,2.1459336,1.5586056,0.0,0.0,0.58423555,0.0,0.0,0.0,0.0,1.5931978,1.661052,0.0,0.9916867,0.0,0.0,0.0,0.0,0.0,0.0,0.0,1.6627996,0.0,0.0,0.0,0.0,0.0,0.0,0.0,0.0,0.0,0.0,0.0,0.0,0.0,0.0,0.0,0.0,0.0,0.0,1.1330985
DYNLT3,0.0,0.0,0.0,0.0,0.0,0.0,0.0,0.0,0.0,0.18155362,0.0,0.0,0.0,0.0,0.0,0.0,0.0,0.0,0.0,0.0,0.0,0.0,0.0,0.0,0.0,0.0,0.0,0.0,0.0,0.0,0.0,0.0,0.0,0.0,0.0,0.0,0.0,0.0,0.0,0.0,0.0,0.0
ATP6AP2,0.0,0.0,0.9610348,0.7928103,0.58548677,0.37913528,0.7923612,0.20431155,0.0,0.0,0.0,0.72303134,1.141807,0.0,0.7355936,0.0,0.0,0.0,0.0,0.0,0.0,0.0,0.83135504,0.1304064,0.44715506,0.0,0.0,0.4485318,0.0,0.0,0.0,0.0,0.0,0.0,0.0,0.0,0.0,0.0,0.0,0.0,0.0,0.6641631
USP9X,0.0,0.0,0.0,0.0,0.0,0.0,0.0,0.0,0.0,0.0,0.0,0.5073828,0.0,0.0,0.0,0.0,0.0,0.0,0.0,0.0,0.0,0.0,0.0,0.0,0.12226113,0.0,0.0,0.0,0.0,0.0,0.0,0.0,0.0,0.0,0.0,0.0,0.0,0.0,0.0,0.0,0.0,0.0
DDX3X,1.07581,0.0,1.3949914,1.2498467,1.54863,0.8737457,1.2125859,0.5035292,0.0,0.8984251,1.82009,1.1278445,0.5578004,1.2883343,0.0,1.2057257,1.2698526,0.0,1.0961854,1.7471479,1.8718882,1.2151477,1.1303937,0.3715108,0.76742,0.88528186,1.1540726,1.0346864,0.94480157,1.8014076,1.1011521,1.0242755,1.3387117,1.1751531,1.1016214,1.2142949,0.9397465,1.1582513,1.187046,1.1415893,1.2259256,1.376892
KDM6A,0.0,0.0,0.0,0.0,0.0,0.0,0.0,0.0,0.0,0.4153542,0.0,0.0,0.0,0.0,0.0,0.0,0.0,0.0,0.0,0.0,0.0,0.0,0.0,0.0,0.0,0.0,0.0,0.0,0.0,0.0,0.0,0.0,0.0,0.0,0.0,0.0,0.0,0.0,0.0,0.0,0.0,0.0
NDUFB11,1.03034,0.0,0.9744421,1.3489757,1.4151692,1.092648,1.2221403,1.4819137,0.0,1.2223058,0.77548546,1.0883627,0.7458428,0.97565055,1.1548164,1.1700201,1.1853195,0.0,1.00665,1.0406889,0.9232471,0.0,1.0036556,1.1426706,1.5397599,0.0,1.0764471,1.4982901,0.42216873,0.0,1.01141,1.0503192,0.9692088,0.9797975,1.0051627,1.0199023,0.9911536,1.0222205,1.0430634,0.9485752,1.1051886,1.2132335
UBA1,0.0,0.0,0.0,0.6653091,0.0,0.34146005,0.49061,0.36662728,0.0,0.6774324,0.0,0.4963503,0.44090223,0.0,0.6868571,0.0,0.0,0.0,0.0,0.0,0.0,0.0,0.0,0.0,0.52555865,0.0,0.0,0.3601961,0.0,0.0,0.0,0.0,0.0,0.0,0.0,0.0,0.0,0.0,0.0,0.0,0.0,0.0
CDK16,0.0,0.0,0.0,0.0,0.0,0.0,0.0,0.12609394,0.0,0.3960203,0.0,0.0,0.0,0.0,0.0,0.0,0.0,0.0,0.0,0.0,0.0,0.0,0.0,0.0,0.0,0.0,0.0,0.0,0.0,0.0,0.0,0.0,0.0,0.0,0.0,0.0,0.0,0.0,0.0,0.0,0.0,0.0
TIMP1,0.0,0.90542024,1.6839751,1.0644653,0.0,0.34115425,1.8392988,0.14603369,1.3328347,0.0,0.0,3.1715145,3.0869946,0.0,0.0,1.3104457,1.1273077,1.7220204,0.0,0.0,0.0,0.0,3.210991,0.0,0.0,0.0,0.0,0.0,0.0,0.0,0.7539439,0.0,0.0,0.0,0.0,0.0,0.0,0.0,0.0,0.0,0.0,0.0
CFP,0.0,0.0,1.1941351,0.78316045,0.0,0.0,1.4126852,0.0,0.0,0.0,0.0,0.5073828,1.1682736,0.0,0.0,0.0,0.0,0.0,0.0,0.0,0.0,0.0,1.4473883,0.0,0.0,0.0,0.0,0.0,0.0,0.0,0.0,0.0,0.0,0.0,0.0,0.0,0.0,0.0,0.0,0.0,0.0,0.0
UXT,1.1466931,0.0,0.60676146,0.9999941,1.0703707,1.0382867,1.10322,1.0975069,0.0,1.1010802,1.0021521,0.68302804,0.44090223,1.0664763,1.1810663,0.77375126,0.8399536,0.0,1.0209138,0.0,1.0456363,1.1725291,0.8232438,0.44250843,0.9574394,0.0,0.0,1.2397518,0.7342169,0.0,1.2013193,0.9656694,1.0501379,0.97843975,1.464417,1.2555381,1.3730177,1.1066768,0.97709465,0.9163508,1.0362092,1.1705195
SLC38A5,0.0,0.0,0.0,0.0,0.0,0.0,0.0,0.6166226,0.0,0.0,0.0,0.0,0.0,0.0,0.0,0.0,0.0,0.0,0.0,0.0,0.0,0.0,0.0,0.22589214,0.4578734,0.0,0.0,0.0,0.0,0.0,0.0,0.0,0.0,0.0,0.0,0.0,0.0,0.0,0.0,0.0,0.0,0.0
FTSJ1,0.0,0.0,0.0,0.0,0.0,0.0,0.0,0.16873805,0.0,0.0,0.0,0.0,0.0,0.0,0.0,0.0,0.0,0.0,0.0,0.0,0.0,0.0,0.0,0.0,0.27262,0.0,0.0,0.0,0.0,0.0,0.0,0.0,0.0,0.0,0.0,0.0,0.0,0.0,0.0,0.0,0.0,0.0
EBP,0.0,0.0,0.0,0.0,1.1031439,0.0,0.0,0.21152893,0.0,0.21446666,0.0,0.0,0.0,0.0,0.0,0.0,0.0,0.0,0.0,0.0,0.0,0.0,0.0,0.0,0.6532994,0.0,0.0,0.0,0.0,0.0,0.0,0.0,0.0,0.0,0.0,0.0,0.0,0.0,0.0,0.0,0.0,0.0
RBM3,1.1883135,0.0,1.2111053,1.4397168,1.4060106,1.4520156,1.5564494,1.5790045,0.47953513,1.0289769,1.2911952,1.6025404,0.7257168,1.2419758,1.1548164,1.2142979,1.2255185,0.9234516,1.290336,1.2338058,1.3558116,1.3176091,1.4439293,0.3995214,1.0696979,1.4923184,1.6886952,1.5526099,1.5258718,0.0,1.3928171,1.0725104,1.2467245,1.185466,1.5323637,1.1010195,1.2054799,1.3831153,1.1378303,1.1332412,1.270175,1.6840959
WAS,0.57448566,0.0,0.907781,0.8455119,0.74046767,0.79737675,1.1327775,0.0,0.0,0.7565536,0.6301467,1.097946,0.5578004,0.0,0.6868571,0.0,0.0,0.0,0.0,0.0,0.0,0.0,1.2176276,0.0,0.40248197,0.0,0.0,0.2615077,0.0,0.0,0.0,0.0,0.0,0.0,0.0,0.0,0.0,0.0,0.0,0.0,0.0,0.52785254
SUV39H1,0.0,0.0,0.0,0.0,0.0,0.0,0.0,0.0,0.0,0.3953033,0.0,0.0,0.0,0.0,0.0,0.0,0.0,0.0,0.0,0.0,0.0,0.0,0.0,0.0,0.0,0.0,0.0,0.0,0.0,0.0,0.0,0.0,0.0,0.0,0.0,0.0,0.0,0.0,0.0,0.0,0.0,0.0
GATA1,0.0,0.0,0.0,0.0,0.0,0.0,0.0,1.3499032,0.0,0.0,0.0,0.0,0.0,0.0,0.0,0.0,0.0,1.222168,0.0,0.0,0.0,0.0,0.0,0.0,0.0,0.0,0.0,0.0,0.0,0.0,0.0,0.0,0.0,0.0,0.0,0.0,0.0,0.0,0.0,0.0,0.0,0.0
HDAC6,0.0,0.0,0.0,0.0,0.0,0.0,0.0,0.0,0.0,0.18083665,0.0,0.0,0.0,0.0,0.0,0.0,0.0,0.0,0.0,0.0,0.0,0.0,0.0,0.0,0.0,0.0,0.0,0.0,0.0,0.0,0.0,0.0,0.0,0.0,0.0,0.0,0.0,0.0,0.0,0.0,0.0,0.0
PQBP1,0.0,0.0,0.0,0.0,0.0,0.40235615,0.44683003,0.5879645,0.0,0.21446666,0.0,0.0,0.0,0.0,0.0,0.0,0.0,0.0,0.0,0.0,0.0,0.0,0.0,0.32058161,0.48046565,0.0,0.0,0.23003285,0.0,0.0,0.0,0.0,0.0,0.0,0.0,0.0,0.0,0.0,0.0,0.0,0.0,0.53885686
TIMM17B,0.0,0.0,0.0,0.0,0.0,0.40235615,0.3988271,0.42724004,0.0,0.44826725,0.0,0.0,0.0,0.0,0.77814996,0.0,0.0,0.0,0.0,0.0,0.0,0.0,0.0,0.1973412,0.4578734,0.0,0.0,0.0,0.0,0.0,0.0,0.0,0.0,0.0,0.0,0.0,0.0,0.0,0.0,0.0,0.0,0.0
PIM2,0.0,0.0,0.0,0.0,0.0,0.5944774,0.0,0.0,0.0,0.18155362,0.67302287,0.0,0.0,0.0,0.0,0.0,0.0,0.0,0.0,0.0,0.0,0.0,0.0,1.2655195,1.2686145,0.0,0.0,0.0,0.59170663,0.0,0.7770692,0.0,0.0,0.0,0.89738184,0.0,0.0,1.0168967,0.0,0.0,0.0,0.0
OTUD5,0.0,0.0,0.0,0.0,0.0,0.0,0.0,0.0,0.0,0.3960203,0.0,0.0,0.0,0.0,0.0,0.0,0.0,0.0,0.0,0.0,0.0,0.0,0.0,0.0,0.15349633,0.0,0.0,0.0,0.0,0.0,0.0,0.0,0.0,0.0,0.0,0.0,0.0,0.0,0.0,0.0,0.0,0.0
WDR45,0.0,0.0,0.0,0.0,0.0,0.0,0.0,0.0,0.0,0.0,0.0,0.0,0.0,0.0,0.0,0.0,0.0,0.0,0.0,0.0,0.0,0.0,0.0,0.2391837,0.16683619,0.0,0.0,0.0,0.0,0.0,0.0,0.0,0.0,0.0,0.0,0.0,0.0,0.0,0.0,0.0,0.0,0.0
PLP2,0.7603161,0.0,1.0736817,1.3625128,0.57103026,0.74492157,1.2019428,0.0,0.0,0.7637583,0.5784484,0.0,0.0,0.0,0.77814996,0.0,0.58120126,0.0,0.9417945,0.0,0.0,0.0,0.0,0.43063086,0.5618988,0.0,0.0,0.25820762,0.3123191,0.0,1.0019338,0.0,0.87521213,0.0,0.8696592,0.8314584,0.61400485,0.875049,0.0,0.90735483,0.9242541,1.990247
MAGED1,0.0,0.0,0.0,0.0,0.0,0.0,0.0,0.0,0.0,0.0,0.0,0.0,0.0,0.0,0.0,0.0,0.0,0.0,0.0,0.0,0.0,0.0,0.0,0.2366023,0.12207285,0.0,0.0,0.0,0.0,0.0,0.0,0.0,0.0,0.0,0.0,0.0,0.0,0.0,0.0,0.0,0.0,0.0
TSPYL2,0.470424,0.0,0.0,0.0,0.0,0.5137493,0.0,0.0,0.0,0.0,0.8185749,0.0,0.44090223,1.0378547,0.0,0.0,0.0,0.0,0.0,0.0,0.0,0.0,0.0,0.0,0.0,0.0,0.0,0.0,0.0,0.89647883,0.0,0.0,0.9395566,1.2646837,0.0,1.3665655,0.9164408,0.0,1.130962,1.063487,1.4697652,0.0
KDM5C,0.0,0.0,0.0,0.0,0.0,0.0,0.0,0.0,0.0,0.18083665,0.0,0.0,0.0,0.0,0.0,0.0,0.0,0.0,0.0,0.0,0.0,0.0,0.0,0.0,0.0,0.0,0.0,0.0,0.0,0.0,0.0,0.0,0.0,0.0,0.0,0.0,0.0,0.0,0.0,0.0,0.0,0.0
SMC1A,0.0,0.0,0.0,1.0187309,1.0842198,0.0,0.43891594,0.7194035,0.0,0.36239028,0.0,0.5073828,0.5578004,0.0,0.0,0.0,0.0,0.0,0.0,0.0,0.0,0.0,0.0,0.0,0.58732486,0.0,0.0,0.5443189,0.0,0.0,0.0,0.0,0.0,0.0,0.0,0.0,0.0,0.0,0.0,0.0,0.0,0.0
HSD17B10,0.0,0.0,0.0,0.4329828,0.40581033,0.49875098,0.5867574,0.6392689,0.0,0.42031318,0.0,0.3987304,0.5578004,0.0,0.0,0.0,0.0,0.0,0.0,0.0,0.0,0.0,0.0,0.0,0.644377,0.0,0.0,0.35844535,0.0,0.0,0.0,0.0,0.0,0.0,0.0,0.0,0.0,0.0,0.0,0.0,0.0,0.0
HUWE1,0.0,0.0,0.0,0.0,0.0,0.0,0.4089112,0.2382333,0.0,0.5734832,0.0,0.0,0.0,0.0,0.0,0.0,0.0,0.0,0.0,0.0,0.0,0.0,0.0,0.0,0.3456074,0.0,0.0,0.2399399,0.0,0.0,0.0,0.0,0.0,0.0,0.0,0.0,0.0,0.0,0.0,0.0,0.0,0.0
TSR2,0.0,0.0,0.0,0.0,0.0,0.0,0.0,0.19918287,0.0,0.0,0.0,0.0,0.0,0.0,0.0,0.0,0.0,0.0,0.0,0.0,0.0,0.0,0.0,0.0,0.0,0.0,0.0,0.0,0.0,0.0,0.0,0.0,0.0,0.0,0.0,0.0,0.0,0.0,0.0,0.0,0.0,0.0
GNL3L,0.0,0.0,0.0,0.0,0.0,0.0,0.0,0.0,0.0,0.0,0.0,0.0,0.0,0.0,0.0,0.0,0.0,0.0,0.0,0.0,0.0,0.0,0.0,0.0,0.12638117,0.0,0.0,0.0,0.0,0.0,0.0,0.0,0.0,0.0,0.0,0.0,0.0,0.0,0.0,0.0,0.0,0.0
MAGED2,0.0,0.0,0.0,0.0,0.0,0.0,0.0,0.0,0.0,0.0,0.0,0.0,0.0,0.0,0.0,0.0,0.0,0.7777287,0.0,0.0,0.0,0.0,0.0,0.18245165,0.20875011,0.0,0.0,0.0,0.0,0.0,0.0,0.0,0.0,0.0,0.0,0.0,0.0,0.0,0.0,0.0,0.0,0.0
APEX2,0.0,0.0,0.0,0.0,0.0,0.0,0.0,0.16023965,0.0,0.0,0.0,0.0,0.0,0.0,0.0,0.0,0.0,0.0,0.0,0.0,0.0,0.0,0.0,0.0,0.0,0.0,0.0,0.0,0.0,0.0,0.0,0.0,0.0,0.0,0.0,0.0,0.0,0.0,0.0,0.0,0.0,0.0
ALAS2,0.0,0.0,0.0,0.0,0.0,0.0,0.0,0.7866833,0.0,0.0,0.0,0.0,0.0,0.0,0.0,0.0,0.0,0.0,0.0,0.0,0.0,0.0,0.0,0.0,0.0,0.0,0.0,0.0,0.0,0.0,0.0,0.0,0.0,0.0,0.0,0.0,0.0,0.0,0.0,0.0,0.0,0.0
MAGEH1,0.0,0.0,0.0,0.0,0.0,0.0,0.0,0.0,0.0,0.0,0.0,0.0,0.0,0.0,0.0,0.0,0.0,0.0,0.0,0.0,0.0,0.0,0.0,0.0,0.069928735,0.0,0.0,0.0,0.0,0.0,0.0,0.0,0.0,0.0,0.0,0.0,0.0,0.0,0.0,0.0,0.0,0.0
NBDY,0.470424,0.0,0.0,0.0,0.0,0.442071,0.58231074,0.0,0.0,0.18155362,0.0,0.0,0.0,0.0,0.0,0.0,0.0,0.0,0.0,0.0,0.0,0.0,0.0,0.0,0.13803001,0.0,0.0,0.27340624,0.0,0.0,0.0,0.0,0.0,0.0,0.0,0.0,0.0,0.0,0.0,0.0,0.0,0.7997242
LAS1L,0.0,0.0,0.0,0.0,0.0,0.0,0.0,0.33730862,0.0,0.0,0.0,0.0,0.0,0.0,0.0,0.0,0.0,0.0,0.0,0.0,0.0,0.0,0.0,0.0,0.20178393,0.0,0.0,0.0,0.0,0.0,0.0,0.0,0.0,0.0,0.0,0.0,0.0,0.0,0.0,0.0,0.0,0.0
MSN,0.90358186,1.3716987,1.5371708,1.4731915,1.6529388,0.6936225,1.3513393,0.35852748,0.0,0.79243183,1.303761,1.2930145,0.0,1.0951576,1.1810663,0.0,0.7220399,1.3499079,0.8531715,1.5641425,1.3178102,0.0,1.6982615,0.0,0.6210105,0.0,0.99275464,0.9444988,0.8333864,0.0,0.8735831,1.2637639,0.0,1.1406481,0.0,1.0099113,0.87464124,0.8011262,1.172683,1.094496,1.0362092,0.0
VSIG4,0.0,1.3716987,0.0,0.0,0.0,0.0,0.0,0.0,0.0,0.0,0.0,0.91348,0.97920024,0.0,0.0,0.0,0.0,0.0,0.0,0.0,0.0,0.0,0.0,0.0,0.0,0.0,0.0,0.0,0.0,0.0,0.0,0.0,0.0,0.0,0.0,0.0,0.0,0.0,0.0,0.0,0.0,0.0
YIPF6,0.0,0.0,0.0,0.0,0.0,0.0,0.0,0.0,0.0,0.0,0.0,0.0,0.0,0.0,0.0,0.0,0.0,0.0,0.0,0.0,0.0,0.0,0.0,0.0,0.09044729,0.0,0.0,0.0,0.0,0.0,0.0,0.0,0.0,0.0,0.0,0.0,0.0,0.0,0.0,0.0,0.0,0.0
IGBP1,0.0,0.0,0.0,0.0,0.0,0.37967432,0.6055493,0.3059089,0.0,0.47349092,0.0,0.0,0.44090223,0.0,0.0,0.0,0.0,0.0,0.0,0.0,0.0,0.0,0.0,0.0,0.24801257,0.0,0.0,0.22508064,0.0,0.0,0.0,0.0,0.0,0.0,0.0,0.0,0.0,0.0,0.0,0.0,0.0,0.0
PDZD11,0.0,0.0,0.0,0.0,0.0,0.0,0.0,0.0,0.0,0.18155362,0.0,0.0,0.0,0.0,0.0,0.0,0.0,0.0,0.0,0.0,0.0,0.0,0.0,0.0,0.0,0.0,0.0,0.0,0.0,0.0,0.0,0.0,0.0,0.0,0.0,0.0,0.0,0.0,0.0,0.0,0.0,0.0
IL2RG,1.0444939,0.0,0.0,0.0,1.6657499,0.37093928,0.6650177,0.0,0.0,0.6069472,1.4186306,0.0,0.0,1.5505412,1.0902166,0.0,0.0,0.0,1.0303228,1.8176379,1.3857522,1.1255891,0.0,0.5624375,0.53391945,0.0,0.0,0.0,1.1238668,0.0,1.27239,1.6456809,1.0460484,1.5160007,0.9732882,1.3544276,1.0234752,1.3218292,1.5250084,1.4187255,1.3920217,0.73084325
NONO,0.0,0.0,0.0,0.94218385,1.1079317,0.6174085,0.69653934,0.9515207,0.0,0.57238364,0.96516603,0.6449004,0.0,0.0,0.77814996,0.0,0.5879129,0.32551512,0.0,0.0,0.0,0.0,0.6002298,0.12355125,0.6532994,0.36588305,0.99275464,0.9690395,0.0,0.0,0.0,0.0,0.0,0.0,0.0,0.8710723,0.0,0.0,0.0,0.0,0.0,0.7514559
OGT,0.0,0.0,0.0,0.0,0.0,0.28305006,0.0,0.0,0.0,0.3960203,0.0,0.0,0.0,0.0,0.0,0.0,0.0,0.0,0.0,0.0,0.0,0.0,0.0,0.2938282,0.20739445,0.0,0.0,0.21662104,0.0,0.0,0.0,0.0,0.0,0.0,0.0,0.0,0.0,0.0,0.0,0.0,0.0,0.78860044
CXCR3,0.0,0.0,0.0,0.0,0.0,0.0,0.0,0.0,0.0,0.0,0.0,0.0,0.0,0.0,0.0,0.0,0.0,0.0,0.0,0.0,0.0,0.0,0.0,0.0,0.0,0.0,0.0,0.0,0.0,0.0,0.0,0.0,0.0,0.0,0.0,0.0,0.0,0.0,0.0,0.0,0.0,0.69533825
PIN4,0.0,0.0,0.0,0.0,0.38034007,0.0,0.0,0.36935025,0.0,0.4977838,0.0,0.0,0.0,0.0,0.0,0.0,0.0,0.0,0.0,0.0,0.0,0.0,0.0,0.0,0.39136866,0.0,0.0,0.0,0.0,0.0,0.0,0.0,0.0,0.0,0.0,0.0,0.0,0.0,0.0,0.0,0.0,0.0
RPS4X,3.445346,2.7323544,2.696074,2.9852028,3.1075754,3.681898,3.7617233,3.8785894,2.6367264,3.5251179,3.4758503,2.6237128,3.0523157,3.6683545,3.5924568,3.5258172,3.6087623,2.6405406,3.6174784,3.1692333,3.613905,3.5730157,2.9990702,2.550438,3.2482374,3.2646718,3.646255,3.7457051,3.4986355,0.0,4.0239077,3.2273626,3.7788181,3.1020875,4.2039785,3.9680595,3.8573387,3.7867596,3.244574,3.5224621,3.6063783,3.9575942
XIST,0.0,0.0,0.0,0.9887289,1.4849796,0.442071,0.9150027,0.0,0.0,0.0,0.0,0.0,0.0,0.0,0.0,0.0,1.2884007,0.0,0.0,0.0,1.2563459,0.0,0.0,0.0,0.0,0.0,0.0,1.1324481,0.0,0.0,0.0,0.0,0.0,0.0,0.8883128,0.0,0.0,0.0,0.0,0.0,0.0,1.5971159
JPX,0.0,0.0,0.0,0.0,0.5707624,0.0,0.43283626,0.16600616,0.0,0.44057786,0.0,0.0,0.0,0.0,0.0,0.0,0.0,0.0,0.0,0.0,0.0,0.0,0.0,0.0,0.15349633,0.0,0.0,0.36758387,0.0,0.0,0.0,0.0,0.0,0.0,0.0,0.0,0.0,0.0,0.0,0.0,0.0,0.6442168
RLIM,0.0,0.0,0.0,0.0,0.0,0.0,0.0,0.0,0.0,0.18083665,0.0,0.0,0.0,0.0,0.0,0.0,0.0,0.0,0.0,0.0,0.0,0.0,0.0,0.0,0.0,0.0,0.0,0.0,0.0,0.0,0.0,0.0,0.0,0.0,0.0,0.0,0.0,0.0,0.0,0.0,0.0,0.0
PBDC1,0.0,0.0,0.0,0.0,0.0,0.0,0.0,0.0,0.0,0.0,0.0,0.0,0.0,0.0,0.0,0.0,0.0,0.0,0.0,0.0,0.0,0.0,0.0,0.0,0.1597676,0.0,0.0,0.0,0.0,0.0,0.0,0.0,0.0,0.0,0.0,0.0,0.0,0.0,0.0,0.0,0.0,0.0
ATRX,0.9556099,0.0,0.5504148,0.6767841,0.9768709,0.6620797,0.78173274,0.4857403,0.0,0.7141442,1.1428969,0.0,0.44090223,0.0,1.1810663,0.0,0.0,0.0,0.95734227,1.0440762,1.0037918,0.0,0.5065325,0.35134798,0.5002794,0.5193988,1.1985635,0.73993266,0.7068117,0.0,0.72610223,0.9969436,0.8657725,1.0245633,0.0,0.0,0.0,0.9013167,0.97565055,0.0,0.0,0.89502156
MAGT1,0.0,0.0,0.0,0.0,0.0,0.0,0.0,0.0,0.0,0.0,0.0,0.0,0.0,0.0,0.0,0.0,0.0,0.0,0.0,0.0,0.0,0.0,0.0,0.19102594,0.4105284,0.0,0.0,0.0,0.0,0.0,0.0,0.0,0.0,0.0,0.0,0.0,0.0,0.0,0.0,0.0,0.0,0.0
COX7B,0.78118664,0.9897175,1.1468763,1.3784939,1.2658019,1.0828639,1.2999816,1.6071804,0.0,1.2344167,0.59476876,1.3365357,1.3272191,0.9500316,0.77814996,0.9788544,0.0,1.0639381,0.84297884,1.0855842,0.9846999,0.0,1.3298104,0.4511969,1.6276474,0.0,0.0,1.178346,0.863107,0.0,0.8784898,1.1115785,0.76971537,1.0668559,0.84909236,0.8386308,0.8469932,0.91410637,1.0429444,0.9161707,0.99532795,0.999215
PGK1,0.84139884,1.2486488,1.4509723,1.6481943,1.2243559,0.99629664,1.4602497,1.1712604,0.0,0.9649858,1.2902399,1.3710771,0.7458428,1.0530457,1.1810663,1.0590374,0.9270511,1.3315516,0.9217168,1.0301468,1.1131216,0.0,1.4894832,0.38957235,1.3725578,0.0,1.2039261,1.3265207,0.7429935,0.0,1.1372544,1.0000291,1.0694212,1.0732067,1.0156595,1.3578732,1.1594014,1.1197853,1.0564605,1.2227036,1.3600663,1.1733997
ITM2A,0.0,0.0,0.0,0.0,0.0,0.0,0.0,0.0,0.0,0.0,0.0,0.0,0.0,0.0,0.0,0.0,1.0723528,0.0,0.0,0.0,0.0,0.0,0.0,0.0,0.0,0.0,0.0,0.0,0.0,0.0,0.5396819,0.0,0.78386027,1.089503,0.0,0.0,0.0,0.0,1.1653416,0.0,0.0,0.0
HMGN5,0.0,0.0,0.0,0.0,0.0,0.0,0.0,0.67151463,0.0,0.0,0.0,0.0,0.0,0.0,0.0,0.0,0.0,0.0,0.0,0.0,0.0,0.0,0.0,0.0,0.0,0.0,0.0,0.0,0.0,0.0,0.0,0.0,0.0,0.0,0.0,0.0,0.0,0.0,0.0,0.0,0.0,0.0
SH3BGRL,1.1632196,1.5535964,1.2633845,1.0296888,0.78723764,1.1966588,1.3755906,0.9492631,1.5976295,0.81903785,0.0,1.0850972,0.7257168,0.0,0.7355936,0.0,1.1826887,1.1230519,0.9134805,0.9222418,0.7272726,0.0,1.360756,0.13913608,0.31243104,0.0,1.0943637,0.99534166,0.3510411,0.0,0.7459884,0.0,0.0,0.0,0.0,0.0,0.0,0.96556866,0.0,0.7013468,0.0,0.9532039
TIMM8A,0.0,0.0,0.0,0.0,0.0,0.0,0.0,0.17570476,0.0,0.0,0.0,0.0,0.0,0.0,0.0,0.0,0.0,0.0,0.0,0.0,0.0,0.0,0.0,0.0,0.0,0.0,0.0,0.0,0.0,0.0,0.0,0.0,0.0,0.0,0.0,0.0,0.0,0.0,0.0,0.0,0.0,0.0
BTK,0.0,0.0,0.0,0.0,0.0,0.0,0.38319385,0.0,0.0,0.0,0.0,0.0,0.0,0.0,0.7355936,0.0,0.0,0.64180636,0.0,0.0,0.0,0.0,0.0,0.0,0.3294098,0.0,0.0,0.0,0.0,0.0,0.0,0.0,0.0,0.0,0.0,0.0,0.0,0.0,0.0,0.0,0.0,0.0
RPL36A,2.8309932,2.2043674,2.326477,2.659721,2.1453013,2.8727593,2.8101537,3.297379,2.2169447,2.7393806,2.639185,2.448849,2.395525,2.768069,2.6787052,2.8138494,2.5658925,2.184409,2.9086013,2.0455537,2.4486477,2.6193423,2.5864644,1.5926906,2.7051616,2.123542,2.5864093,3.1103535,2.371209,0.0,3.199873,2.6958468,3.009427,2.5664277,3.1538343,2.8350728,3.1326132,2.6927333,2.696142,2.80311,3.0074332,2.7470212
GLA,0.0,0.0,0.0,0.0,0.0,0.0,0.0,0.0,0.0,0.23380059,0.0,0.0,0.7458428,0.0,0.0,0.0,0.0,0.0,0.0,0.0,0.0,0.0,0.0,0.0,0.12638117,0.0,0.0,0.0,0.0,0.0,0.0,0.0,0.0,0.0,0.0,0.0,0.0,0.0,0.0,0.0,0.0,0.0
HNRNPH2,0.0,0.0,0.0,0.0,0.0,0.37967432,0.3546848,0.14951381,0.0,0.3960203,0.0,0.0,0.0,0.0,0.0,0.0,0.0,0.0,0.0,0.0,0.0,0.0,0.0,0.0,0.0,0.0,0.0,0.1753709,0.0,0.0,0.0,0.0,0.0,0.0,0.0,0.0,0.0,0.0,0.0,0.0,0.0,0.0
ARMCX6,0.0,0.0,0.0,0.0,0.0,0.0,0.0,0.0,0.0,0.18083665,0.0,0.0,0.0,0.0,0.0,0.0,0.0,0.0,0.0,0.0,0.0,0.0,0.0,0.0,0.0,0.0,0.0,0.0,0.0,0.0,0.0,0.0,0.0,0.0,0.0,0.0,0.0,0.0,0.0,0.0,0.0,0.0
ARMCX3,0.0,0.0,0.0,0.0,0.0,0.0,0.29905957,0.0,0.0,0.41463724,0.0,0.0,0.0,0.0,0.0,0.0,0.0,0.0,0.0,0.0,0.0,0.0,0.0,0.23831886,0.23757933,0.0,0.0,0.0,0.0,0.0,0.0,0.0,0.0,0.0,0.0,0.0,0.0,0.0,0.0,0.0,0.0,0.0
BEX4,0.0,0.0,0.0,0.0,0.0,0.27226898,0.0,0.23719434,0.0,0.0,0.0,0.0,0.0,0.0,0.0,0.0,0.0,0.4616974,0.0,0.0,0.0,0.0,0.0,0.0,0.0,0.0,0.0,0.0,0.0,0.0,0.0,0.0,0.0,0.0,0.0,0.0,0.0,0.0,0.0,0.0,0.0,0.61261004
BEX2,0.0,0.0,0.0,0.0,0.0,0.0,0.0,0.0,0.0,0.0,0.59476876,0.0,0.0,0.0,0.0,0.0,0.0,0.0,0.0,0.0,0.0,0.0,0.0,0.0,0.0,0.0,0.0,0.0,0.0,0.0,0.0,0.0,0.0,0.0,0.0,0.0,0.0,0.0,0.0,0.0,0.0,0.0
TCEAL9,0.0,0.0,0.0,0.0,0.0,0.0,0.0,0.0,0.0,0.0,0.0,0.0,0.0,0.0,0.0,0.0,0.0,0.22648033,0.0,0.0,0.0,0.0,0.0,0.0,0.0,0.0,0.0,0.0,0.0,0.0,0.0,0.0,0.0,0.0,0.0,0.0,0.0,0.0,0.0,0.0,0.0,0.0
BEX3,0.0,0.0,0.0,0.0,0.0,0.0,0.0,0.3484845,0.0,0.0,0.0,0.0,0.0,0.0,0.0,0.0,0.0,1.7400761,0.0,0.0,0.0,0.0,0.0,0.0,0.0,0.0,0.0,0.842047,0.0,0.0,0.0,0.0,0.0,0.0,0.0,0.0,0.0,0.0,0.0,0.0,0.0,0.0
TCEAL4,0.0,0.0,0.0,0.0,0.0,0.0,0.0,0.0,0.0,0.18083665,0.0,0.0,0.0,0.0,0.0,0.0,0.0,0.0,0.0,0.0,0.0,0.0,0.0,0.0,0.0,0.0,0.0,0.31465793,0.0,0.0,0.0,0.0,0.0,0.0,0.0,0.0,0.0,0.0,0.0,0.0,0.0,0.0
MORF4L2,0.0,0.0,0.0,0.0,0.0,0.0,0.0,0.6761419,0.0,0.0,0.0,0.68302804,0.0,0.0,0.0,0.0,0.0,0.0,0.0,0.0,0.0,0.0,0.0,0.21537958,0.44637376,0.0,0.0,0.46426418,0.0,0.0,0.0,0.0,0.0,0.0,0.0,0.0,0.0,0.0,0.0,0.0,0.0,0.0
PRPS1,0.0,0.0,0.0,0.0,0.0,0.0,0.0,0.49869168,0.0,0.0,0.0,0.0,0.44090223,0.0,0.0,0.0,0.0,0.0,0.0,0.0,0.0,0.0,0.0,0.0,0.23085202,0.0,0.0,0.0,0.0,0.0,0.0,0.0,0.0,0.0,0.0,0.0,0.0,0.0,0.0,0.0,0.0,0.0
TSC22D3,2.614342,2.0095484,1.6458666,1.3737929,1.6628407,0.7958162,1.5571257,0.0,0.0,1.0886967,3.1522255,1.097946,1.3831153,2.9740028,3.3761723,2.076401,2.0958347,0.8525672,3.0290608,2.6767805,2.8752904,3.3880835,2.0002277,1.2795248,0.47473156,2.604351,2.4555988,0.75778925,2.3940625,2.127809,2.6005223,2.6518025,2.6682565,2.8316483,2.054987,2.676991,2.7782316,2.6379952,2.7540355,2.8302066,3.339183,1.3671201
ACSL4,0.0,0.0,0.0,0.0,0.0,0.0,0.37619096,0.0,0.0,0.0,0.0,0.0,0.44090223,0.0,0.0,0.0,0.0,0.0,0.0,0.0,0.0,0.0,0.0,0.0,0.0,0.0,0.0,0.0,0.0,0.0,0.0,0.0,0.0,0.0,0.0,0.0,0.0,0.0,0.0,0.0,0.0,0.0
AMMECR1,0.0,0.0,0.0,0.0,0.0,0.0,0.0,0.28509733,0.0,0.0,0.0,0.0,0.0,0.0,0.0,0.0,0.0,0.0,0.0,0.0,0.0,0.0,0.0,0.0,0.0,0.0,0.0,0.0,0.0,0.0,0.0,0.0,0.0,0.0,0.0,0.0,0.0,0.0,0.0,0.0,0.0,0.0
ALG13,0.0,0.0,0.0,0.0,0.0,0.0,0.0,0.0,0.0,0.0,0.0,0.0,0.0,0.0,0.0,0.0,0.0,0.0,0.0,0.0,0.0,0.0,0.0,0.0,0.18095525,0.0,0.0,0.0,0.0,0.0,0.0,0.0,0.0,0.0,0.0,0.0,0.0,0.0,0.0,0.0,0.0,0.0
DOCK11,0.0,0.0,0.0,0.0,0.0,0.0,0.3762196,0.0,0.0,0.0,0.0,0.0,0.0,0.0,0.0,0.0,0.0,0.0,0.0,0.0,0.0,0.0,0.0,0.0,0.0,0.0,0.0,0.0,0.0,0.0,0.0,0.0,0.0,0.0,0.0,0.0,0.0,0.0,0.0,0.0,0.0,0.0
IL13RA1,0.0,0.0,0.0,0.0,0.0,0.0,0.8378116,0.0,0.0,0.0,0.0,0.0,0.0,0.0,0.0,0.0,0.0,0.0,0.0,0.0,0.0,0.0,0.0,0.0,0.0,0.0,0.0,0.0,0.0,0.0,0.0,0.0,0.0,0.0,0.0,0.0,0.0,0.0,0.0,0.0,0.0,0.0
PGRMC1,0.0,0.0,0.0,0.0,0.0,0.0,0.0,0.0,0.0,0.0,0.0,0.0,0.0,0.0,0.0,0.0,0.0,0.39463362,0.0,0.0,0.0,0.0,0.0,0.0,0.0,0.0,0.0,0.0,0.0,0.0,0.0,0.0,0.0,0.0,0.0,0.0,0.0,0.0,0.0,0.0,0.0,0.0
SLC25A5,1.3262835,0.90542024,1.1099393,1.5873106,1.9420848,1.9464114,1.8575333,2.0545714,1.7575505,2.0645947,1.2572453,1.6025404,1.5203841,1.034102,0.77814996,1.267235,1.0357008,1.8335211,1.1270702,1.2382233,1.2789944,1.334677,1.7355316,0.6403107,1.8337307,1.9943199,1.893615,1.7458389,1.6261196,0.0,1.0479685,1.069987,0.9755477,1.0657274,1.0014977,1.1309354,1.123764,1.0606395,1.0756826,1.0793885,1.106406,1.7408102
UBE2A,0.0,0.0,0.0,0.0,0.67859936,0.54746395,0.50733024,0.51406646,0.0,0.5471599,0.0,0.68302804,0.0,0.0,0.0,0.0,0.0,0.0,0.0,0.0,0.0,0.0,0.48821607,0.0,0.45040458,0.0,0.0,0.23857552,0.0,0.0,0.0,0.0,0.0,0.0,0.0,0.0,0.0,0.0,0.0,0.0,0.0,0.5399058
SEPTIN6,1.1567551,0.0,0.0,0.0,1.177262,0.8968226,0.91434515,0.0,0.0,0.89849186,1.4190222,0.0,0.0,0.88420546,1.4796834,0.0,0.0,0.5481012,0.9429493,0.81921375,1.2153151,0.0,0.39860496,0.24504398,0.64047617,1.2856014,1.0764471,0.7715052,0.80277425,0.0,0.8565465,0.0,0.8857933,0.9819362,0.9651158,0.94438493,0.90358186,1.0392697,0.5863326,0.9163508,0.0,1.2869567
RPL39,4.121702,3.1547554,3.4594054,3.5105023,2.7661703,3.8822033,3.5154881,3.6484356,3.301188,3.8139796,3.6110735,3.2607043,3.5654325,3.8517148,3.8681154,3.7591317,3.5830069,2.7283683,4.2041807,3.0806305,3.3357139,4.0310593,3.4153037,2.1970305,3.1081204,3.4200177,3.864167,3.8820834,3.8134255,0.0,4.2169423,3.8526092,4.1858325,3.8279426,4.2707815,4.208048,4.319666,3.8545678,3.9466453,3.830565,4.036694,3.514204
UPF3B,0.0,0.0,0.0,0.0,0.0,0.0,0.0,0.0,0.0,0.4153542,0.0,0.0,0.7257168,0.0,0.0,0.0,0.0,0.0,0.0,0.0,0.0,0.0,0.0,0.0,0.14557157,0.0,0.0,0.0,0.0,0.0,0.0,0.0,0.0,0.0,0.0,0.0,0.0,0.0,0.0,0.0,0.0,0.0
RNF113A,0.0,0.0,0.0,0.0,0.0,0.0,0.0,0.0,0.0,0.0,0.0,0.0,0.0,0.0,0.0,0.0,0.0,0.0,0.0,0.0,0.0,0.0,0.0,0.0,0.21339111,0.0,0.0,0.0,0.0,0.0,0.0,0.0,0.0,0.0,0.0,0.0,0.0,0.0,0.0,0.0,0.0,0.0
NDUFA1,0.90114295,0.9897175,1.1577272,1.3182356,1.1372185,1.2325418,1.1309147,1.2531947,1.9788816,0.81770027,1.0021521,1.2382755,1.4048783,0.99554306,1.3681959,0.67493325,0.9559847,1.1346254,0.944668,1.1386232,0.9324917,0.0,1.3406013,0.96122587,1.4429911,0.0,1.2039261,1.1054957,0.859254,0.0,0.95286095,1.194777,0.9714478,1.1629179,0.8827068,0.852958,0.9177934,0.9266444,1.1572034,0.99888986,0.0,1.0935447
NKAP,0.0,0.0,0.0,0.0,0.0,0.0,0.0,0.13137402,0.0,0.18083665,0.0,0.0,0.0,0.0,0.0,0.0,0.0,0.0,0.0,0.0,0.0,0.0,0.0,0.0,0.23757933,0.0,0.0,0.0,0.0,0.0,0.0,0.0,0.0,0.0,0.0,0.0,0.0,0.0,0.0,0.0,0.0,0.0
LAMP2,0.0,0.97172,0.6898139,0.69909024,0.0,0.0,0.42200556,0.0,0.0,0.0,0.0,0.4963503,0.0,0.0,0.0,0.0,0.0,0.0,0.0,0.0,0.0,0.0,0.0,0.20959322,0.14972688,0.0,0.0,0.37969053,0.0,0.0,0.0,0.0,0.0,0.0,0.0,0.0,0.0,0.0,0.0,0.0,0.0,0.0
MCTS1,0.0,0.0,0.0,0.0,0.0,0.27226898,0.39810312,0.41394973,0.0,0.21446666,0.0,0.0,0.0,0.0,0.0,0.0,0.0,0.0,0.0,0.0,0.0,0.0,0.0,0.20910497,0.68249017,0.0,0.0,0.3056533,0.0,0.0,0.0,0.0,0.0,0.0,0.0,0.0,0.0,0.0,0.0,0.0,0.0,0.5750487
C1GALT1C1,0.0,0.0,0.0,0.0,0.0,0.0,0.0,0.0,0.0,0.0,0.0,0.0,0.0,0.0,0.0,0.0,0.0,0.0,0.0,0.0,0.0,0.0,0.0,0.0,0.16632998,0.0,0.0,0.0,0.0,0.0,0.0,0.0,0.0,0.0,0.0,0.0,0.0,0.0,0.0,0.0,0.0,0.0
THOC2,0.0,0.0,0.0,0.38924772,0.62599087,0.0,0.3832682,0.43797833,0.0,0.6028327,0.0,0.0,0.0,0.0,0.0,0.0,0.0,0.0,0.0,0.0,0.0,0.0,0.0,0.0,0.33668953,0.0,0.0,0.45312616,0.0,0.0,0.0,0.0,0.0,0.0,0.0,0.0,0.0,0.0,0.0,0.0,0.0,0.55909926
STAG2,0.0,0.0,0.0,0.48807597,0.80795616,0.0,0.53160185,0.3536518,0.0,0.49529564,0.0,0.0,0.44090223,0.0,0.8421502,0.0,0.168179,0.0,0.0,0.0,0.0,0.0,0.42445958,0.0,0.24427398,0.0,0.0,0.44610092,0.0,0.0,0.0,0.0,0.0,0.0,0.0,0.0,0.0,0.0,0.0,0.0,0.0,0.46877298
SH2D1A,0.0,0.0,0.0,0.0,0.7136073,0.0,0.0,0.0,0.0,0.0,0.0,0.0,0.0,0.0,0.0,0.0,0.0,0.0,0.0,0.0,0.0,0.0,0.0,0.0,0.0,0.0,0.0,0.0,0.0,0.0,0.0,0.0,0.0,0.9557583,0.0,0.0,0.0,0.0,1.0201745,0.0,0.0,0.0
SASH3,0.0,0.0,0.0,0.35798746,0.72418046,0.27226898,0.5467275,0.0,0.0,0.36239028,0.0,0.0,0.7257168,0.0,0.7355936,0.0,0.0,0.0,0.0,0.0,0.0,0.0,0.36915344,0.0,0.1759403,0.0,0.0,0.0,0.0,0.0,0.0,0.0,0.0,0.0,0.0,0.0,0.0,0.0,0.0,0.0,0.0,0.0
UTP14A,0.0,0.0,0.0,0.0,0.0,0.0,0.0,0.12689343,0.0,0.0,0.0,0.0,0.0,0.0,0.0,0.0,0.0,0.0,0.0,0.0,0.0,0.0,0.0,0.0,0.0,0.0,0.0,0.0,0.0,0.0,0.0,0.0,0.0,0.0,0.0,0.0,0.0,0.0,0.0,0.0,0.0,0.0
AIFM1,0.0,0.0,0.0,0.0,0.0,0.0,0.0,0.16784665,0.0,0.0,0.0,0.0,0.0,0.0,0.0,0.0,0.0,0.0,0.0,0.0,0.0,0.0,0.0,0.0,0.23451747,0.0,0.0,0.0,0.0,0.0,0.0,0.0,0.0,0.0,0.0,0.0,0.0,0.0,0.0,0.0,0.0,0.0
PHF6,0.0,0.0,0.0,0.0,0.0,0.0,0.0,0.3798495,0.0,0.18155362,0.0,0.0,0.0,0.0,0.0,0.0,0.0,0.0,0.0,0.0,0.0,0.0,0.0,0.0,0.0,0.0,0.0,0.0,0.0,0.0,0.0,0.0,0.0,0.0,0.0,0.0,0.0,0.0,0.0,0.0,0.0,0.0
HPRT1,0.0,0.0,0.0,0.0,0.63813055,0.0,0.0,0.9850151,0.0,0.25902426,0.0,0.0,0.0,0.0,0.0,0.0,0.0,0.0,0.0,0.0,0.0,0.0,0.0,0.0,0.13148819,0.0,0.0,0.4386276,0.0,0.0,0.0,0.0,0.0,0.0,0.0,0.0,0.0,0.0,0.0,0.0,0.0,0.0
SMIM10,0.0,0.0,0.0,0.0,0.0,0.0,0.0,0.5689707,0.0,0.0,0.0,0.0,0.0,0.0,0.0,0.0,0.0,0.0,0.0,0.0,0.0,0.0,0.0,0.0,0.0,0.0,0.0,0.0,0.0,0.0,0.0,0.0,0.0,0.0,0.0,0.0,0.0,0.0,0.0,0.0,0.0,0.0
RTL8C,0.0,0.0,0.0,0.0,0.0,0.0,0.0,0.1951735,0.0,0.18083665,0.0,0.0,0.0,0.0,0.0,0.0,0.0,0.0,0.0,0.0,0.0,0.0,0.0,0.0,0.0,0.0,0.0,0.0,0.0,0.0,0.0,0.0,0.0,0.0,0.0,0.0,0.0,0.0,0.0,0.0,0.0,0.0
FHL1,0.0,0.0,0.0,0.0,0.0,0.0,0.0,0.0,0.0,0.0,0.0,0.0,0.0,0.0,0.0,0.0,0.0,0.12717932,0.0,0.0,0.0,0.0,0.0,0.0,0.0,0.0,0.0,0.0,0.0,0.0,0.0,0.0,0.0,0.0,0.0,0.0,0.0,0.0,0.0,0.0,0.0,0.0
HTATSF1,0.0,0.0,0.0,0.0,0.4122007,0.0,0.2934634,0.5037278,0.0,0.18083665,0.0,0.0,0.0,0.0,0.0,0.0,0.0,0.0,0.0,0.0,0.0,0.0,0.0,0.0,0.27992752,0.0,0.0,0.3163905,0.0,0.0,0.0,0.0,0.0,0.0,0.0,0.0,0.0,0.0,0.0,0.0,0.0,0.0
ARHGEF6,0.0,0.0,0.0,0.0,0.0,0.0,0.29905957,0.0,0.0,0.0,0.0,0.0,0.0,0.0,0.0,0.0,0.0,0.0,0.0,0.0,0.0,0.0,0.0,0.0,0.0,0.0,0.0,0.0,0.0,0.0,0.0,0.0,0.0,0.0,0.0,0.0,0.0,0.0,0.0,0.0,0.0,0.0
RBMX,0.8464227,0.0,0.0,0.9012063,1.153717,0.8421878,0.7368693,1.1773067,0.0,1.4308324,0.94255817,0.0,0.0,0.9498371,1.1810663,0.0,0.6958369,0.0,0.9372347,0.0,0.9247135,0.8557676,0.0,0.16702053,0.7522319,0.0,0.0,1.1029984,0.0,0.0,0.88713515,0.0,1.0135299,1.0526814,0.94572496,0.9151393,0.94529176,0.9433717,0.64262694,0.8403492,1.1143222,0.94191754
IDS,0.8607786,0.0,0.0,0.0,0.7915354,0.5072514,0.43891594,0.0,0.0,0.23380059,1.0021521,0.6449004,0.7257168,1.2411008,1.449307,0.0,0.15499024,0.0,0.8967823,1.1867297,1.1037722,0.0,0.58851695,0.0,0.23856735,0.0,0.0,0.0,0.6405355,0.0,0.9342706,1.0601461,1.0291054,1.2014819,0.0,0.87672496,0.7430285,0.994254,1.1837331,1.1503698,1.323445,1.1988957
EOLA2,0.0,0.0,0.0,0.0,0.0,0.0,0.0,0.0,0.0,0.18083665,0.0,0.0,0.0,0.0,0.0,0.0,0.0,0.0,0.0,0.0,0.0,0.0,0.0,0.0,0.0,0.0,0.0,0.0,0.0,0.0,0.0,0.0,0.0,0.0,0.0,0.0,0.0,0.0,0.0,0.0,0.0,0.0
MTMR1,0.0,0.0,0.0,0.0,0.0,0.0,0.0,0.0,0.0,0.18155362,0.0,0.0,0.0,0.0,0.0,0.0,0.0,0.0,0.0,0.0,0.0,0.0,0.0,0.0,0.0,0.0,0.0,0.0,0.0,0.0,0.0,0.0,0.0,0.0,0.0,0.0,0.0,0.0,0.0,0.0,0.0,0.0
HMGB3,0.0,0.0,0.0,0.43197036,0.0,0.0,0.0,0.72480476,0.0,0.18155362,0.0,0.0,0.0,0.0,0.0,0.0,0.0,0.0,0.0,0.0,0.0,0.0,0.0,0.0,0.48392653,0.0,0.0,0.0,0.0,0.0,0.0,0.0,0.0,0.0,0.0,0.0,0.0,0.0,0.0,0.0,0.0,0.0
VMA21,0.0,0.0,0.0,0.5915371,0.0,0.34115425,0.41778326,0.44299987,0.0,0.18155362,0.0,0.5104259,0.0,0.0,0.0,0.0,0.0,0.0,0.0,0.0,0.0,0.0,0.17070061,0.0,0.42140996,0.0,0.0,0.4198032,0.0,0.0,0.0,0.0,0.0,0.0,0.0,0.0,0.0,0.0,0.0,0.0,0.0,0.0
CCNQ,0.0,0.0,0.0,0.0,0.0,0.0,0.0,0.0,0.0,0.18083665,0.0,0.0,0.0,0.0,0.0,0.0,0.0,0.0,0.0,0.0,0.0,0.0,0.0,0.0,0.0,0.0,0.0,0.0,0.0,0.0,0.0,0.0,0.0,0.0,0.0,0.0,0.0,0.0,0.0,0.0,0.0,0.0
BCAP31,0.0,0.0,0.48657998,0.6745079,0.7827629,0.6884801,0.66742766,0.4264631,0.0,0.4532262,0.3526248,1.0337517,0.0,0.0,1.0902166,0.0,0.0,0.6061963,0.0,0.0,0.0,0.0,0.7170775,0.29099503,0.5627082,0.0,0.0,0.73867595,0.0,0.0,0.0,0.0,0.0,0.73075914,0.0,0.0,0.0,0.0,0.0,0.0,0.0,0.8214193
IDH3G,0.0,0.0,0.0,0.0,0.4995436,0.4165121,0.5908609,0.19883715,0.0,0.0,0.0,0.68302804,0.5578004,0.0,0.0,0.0,0.0,0.0,0.0,0.0,0.0,0.0,0.5747252,0.0,0.45707923,0.0,0.0,0.0,0.0,0.0,0.0,0.0,0.0,0.0,0.0,0.0,0.0,0.0,0.0,0.0,0.0,0.5354559
SSR4,1.2397038,1.1356167,1.3010961,1.5815529,1.3174735,1.3068643,1.4513179,1.0522611,0.0,0.79287326,1.553327,1.3194139,1.4643317,1.5403796,1.2927269,1.3567384,1.849993,1.5071266,1.0101871,1.4931183,1.5614097,1.0367963,1.1883268,3.3750048,2.3143132,0.45580325,0.99275464,1.6261194,1.1078734,0.0,1.4282955,1.4530187,1.2902399,1.4093626,1.1721443,1.0753088,1.1265746,1.1306778,1.3679777,1.3584538,1.270175,2.356317
ARHGAP4,0.51613474,0.0,0.0,0.5736903,0.0,0.52941227,0.48867783,0.0,0.0,0.18155362,0.0,0.3987304,0.0,0.0,0.0,0.0,0.0,0.0,0.0,0.0,0.0,0.0,0.65939623,0.0,0.0,0.0,0.0,0.31818384,0.0,0.0,0.0,0.0,0.0,0.0,0.0,0.0,0.0,0.0,0.0,0.0,0.0,0.72352374
NAA10,0.0,0.0,0.0,0.0,0.0,0.0,0.3996023,0.3619645,0.0,0.0,0.0,0.0,0.0,0.0,0.0,0.0,0.0,0.0,0.0,0.0,0.0,0.0,0.0,0.0,0.5315845,0.0,0.0,0.0,0.0,0.0,0.0,0.0,0.0,0.0,0.0,0.0,0.0,0.0,0.0,0.0,0.0,0.0
HCFC1,0.0,0.0,0.0,0.364098,0.0,0.0,0.0,0.33730862,0.0,0.0,0.0,0.0,0.0,0.0,0.0,0.0,0.0,0.0,0.0,0.0,0.0,0.0,0.0,0.0,0.2724481,0.0,0.0,0.0,0.0,0.0,0.0,0.0,0.0,0.0,0.0,0.0,0.0,0.0,0.0,0.0,0.0,0.0
IRAK1,0.0,0.0,0.0,0.0,0.0,0.0,0.29905957,0.0,0.0,0.0,0.0,0.5046885,0.0,0.0,0.0,0.0,0.0,0.0,0.0,0.0,0.0,0.0,0.0,0.0,0.46252915,0.0,0.0,0.0,0.0,0.0,0.0,0.0,0.0,0.0,0.0,0.0,0.0,0.0,0.0,0.0,0.0,0.0
MECP2,0.0,0.0,0.0,0.0,0.40333623,0.0,0.0,0.0,0.0,0.5521189,0.0,0.0,0.0,0.0,0.0,0.0,0.0,0.0,0.0,0.0,0.0,0.0,0.0,0.0,0.0,0.0,0.0,0.0,0.0,0.0,0.0,0.0,0.0,0.0,0.0,0.0,0.0,0.0,0.0,0.0,0.0,0.0
FLNA,0.9213302,0.0,1.4066794,1.690424,1.4502516,0.0,1.0602076,0.0,0.0,0.21446666,0.48630244,1.4059621,0.0,0.0,0.0,0.7417017,0.0,1.177247,0.0,1.2761943,0.0,0.0,1.43765,0.0,0.20178393,0.0,0.0,0.60336006,0.8835839,0.9020994,0.6281016,1.2222811,0.0,0.0,0.0,0.7763729,0.0,0.5910766,0.8946789,0.0,0.0,0.0
EMD,0.7233591,0.0,0.0,0.0,0.65160215,0.5035982,0.0,0.62169814,0.0,0.4153542,0.392094,0.8840804,0.0,0.0,0.0,0.0,0.0,1.0462275,0.0,0.0,0.0,0.0,0.3870406,0.25083283,0.31600973,0.0,0.0,0.0,0.0,0.0,0.0,0.0,0.0,0.0,0.0,0.0,0.0,0.0,0.0,0.0,0.0,0.0
RPL10,4.223911,3.7237728,3.3300905,3.2653756,3.462979,4.3630905,4.02853,4.1576643,3.4427967,3.9697833,4.272408,3.641203,4.1870866,4.361161,4.437228,4.0743937,3.9330678,3.2798843,4.3998756,3.7813175,4.1008835,4.373755,3.8754673,3.0443146,3.599873,4.1734495,4.2873845,3.9471014,4.0492544,2.2410672,4.6847177,4.028078,4.5476,4.027091,4.7711387,4.6209545,4.6996927,4.4211483,4.09471,4.3366485,4.379912,4.3390837
ATP6AP1,0.0,0.9897175,0.0,0.5328929,0.0,0.34549886,0.77093077,0.0,0.0,0.0,0.0,0.7784047,0.0,0.0,0.0,0.0,0.0,0.0,0.0,0.0,0.0,0.0,0.4523769,0.3037737,0.16683619,0.0,0.0,0.26500666,0.0,0.0,0.0,0.0,0.0,0.0,0.0,0.0,0.0,0.0,0.0,0.0,0.0,0.0
GDI1,0.0,0.0,0.0,0.0,0.0,0.3139043,0.0,0.0,0.0,0.18083665,0.0,0.5073828,0.0,0.0,0.0,0.0,0.0,0.0,0.0,0.0,0.0,0.0,0.0,0.0,0.0,0.0,0.0,0.0,0.0,0.0,0.0,0.0,0.0,0.0,0.0,0.0,0.0,0.0,0.0,0.0,0.0,0.0
FAM50A,0.0,0.0,0.0,0.0,0.58812463,0.0,0.40476632,0.0,0.0,0.18083665,0.0,0.47305363,0.5578004,0.0,0.0,0.0,0.0,0.0,0.0,0.0,0.0,0.0,0.55264777,0.0,0.24836549,0.0,0.0,0.0,0.0,0.0,0.0,0.0,0.0,0.0,0.0,0.0,0.0,0.0,0.0,0.0,0.0,0.0
LAGE3,0.0,0.0,0.0,0.0,0.0,0.0,0.38319385,0.9270749,0.0,0.18083665,0.0,0.0,0.0,0.0,0.0,0.0,0.0,0.0,0.0,0.0,0.0,0.0,0.0,0.0,0.40976927,0.0,0.0,0.4734026,0.0,0.0,0.0,0.0,0.0,0.0,0.0,0.0,0.0,0.0,0.0,0.0,0.0,0.0
UBL4A,0.0,0.0,0.0,0.0,0.0,0.0,0.0,0.25976202,0.0,0.0,0.0,0.0,0.0,0.0,0.0,0.0,0.0,0.3532204,0.0,0.0,0.0,0.0,0.0,0.0,0.0,0.0,0.0,0.0,0.0,0.0,0.0,0.0,0.0,0.0,0.0,0.0,0.0,0.0,0.0,0.0,0.0,0.0
FAM3A,0.0,0.0,0.0,0.0,0.0,0.0,0.0,0.10066527,0.0,0.0,0.0,0.0,0.0,0.0,0.0,0.0,0.0,0.0,0.0,0.0,0.0,0.0,0.0,0.0,0.0,0.0,0.0,0.0,0.0,0.0,0.0,0.0,0.0,0.0,0.0,0.0,0.0,0.0,0.0,0.0,0.0,0.0
G6PD,0.0,0.0,0.0,0.0,0.3637335,0.0,0.0,0.12644519,0.0,0.0,0.0,0.0,0.0,0.0,0.0,0.0,0.0,0.0,0.0,0.0,0.0,0.0,0.0,0.0,0.17058174,0.0,0.0,0.0,0.0,0.0,0.0,0.0,0.0,0.0,0.0,0.0,0.0,0.0,0.0,0.0,0.0,0.0
DKC1,0.0,0.0,0.0,0.0,0.0,0.0,0.0,0.9224243,0.0,0.0,0.0,0.0,0.0,0.0,0.0,0.0,0.0,0.0,0.0,0.0,0.0,0.0,0.0,0.0,0.41196918,0.0,0.0,0.5859202,0.0,0.0,0.0,0.0,0.0,0.0,0.0,0.0,0.0,0.0,0.0,0.0,0.0,0.0
MPP1,0.0,0.0,0.0,0.0,0.0,0.0,0.3007177,0.9761772,1.2213664,0.0,0.0,0.8423759,1.1757209,0.0,0.0,0.0,0.0,1.8943999,0.0,0.0,0.0,0.0,0.48883623,0.0,0.0,0.0,0.0,0.25311404,0.0,0.0,0.0,0.0,0.0,0.0,0.0,0.0,0.0,0.0,0.0,0.0,0.0,0.0
FUNDC2,0.0,0.0,0.0,0.0,0.56165373,0.0,0.3832682,0.6226676,0.0,0.25902426,0.0,0.3987304,0.0,0.0,0.0,0.0,0.0,0.0,0.0,0.0,0.0,0.0,0.0,0.0,0.54597014,0.0,0.0,0.18645296,0.0,0.0,0.0,0.0,0.0,0.0,0.0,0.0,0.0,0.0,0.0,0.0,0.0,0.0
VBP1,0.0,0.0,0.0,0.0,0.50592464,0.0,0.3520353,0.70952,0.0,0.4532262,0.0,0.0,0.0,0.0,0.0,0.0,0.0,0.0,0.0,0.0,0.0,0.0,0.0,0.0,0.4570872,0.0,0.0,0.0,0.0,0.0,0.0,0.0,0.0,0.0,0.0,0.0,0.0,0.0,0.0,0.0,0.0,0.0
CLIC2,0.0,0.0,0.0,0.0,0.0,0.4580726,0.27371624,0.0,0.0,0.0,0.0,0.0,0.44090223,0.0,0.0,0.0,0.0,0.0,0.0,0.0,0.0,0.0,0.0,0.0,0.0,0.0,0.0,0.0,0.0,0.0,0.0,0.0,0.0,0.0,0.0,0.0,0.0,0.0,0.0,0.0,0.0,0.0
RPS4Y1,1.557602,0.0,0.0,0.0,0.0,0.0,0.0,0.0,0.0,0.0,0.0,1.2107468,0.0,0.0,1.2927269,0.0,0.0,0.0,0.0,0.0,0.0,0.0,0.0,0.0,0.0,0.0,0.0,0.0,0.0,0.0,0.0,1.6765134,0.0,1.6446683,0.0,0.0,1.971897,0.0,1.5164863,0.0,0.0,0.0
DDX3Y,0.0,0.0,0.0,0.0,0.0,0.0,0.0,0.0,0.0,0.0,0.0,0.5950968,0.0,0.0,0.0,0.0,0.0,0.0,0.0,0.0,0.0,0.0,0.0,0.0,0.0,0.0,0.0,0.0,0.0,0.0,0.0,0.0,0.0,0.0,0.0,0.0,0.0,0.0,0.0,0.0,0.0,0.0
MT-ND1,3.095444,3.517425,3.9697673,3.7411911,2.8461914,2.6475592,3.0582693,2.647356,1.585742,2.994491,2.8528986,2.9568398,3.319817,3.1124475,2.9477372,3.365656,3.5985773,1.9403629,3.1041186,2.890027,3.0741668,3.0565748,3.1257372,2.2914116,3.0514624,2.3254132,2.3671086,3.4728653,3.043343,4.317258,2.8855445,3.4527543,2.883949,3.4160495,2.5502152,2.5472264,3.0206628,2.7309332,3.4510775,2.9942408,2.904582,2.8593435
MT-ND2,2.7279463,3.979559,3.603032,3.2895956,2.5984564,1.9948033,2.592941,1.9092093,0.6997824,2.3209877,2.6613483,2.8509579,3.5886443,3.01148,2.67739,3.1498,3.4036841,2.1611006,2.7918003,2.830682,2.793819,2.847253,3.0357375,1.9994447,2.6450589,1.952461,1.609758,3.053455,2.9507275,4.189655,2.8521106,3.365386,2.9440222,3.3489494,2.5877733,2.5294356,2.9991968,2.5816023,3.3670583,2.949119,2.7989147,2.4693313
MT-CO1,4.681484,4.611591,4.950843,4.407374,4.7730694,4.389196,4.733539,4.0363407,2.2612486,4.4659653,4.3479223,4.2906847,4.542481,4.6088953,4.7184424,4.534796,4.207374,3.256137,4.540921,4.9521284,4.7377176,4.4269104,4.676607,3.6022716,4.5794215,4.0818567,4.071266,4.374819,4.59193,5.928414,4.1606326,5.0540876,4.239742,4.8612876,3.931519,3.8874593,4.39151,4.2600145,4.8693843,4.3433747,4.419484,4.535394
MT-CO2,4.554283,4.4965787,4.7249017,4.4259863,4.744347,4.0131884,4.509709,3.8648047,2.6587858,4.3678503,4.3766437,3.7424667,4.542481,4.5693417,4.165501,4.5653763,4.3032913,3.1457095,4.583041,4.8757544,4.6655746,4.4426208,4.513958,3.8370745,4.7577186,3.8258538,3.6845992,4.535882,4.456667,5.8541007,4.3552756,5.049579,4.372985,4.8236475,4.2289886,3.5091522,4.6671963,4.225894,4.81443,4.2538853,4.3238597,4.3310122
MT-ATP8,3.0594056,0.0,0.0,0.36332732,0.0,2.5118158,0.3384496,1.13811,0.0,0.85863376,1.1428969,1.1413958,2.7275865,1.034102,1.5993547,0.0,0.0,0.46168846,1.4428265,0.0,0.0,1.6157072,1.3650116,0.7740974,0.44657642,1.9410212,2.393362,0.18010396,0.5250245,1.5951915,0.0,0.9478488,0.0,1.0888528,0.0,1.1084676,0.91045076,0.0,1.0100762,1.0163338,1.2383103,0.0
MT-ATP6,3.7440414,3.9178348,4.36034,4.030904,4.2727814,3.2555203,4.023359,3.306239,0.9359434,3.6280284,4.1432633,3.2607043,3.6459043,4.09078,3.6670618,4.102159,4.064322,2.0671225,3.909299,4.4562345,4.1475916,3.8616753,3.7292857,2.8810542,4.287146,3.279111,3.1293929,4.038958,3.8705907,5.838552,3.9757347,5.120839,4.2112556,4.903097,3.8302317,3.3349884,4.291091,3.8639562,4.8846335,3.9710457,3.9384556,3.7851856
MT-CO3,4.1650014,4.091399,4.641861,4.44915,4.604864,3.8023143,4.5271306,3.741273,2.0515676,4.015624,4.378773,3.2143748,3.603861,4.4283714,3.8798048,4.3888216,4.3187103,2.787524,4.345932,4.602091,4.6995335,4.2499466,3.9862,3.0105963,4.6281867,3.2559178,3.6573462,4.5827384,4.4702806,5.539785,4.2830606,4.605602,4.322381,4.5285363,4.2137914,3.2867646,4.4526567,4.127423,4.5537677,4.0340114,4.194671,4.2366056
MT-ND3,3.8286414,3.8347752,3.905357,3.3568313,3.0209358,3.1298013,3.043529,2.4411793,1.1441916,3.6599073,3.5742924,2.5891016,3.6465278,3.6793964,3.0679507,3.45935,3.5989103,2.3642976,3.8398657,3.3880749,3.2900183,3.5090022,3.4517636,3.0592442,3.2978806,2.932959,3.037794,3.3610156,3.534186,5.16602,3.41863,4.39188,3.520903,4.2677736,3.1111162,2.6439276,4.0883417,3.2129047,4.2402644,3.332301,3.4148295,3.0205011
MT-ND4L,3.5403473,2.2040088,1.761825,1.3803536,0.7422498,2.8113666,0.98873603,1.9389483,1.5131693,2.2982945,2.0610242,2.3023858,3.626857,2.2437,2.821672,0.5733347,1.4277489,0.79785335,2.803783,1.2326424,1.1215268,2.8673227,2.1693244,2.0617423,1.261391,2.944044,2.9011354,1.2057185,2.155427,3.125474,1.3435069,2.1830401,1.1225042,2.3313205,0.89254606,2.6352935,2.3382704,1.0541407,2.0988138,2.2569935,1.9319832,0.7201239
MT-ND4,3.1842077,4.311194,4.197836,3.8182724,3.6204555,2.6175063,3.706864,2.2026622,0.8308285,2.991512,3.6196613,3.0675454,3.7394638,3.5575557,2.821672,3.7714915,3.7850206,2.2068303,3.3410397,3.8455086,3.716234,3.2018812,3.5073323,2.4864113,3.6421735,2.4580922,2.5341265,3.8227632,3.3759918,5.1710367,3.5442421,4.503964,3.7330122,4.30478,3.4840102,2.401516,3.946645,3.4252493,4.2505307,3.244969,3.4242995,3.3938897
MT-ND5,2.8622952,3.1266887,2.7558718,2.5265055,2.417429,1.9820797,2.557139,2.2549458,0.0,2.6129947,2.7146184,2.5569863,2.837273,2.7303586,2.9264681,2.3231819,2.4553747,1.3700397,2.5157409,2.5933619,2.5902658,2.4696093,2.6471467,2.5262597,3.0047936,2.0599904,1.9485719,2.4743094,2.5209174,3.7944694,2.4309027,2.9131763,2.3041346,2.8172634,2.0083141,2.1768084,2.466216,2.2675288,2.7519722,2.6392016,2.7374399,2.307352
MT-ND6,0.98554105,0.0,0.0,0.0,0.0,0.5955348,0.0,0.14823925,0.0,1.1977708,0.0,0.95204604,0.91374826,0.0,1.4930514,0.0,0.0,0.0,0.5247619,0.0,0.0,0.0,0.0,0.60270894,0.8451247,1.2604383,0.0,0.0,0.0,0.0,0.0,0.0,0.0,0.9361985,0.0,1.113759,0.75807905,0.0,0.0,0.8985454,0.0,0.0
MT-CYB,3.6858976,3.8855712,3.7625887,3.4604352,4.044648,3.5493944,4.0000663,3.4933887,1.5075552,3.5047374,3.979559,2.8591888,3.2587836,4.1762576,3.3355615,3.896534,3.5829458,2.2531462,3.8372629,4.175274,3.9954991,3.8628936,3.5105042,3.1787872,4.100227,3.2566402,3.3887084,3.8344114,3.9202232,5.2676163,4.044114,4.4406366,4.133276,4.2981844,3.8605766,3.3191586,4.124468,3.8578897,4.3385606,3.943257,4.087711,3.573595
